2 0.056878306878306875 0.14124503968253968 0.082010582010582 0.20808531746031747
2 0.1388888888888889 0.14211309523809523 0.08597883597883597 0.20833333333333334
2 0.22139550264550265 0.1402529761904762 0.08234126984126984 0.20461309523809523
2 0.30522486772486773 0.14149305555555555 0.08664021164021164 0.20362103174603174
2 0.3869047619047619 0.14298115079365079 0.08531746031746032 0.20362103174603174
2 0.4710648148148148 0.14397321428571427 0.08300264550264551 0.203125
2 0.5543981481481481 0.14422123015873015 0.08432539682539683 0.2041170634920635
2 0.638558201058201 0.1453373015873016 0.09126984126984126 0.20287698412698413
2 0.7217261904761905 0.1474454365079365 0.08167989417989419 0.20014880952380953
2 0.3673941798941799 0.3991815476190476 0.083994708994709 0.20114087301587302
2 0.5393518518518519 0.3978174603174603 0.08068783068783068 0.20436507936507936
2 0.45882936507936506 0.39893353174603174 0.07837301587301587 0.20064484126984128
2 0.6188822751322751 0.40066964285714285 0.0796957671957672 0.20163690476190477
2 0.7000661375661376 0.4007936507936508 0.08267195767195767 0.20287698412698413
2 0.7835648148148148 0.4007936507936508 0.09027777777777778 0.20535714285714285
2 0.8667328042328042 0.4020337301587302 0.08994708994708994 0.20684523809523808
2 0.951058201058201 0.4020337301587302 0.08597883597883597 0.2058531746031746
2 0.8053902116402116 0.14719742063492064 0.08564814814814815 0.20014880952380953
2 0.8900462962962963 0.1498015873015873 0.08630952380952381 0.1974206349206349
2 0.9634589947089947 0.14967757936507936 0.0625 0.19618055555555555
2 0.061342592592592594 0.6356646825396826 0.11342592592592593 0.21825396825396826
2 0.1734457671957672 0.6307043650793651 0.1087962962962963 0.20833333333333334
2 0.06167328042328042 0.8841765873015873 0.11078042328042328 0.21428571428571427
2 0.20072751322751323 0.8859126984126984 0.1421957671957672 0.2113095238095238
2 0.3505291005291005 0.8798363095238095 0.14682539682539683 0.23239087301587302
2 0.4932208994708995 0.8773561507936508 0.1359126984126984 0.2234623015873016
2 0.6369047619047619 0.8826884920634921 0.14351851851851852 0.22470238095238096
2 0.783234126984127 0.8846726190476191 0.14384920634920634 0.22569444444444445
2 0.9265873015873016 0.8854166666666666 0.14087301587301587 0.22321428571428573
