6 0.07043650793650794 0.8247767857142857 0.056878306878306875 0.16790674603174602
6 0.12781084656084657 0.816344246031746 0.0625 0.22891865079365079
6 0.19345238095238096 0.8103918650793651 0.08267195767195767 0.2418154761904762
6 0.35912698412698413 0.8080357142857143 0.08531746031746032 0.24801587301587302
6 0.4330357142857143 0.8058035714285714 0.08498677248677249 0.24206349206349206
6 0.50380291005291 0.7994791666666666 0.07308201058201058 0.24131944444444445
6 0.6613756613756614 0.8048115079365079 0.0958994708994709 0.24206349206349206
6 0.7389219576719577 0.8044394841269841 0.09093915343915344 0.24875992063492064
6 0.8197751322751323 0.8054315476190477 0.08333333333333333 0.24925595238095238
6 0.8874007936507936 0.8015873015873016 0.08101851851851852 0.24801587301587302
6 0.3784722222222222 0.4446924603174603 0.09556878306878307 0.20634920634920634
6 0.4669312169312169 0.44828869047619047 0.08267195767195767 0.1956845238095238
6 0.14831349206349206 0.17683531746031747 0.04861111111111111 0.12698412698412698
6 0.20386904761904762 0.16108630952380953 0.07903439153439154 0.16393849206349206
6 0.2814153439153439 0.1583581349206349 0.07208994708994709 0.1579861111111111
6 0.3559854497354497 0.15637400793650794 0.07837301587301587 0.15252976190476192
6 0.429728835978836 0.1527777777777778 0.07837301587301587 0.15674603174603174
6 0.5046296296296297 0.15203373015873015 0.08002645502645503 0.15674603174603174
6 0.5734126984126984 0.14893353174603174 0.07671957671957672 0.15252976190476192
5 0.061507936507936505 0.16604662698412698 0.07142857142857142 0.15500992063492064
5 0.02976190476190476 0.4517609126984127 0.056878306878306875 0.20610119047619047
5 0.08895502645502645 0.44828869047619047 0.07671957671957672 0.20709325396825398
5 0.17212301587301587 0.44742063492063494 0.08697089947089948 0.2088293650793651
5 0.29894179894179895 0.4568452380952381 0.07804232804232804 0.18551587301587302
5 0.5787037037037037 0.4340277777777778 0.10119047619047619 0.2222222222222222
5 0.7116402116402116 0.43725198412698413 0.09391534391534391 0.20982142857142858
6 0.8285383597883598 0.45275297619047616 0.103505291005291 0.17733134920634921
6 0.9598214285714286 0.4507688492063492 0.07175925925925926 0.17782738095238096
5 0.8249007936507936 0.14397321428571427 0.08432539682539683 0.14112103174603174
5 0.904431216931217 0.1345486111111111 0.09060846560846561 0.15600198412698413
