6 0.09060846560846561 0.9203869047619048 0.06746031746031746 0.1314484126984127
6 0.14947089947089948 0.9232390873015873 0.06349206349206349 0.13764880952380953
6 0.25727513227513227 0.9232390873015873 0.05886243386243386 0.13368055555555555
6 0.4183201058201058 0.9299355158730159 0.07605820105820106 0.12921626984126985
6 0.5124007936507936 0.9334077380952381 0.05853174603174603 0.1148313492063492
6 0.5777116402116402 0.9327876984126984 0.06944444444444445 0.12301587301587301
6 0.6965939153439153 0.9320436507936508 0.07506613756613757 0.12748015873015872
6 0.7670304232804233 0.9341517857142857 0.07572751322751323 0.12227182539682539
6 0.84755291005291 0.9311755952380952 0.0787037037037037 0.11780753968253968
6 0.9406415343915344 0.9129464285714286 0.06316137566137567 0.13740079365079366
6 0.9426256613756614 0.7416914682539683 0.060515873015873016 0.13368055555555555
6 0.9490740740740741 0.5539434523809523 0.07341269841269842 0.16592261904761904
5 0.41418650793650796 0.7419394841269841 0.059854497354497355 0.12723214285714285
5 0.4859457671957672 0.7570684523809523 0.06911375661375661 0.13814484126984128
5 0.5572089947089947 0.7583085317460317 0.06812169312169312 0.13864087301587302
5 0.6160714285714286 0.7575644841269841 0.05489417989417989 0.14211309523809523
5 0.6779100529100529 0.753844246031746 0.06613756613756613 0.140625
5 0.7405753968253969 0.7568204365079365 0.06580687830687831 0.14012896825396826
5 0.8048941798941799 0.759796626984127 0.061507936507936505 0.13467261904761904
5 0.857473544973545 0.5653521825396826 0.07473544973544974 0.1396329365079365
5 0.7974537037037037 0.5618799603174603 0.060515873015873016 0.13219246031746032
5 0.7356150793650794 0.5616319444444444 0.060515873015873016 0.13169642857142858
5 0.6689814814814815 0.5668402777777778 0.0787037037037037 0.13368055555555555
5 0.597718253968254 0.5669642857142857 0.07705026455026455 0.13541666666666666
5 0.5302579365079365 0.564484126984127 0.06646825396825397 0.12996031746031747
5 0.4644510582010582 0.5677083333333334 0.07506613756613757 0.13045634920634921
5 0.38822751322751325 0.5691964285714286 0.07275132275132275 0.13392857142857142
5 0.9537037037037037 0.3366815476190476 0.06481481481481481 0.1932043650793651
5 0.8923611111111112 0.35974702380952384 0.08697089947089948 0.1470734126984127
5 0.8082010582010583 0.35987103174603174 0.07936507936507936 0.1423611111111111
5 0.7367724867724867 0.3629712301587302 0.06944444444444445 0.14112103174603174
5 0.6641865079365079 0.3658234126984127 0.07374338624338625 0.13690476190476192
5 0.5833333333333334 0.36594742063492064 0.0787037037037037 0.13864087301587302
5 0.5162037037037037 0.36507936507936506 0.06812169312169312 0.1359126984126984
5 0.4451058201058201 0.36569940476190477 0.06547619047619048 0.14112103174603174
5 0.3587962962962963 0.3834325396825397 0.08267195767195767 0.10615079365079365
5 0.9553571428571429 0.09771825396825397 0.07076719576719577 0.1840277777777778
