4 0.1023478835978836 0.21068948412698413 0.0796957671957672 0.1892361111111111
4 0.09011243386243387 0.39732142857142855 0.09292328042328042 0.19692460317460317
4 0.19576719576719576 0.4000496031746032 0.09788359788359788 0.19791666666666666
4 0.20436507936507936 0.21180555555555555 0.08928571428571429 0.19047619047619047
4 0.30522486772486773 0.21044146825396826 0.09060846560846561 0.18774801587301587
4 0.29976851851851855 0.39967757936507936 0.09424603174603174 0.18973214285714285
4 0.4039351851851852 0.2074652777777778 0.09490740740740741 0.1817956349206349
4 0.40327380952380953 0.3978174603174603 0.10085978835978836 0.19345238095238096
4 0.09573412698412699 0.6569940476190477 0.1001984126984127 0.18799603174603174
4 0.08382936507936507 0.8704117063492064 0.10085978835978836 0.22743055555555555
4 0.19725529100529102 0.8706597222222222 0.09821428571428571 0.22891865079365079
4 0.310515873015873 0.8716517857142857 0.10515873015873016 0.2279265873015873
4 0.42311507936507936 0.8699156746031746 0.11210317460317461 0.22594246031746032
4 0.3136574074074074 0.65625 0.10284391534391535 0.18948412698412698
4 0.42063492063492064 0.6568700396825397 0.10846560846560846 0.19072420634920634
4 0.6195436507936508 0.8441220238095238 0.14781746031746032 0.267609126984127
4 0.7572751322751323 0.8433779761904762 0.15476190476190477 0.2760416666666667
4 0.9019510582010583 0.8469742063492064 0.16170634920634921 0.27529761904761907
4 0.5219907407407407 0.41021825396825395 0.105489417989418 0.17311507936507936
4 0.6501322751322751 0.40612599206349204 0.10912698412698413 0.17782738095238096
4 0.7662037037037037 0.40228174603174605 0.12037037037037036 0.1810515873015873
4 0.8855820105820106 0.3967013888888889 0.12566137566137567 0.1922123015873016
4 0.8306878306878307 0.2400793650793651 0.10582010582010581 0.12946428571428573
4 0.9584986772486772 0.22209821428571427 0.07771164021164022 0.1654265873015873
