5 0.053075396825396824 0.529265873015873 0.07175925925925926 0.2371031746031746
5 0.12516534391534392 0.5358382936507936 0.10681216931216932 0.2472718253968254
5 0.226521164021164 0.5657242063492064 0.09060846560846561 0.19246031746031747
5 0.3187830687830688 0.5597718253968254 0.09391534391534391 0.19791666666666666
5 0.41220238095238093 0.5611359126984127 0.09358465608465609 0.1966765873015873
5 0.5062830687830688 0.5638640873015873 0.09259259259259259 0.20064484126984128
5 0.6001984126984127 0.5631200396825397 0.08796296296296297 0.19518849206349206
5 0.6909722222222222 0.5631200396825397 0.0916005291005291 0.1956845238095238
5 0.7825727513227513 0.5639880952380952 0.0916005291005291 0.19345238095238096
5 0.8801256613756614 0.5642361111111112 0.09556878306878307 0.19791666666666666
5 0.034722222222222224 0.23177083333333334 0.0667989417989418 0.2839781746031746
5 0.12549603174603174 0.24169146825396826 0.1087962962962963 0.2666170634920635
5 0.2569444444444444 0.23251488095238096 0.12632275132275134 0.2854662698412698
5 0.41005291005291006 0.24516369047619047 0.10714285714285714 0.2666170634920635
5 0.5300925925925926 0.2378472222222222 0.12169312169312169 0.283234126984127
5 0.6597222222222222 0.2564484126984127 0.11441798941798942 0.24702380952380953
5 0.7900132275132276 0.2535962301587302 0.10052910052910052 0.2527281746031746
5 0.9098875661375662 0.24342757936507936 0.13988095238095238 0.28000992063492064
5 0.06746031746031746 0.7874503968253969 0.09457671957671958 0.1939484126984127
5 0.14864417989417988 0.7924107142857143 0.07506613756613757 0.19791666666666666
5 0.22569444444444445 0.8234126984126984 0.0882936507936508 0.17906746031746032
5 0.3146494708994709 0.8224206349206349 0.09093915343915344 0.17857142857142858
5 0.4037698412698413 0.8198164682539683 0.08465608465608465 0.18328373015873015
5 0.4915674603174603 0.8240327380952381 0.08432539682539683 0.18377976190476192
5 0.5787037037037037 0.8299851190476191 0.09060846560846561 0.1728670634920635
5 0.6708002645502645 0.8308531746031746 0.08630952380952381 0.17113095238095238
5 0.7599206349206349 0.8311011904761905 0.07936507936507936 0.1661706349206349
5 0.8497023809523809 0.832093253968254 0.0916005291005291 0.17212301587301587
5 0.9479166666666666 0.8084077380952381 0.08300264550264551 0.21800595238095238
