2 0.18485449735449735 0.203125 0.12632275132275134 0.27628968253968256
2 0.3014219576719577 0.2136656746031746 0.08101851851851852 0.2517361111111111
2 0.37880291005291006 0.20771329365079366 0.08763227513227513 0.26612103174603174
2 0.4722222222222222 0.1956845238095238 0.10648148148148148 0.28720238095238093
2 0.605489417989418 0.19990079365079366 0.10317460317460317 0.2748015873015873
2 0.7387566137566137 0.2082093253968254 0.09391534391534391 0.25223214285714285
2 0.83994708994709 0.20126488095238096 0.10846560846560846 0.26165674603174605
2 0.14732142857142858 0.5076884920634921 0.13260582010582012 0.2544642857142857
2 0.2888558201058201 0.5281498015873016 0.15244708994708994 0.23635912698412698
2 0.4877645502645503 0.5128968253968254 0.14351851851851852 0.2638888888888889
2 0.6658399470899471 0.49404761904761907 0.13855820105820105 0.2390873015873016
2 0.8806216931216931 0.5173611111111112 0.1455026455026455 0.279265873015873
2 0.9221230158730159 0.8253968253968254 0.12400793650793651 0.27033730158730157
2 0.794973544973545 0.7864583333333334 0.09259259259259259 0.18948412698412698
2 0.6817129629629629 0.7903025793650794 0.13260582010582012 0.20362103174603174
2 0.49189814814814814 0.8231646825396826 0.14384920634920634 0.25744047619047616
2 0.32423941798941797 0.7787698412698413 0.12334656084656084 0.1800595238095238
