5 0.06779100529100529 0.3777281746031746 0.09722222222222222 0.23561507936507936
5 0.16947751322751323 0.3814484126984127 0.1173941798941799 0.23958333333333334
5 0.28505291005291006 0.3784722222222222 0.09722222222222222 0.22123015873015872
5 0.3611111111111111 0.3819444444444444 0.057539682539682536 0.2222222222222222
5 0.4861111111111111 0.3959573412698413 0.08134920634920635 0.2333829365079365
5 0.5924272486772487 0.40327380952380953 0.12334656084656084 0.2078373015873016
5 0.7691798941798942 0.40153769841269843 0.12566137566137567 0.2197420634920635
5 0.888558201058201 0.40637400793650796 0.1349206349206349 0.21850198412698413
5 0.12863756613756613 0.7027529761904762 0.1283068783068783 0.26066468253968256
5 0.25727513227513227 0.7006448412698413 0.11177248677248677 0.25992063492063494
5 0.3697089947089947 0.7094494047619048 0.10912698412698413 0.26612103174603174
5 0.4871031746031746 0.7145337301587301 0.12367724867724868 0.25496031746031744
5 0.6040013227513228 0.7201140873015873 0.1207010582010582 0.27058531746031744
5 0.7412367724867724 0.7186259920634921 0.13392857142857142 0.25768849206349204
5 0.8667328042328042 0.7176339285714286 0.14616402116402116 0.24677579365079366
