1 0.15327380952380953 0.2874503968253968 0.14914021164021163 0.2326388888888889
1 0.29910714285714285 0.29476686507936506 0.13260582010582012 0.21800595238095238
1 0.4264219576719577 0.2984871031746032 0.12533068783068782 0.20560515873015872
1 0.5401785714285714 0.3005952380952381 0.10813492063492064 0.1949404761904762
1 0.638558201058201 0.3020833333333333 0.08664021164021164 0.1865079365079365
1 0.7301587301587301 0.3089037698412698 0.09656084656084656 0.17584325396825398
1 0.816468253968254 0.3081597222222222 0.07605820105820106 0.16741071428571427
1 0.8958333333333334 0.3090277777777778 0.08465608465608465 0.16468253968253968
1 0.9606481481481481 0.3111359126984127 0.046296296296296294 0.15500992063492064
1 0.18700396825396826 0.5639880952380952 0.14583333333333334 0.21825396825396826
1 0.32490079365079366 0.5531994047619048 0.12797619047619047 0.20709325396825398
1 0.5413359788359788 0.5376984126984127 0.09060846560846561 0.15327380952380953
1 0.6314484126984127 0.5266617063492064 0.08895502645502645 0.1708829365079365
1 0.7210648148148148 0.5193452380952381 0.07771164021164022 0.17063492063492064
1 0.4406415343915344 0.5363343253968254 0.10615079365079365 0.19171626984126985
1 0.8025793650793651 0.5068204365079365 0.08267195767195767 0.15649801587301587
1 0.9036044973544973 0.4975198412698413 0.09358465608465609 0.14781746031746032
1 0.7151124338624338 0.7003968253968254 0.10085978835978836 0.1423611111111111
1 0.607473544973545 0.7220982142857143 0.10515873015873016 0.1535218253968254
1 0.3556547619047619 0.7872023809523809 0.1259920634920635 0.11904761904761904
1 0.46081349206349204 0.7141617063492064 0.09953703703703703 0.109375
1 0.20717592592592593 0.808531746031746 0.16236772486772486 0.12152777777777778
