5 0.08101851851851852 0.16319444444444445 0.08928571428571429 0.19246031746031747
5 0.036044973544973546 0.3929811507936508 0.07142857142857142 0.17584325396825398
5 0.10863095238095238 0.3931051587301587 0.08763227513227513 0.17559523809523808
5 0.05654761904761905 0.6159474206349206 0.0787037037037037 0.16046626984126985
5 0.13128306878306878 0.6184275793650794 0.07804232804232804 0.15997023809523808
5 0.2542989417989418 0.8546626984126984 0.07539682539682539 0.14087301587301587
5 0.32043650793650796 0.8568948412698413 0.07407407407407407 0.13392857142857142
5 0.38773148148148145 0.8531746031746031 0.06448412698412699 0.13095238095238096
5 0.45023148148148145 0.8515625 0.06514550264550265 0.1341765873015873
5 0.513723544973545 0.8506944444444444 0.06316137566137567 0.13095238095238096
5 0.5768849206349206 0.8511904761904762 0.0625 0.1359126984126984
5 0.6408730158730159 0.8515625 0.06415343915343916 0.13516865079365079
5 0.7022156084656085 0.8484623015873016 0.060515873015873016 0.13293650793650794
5 0.7614087301587301 0.8505704365079365 0.06117724867724868 0.13764880952380953
5 0.8229166666666666 0.8474702380952381 0.06183862433862434 0.1314484126984127
5 0.8865740740740741 0.8487103174603174 0.07208994708994709 0.13740079365079366
5 0.9515542328042328 0.8464781746031746 0.06382275132275132 0.1378968253968254
5 0.24503968253968253 0.6795634920634921 0.07605820105820106 0.14583333333333334
5 0.31183862433862436 0.6780753968253969 0.0701058201058201 0.14682539682539683
5 0.3783068783068783 0.6788194444444444 0.06878306878306878 0.14732142857142858
5 0.44328703703703703 0.6765873015873016 0.06448412698412699 0.1433531746031746
5 0.5092592592592593 0.6759672619047619 0.06613756613756613 0.14608134920634921
5 0.5755621693121693 0.6755952380952381 0.06514550264550265 0.14682539682539683
5 0.6383928571428571 0.673859126984127 0.06316137566137567 0.14682539682539683
5 0.701223544973545 0.6731150793650794 0.06448412698412699 0.1433531746031746
5 0.7671957671957672 0.6731150793650794 0.06746031746031746 0.14434523809523808
5 0.8331679894179894 0.6728670634920635 0.06779100529100529 0.14384920634920634
5 0.8993055555555556 0.6733630952380952 0.0710978835978836 0.14583333333333334
5 0.9618055555555556 0.671875 0.05720899470899471 0.14136904761904762
5 0.2220568783068783 0.4877232142857143 0.08498677248677249 0.16790674603174602
5 0.29480820105820105 0.48735119047619047 0.08035714285714286 0.16567460317460317
5 0.365244708994709 0.48623511904761907 0.07705026455026455 0.16344246031746032
5 0.5092592592592593 0.4830109126984127 0.06878306878306878 0.16046626984126985
5 0.578042328042328 0.4868551587301587 0.06746031746031746 0.16170634920634921
5 0.6471560846560847 0.4849950396825397 0.06944444444444445 0.16493055555555555
5 0.7144510582010583 0.48325892857142855 0.06977513227513228 0.16641865079365079
5 0.7807539682539683 0.48226686507936506 0.06547619047619048 0.16641865079365079
5 0.8470568783068783 0.4833829365079365 0.07175925925925926 0.16666666666666666
5 0.9049272486772487 0.4791666666666667 0.05125661375661376 0.15773809523809523
5 0.044642857142857144 0.8180803571428571 0.06018518518518518 0.1440972222222222
5 0.10085978835978836 0.8294890873015873 0.07473544973544974 0.14310515873015872
5 0.1693121693121693 0.8296130952380952 0.07605820105820106 0.14285714285714285
6 0.207010582010582 0.27033730158730157 0.08134920634920635 0.18700396825396826
6 0.2786044973544973 0.27232142857142855 0.08234126984126984 0.19047619047619047
6 0.351521164021164 0.2734375 0.07738095238095238 0.1902281746031746
6 0.423776455026455 0.2741815476190476 0.08035714285714286 0.18675595238095238
6 0.4975198412698413 0.27318948412698413 0.07705026455026455 0.18824404761904762
6 0.5715939153439153 0.2741815476190476 0.07837301587301587 0.18526785714285715
6 0.6479828042328042 0.27318948412698413 0.07506613756613757 0.18427579365079366
6 0.7184193121693122 0.27467757936507936 0.0744047619047619 0.1857638888888889
6 0.7911706349206349 0.2717013888888889 0.07837301587301587 0.18030753968253968
6 0.8654100529100529 0.2720734126984127 0.07738095238095238 0.1810515873015873
6 0.9416335978835979 0.27306547619047616 0.08234126984126984 0.1865079365079365
