2 0.05406746031746032 0.18055555555555555 0.10085978835978836 0.32242063492063494
2 0.16236772486772486 0.18328373015873015 0.14682539682539683 0.32837301587301587
2 0.29298941798941797 0.18452380952380953 0.14417989417989419 0.3253968253968254
2 0.4191468253968254 0.18328373015873015 0.13657407407407407 0.3273809523809524
2 0.542989417989418 0.18328373015873015 0.13095238095238096 0.32341269841269843
2 0.667989417989418 0.18167162698412698 0.12764550264550265 0.3167162698412698
2 0.7809193121693122 0.18663194444444445 0.11276455026455026 0.3097718253968254
2 0.9029431216931217 0.1814236111111111 0.13194444444444445 0.3162202380952381
2 0.08697089947089948 0.5963541666666666 0.13227513227513227 0.18973214285714285
2 0.2027116402116402 0.5938740079365079 0.11838624338624339 0.19717261904761904
2 0.3212632275132275 0.5432787698412699 0.11541005291005291 0.2805059523809524
2 0.4254298941798942 0.543030753968254 0.11144179894179894 0.27554563492063494
2 0.533068783068783 0.5384424603174603 0.10648148148148148 0.2718253968253968
2 0.6395502645502645 0.5396825396825397 0.10714285714285714 0.2743055555555556
2 0.746031746031746 0.5372023809523809 0.1078042328042328 0.27380952380952384
2 0.8553240740740741 0.5348462301587301 0.10218253968253968 0.2681051587301587
2 0.9537037037037037 0.5334821428571429 0.08465608465608465 0.27529761904761907
2 0.04265873015873016 0.8692956349206349 0.08002645502645503 0.22817460317460317
2 0.12896825396825398 0.8655753968253969 0.11574074074074074 0.2261904761904762
2 0.23445767195767195 0.8650793650793651 0.10648148148148148 0.22817460317460317
2 0.3373015873015873 0.8594990079365079 0.10978835978835978 0.2333829365079365
2 0.43816137566137564 0.8549107142857143 0.11044973544973545 0.23462301587301587
2 0.5411706349206349 0.8497023809523809 0.10615079365079365 0.23561507936507936
2 0.642691798941799 0.8453621031746031 0.09755291005291006 0.23189484126984128
2 0.7422288359788359 0.8407738095238095 0.09623015873015874 0.22817460317460317
2 0.8376322751322751 0.8338293650793651 0.09457671957671958 0.22569444444444445
2 0.9348544973544973 0.8328373015873016 0.09457671957671958 0.2286706349206349
