2 0.41534391534391535 0.8275049603174603 0.20238095238095238 0.2472718253968254
2 0.6099537037037037 0.8268849206349206 0.19940476190476192 0.24156746031746032
2 0.8258928571428571 0.830109126984127 0.20932539682539683 0.2400793650793651
2 0.8629298941798942 0.49689980158730157 0.10615079365079365 0.20808531746031747
2 0.7605820105820106 0.49603174603174605 0.09722222222222222 0.21428571428571427
2 0.6541005291005291 0.49702380952380953 0.10185185185185185 0.21081349206349206
2 0.5524140211640212 0.4913194444444444 0.09358465608465609 0.1939484126984127
2 0.45849867724867727 0.49206349206349204 0.09623015873015874 0.19593253968253968
2 0.26802248677248675 0.48251488095238093 0.10416666666666667 0.19618055555555555
2 0.36408730158730157 0.4771825396825397 0.09259259259259259 0.1810515873015873
2 0.1455026455026455 0.4835069444444444 0.11243386243386243 0.19717261904761904
2 0.05042989417989418 0.48586309523809523 0.08961640211640212 0.19295634920634921
2 0.03257275132275132 0.26078869047619047 0.06382275132275132 0.15947420634920634
2 0.1087962962962963 0.26537698412698413 0.09193121693121693 0.15128968253968253
2 0.23726851851851852 0.2619047619047619 0.08697089947089948 0.15922619047619047
2 0.3048941798941799 0.27232142857142855 0.05886243386243386 0.14087301587301587
2 0.37433862433862436 0.2741815476190476 0.07738095238095238 0.13864087301587302
2 0.4373346560846561 0.2750496031746032 0.044642857142857144 0.14037698412698413
2 0.5033068783068783 0.26413690476190477 0.08333333333333333 0.15773809523809523
2 0.593584656084656 0.27046130952380953 0.06283068783068783 0.14608134920634921
2 0.6764219576719577 0.24640376984126985 0.09623015873015874 0.19419642857142858
2 0.7493386243386243 0.25595238095238093 0.06084656084656084 0.17162698412698413
