4 0.07539682539682539 0.1545138888888889 0.09854497354497355 0.1974206349206349
4 0.17410714285714285 0.15687003968253968 0.09953703703703703 0.18774801587301587
4 0.27116402116402116 0.15562996031746032 0.10185185185185185 0.19270833333333334
4 0.07919973544973545 0.341765873015873 0.1001984126984127 0.1865079365079365
4 0.1767526455026455 0.34151785714285715 0.105489417989418 0.18948412698412698
4 0.2736441798941799 0.3421378968253968 0.10218253968253968 0.1857638888888889
4 0.36755952380952384 0.15786210317460317 0.09424603174603174 0.18675595238095238
4 0.3698743386243386 0.34350198412698413 0.09424603174603174 0.18303571428571427
4 0.4599867724867725 0.34188988095238093 0.09722222222222222 0.1892361111111111
4 0.45849867724867727 0.15029761904761904 0.10085978835978836 0.19444444444444445
4 0.5577050264550265 0.14781746031746032 0.10152116402116403 0.19642857142857142
4 0.5578703703703703 0.3401537698412698 0.10317460317460317 0.1892361111111111
4 0.6552579365079365 0.14558531746031747 0.10284391534391535 0.19047619047619047
4 0.7567791005291006 0.14682539682539683 0.10482804232804233 0.18998015873015872
4 0.65625 0.34064980158730157 0.09887566137566138 0.1847718253968254
4 0.7576058201058201 0.337921626984127 0.10317460317460317 0.19122023809523808
4 0.8568121693121693 0.14794146825396826 0.10846560846560846 0.18675595238095238
4 0.8607804232804233 0.3401537698412698 0.10912698412698413 0.1847718253968254
4 0.9540343915343915 0.14298115079365079 0.08597883597883597 0.1892361111111111
4 0.9543650793650794 0.33816964285714285 0.08531746031746032 0.1847718253968254
4 0.05787037037037037 0.6214037698412699 0.1130952380952381 0.22991071428571427
4 0.1648478835978836 0.619171626984127 0.11276455026455026 0.22544642857142858
4 0.38955026455026454 0.6233878968253969 0.1111111111111111 0.2333829365079365
4 0.27662037037037035 0.6240079365079365 0.11078042328042328 0.23561507936507936
4 0.500165343915344 0.6228918650793651 0.11210317460317461 0.234375
4 0.6130952380952381 0.6271081349206349 0.1164021164021164 0.2418154761904762
4 0.7268518518518519 0.6263640873015873 0.11772486772486772 0.23883928571428573
4 0.8315145502645502 0.6429811507936508 0.09358465608465609 0.19816468253968253
4 0.9343584656084656 0.6586061507936508 0.11607142857142858 0.21651785714285715
4 0.06531084656084656 0.8470982142857143 0.11342592592592593 0.20907738095238096
4 0.17046957671957672 0.8518105158730159 0.10615079365079365 0.21651785714285715
4 0.2786044973544973 0.8582589285714286 0.11541005291005291 0.22544642857142858
4 0.3912037037037037 0.8562748015873016 0.10978835978835978 0.2333829365079365
4 0.5009920634920635 0.8568948412698413 0.1111111111111111 0.23313492063492064
4 0.6127645502645502 0.8640873015873016 0.11375661375661375 0.2326388888888889
4 0.8323412698412699 0.8643353174603174 0.10383597883597884 0.22767857142857142
4 0.933531746031746 0.8720238095238095 0.10714285714285714 0.21428571428571427
