4 0.09474206349206349 0.39794146825396826 0.11673280423280423 0.19469246031746032
4 0.2078373015873016 0.40811011904761907 0.10615079365079365 0.1753472222222222
4 0.3103505291005291 0.4098462301587302 0.11210317460317461 0.1708829365079365
4 0.07556216931216932 0.2517361111111111 0.09755291005291006 0.10615079365079365
4 0.45634920634920634 0.388640873015873 0.12037037037037036 0.2013888888888889
4 0.5753968253968254 0.2296626984126984 0.09854497354497355 0.1765873015873016
4 0.6676587301587301 0.23040674603174602 0.0958994708994709 0.16666666666666666
4 0.7594246031746031 0.22135416666666666 0.10945767195767196 0.16939484126984128
4 0.5768849206349206 0.4029017857142857 0.10152116402116403 0.1708829365079365
4 0.671957671957672 0.40401785714285715 0.10119047619047619 0.17212301587301587
4 0.7711640211640212 0.4000496031746032 0.1111111111111111 0.1746031746031746
4 0.953042328042328 0.3949652777777778 0.08597883597883597 0.17435515873015872
4 0.9436177248677249 0.21589781746031747 0.10152116402116403 0.15848214285714285
4 0.06398809523809523 0.8121279761904762 0.12400793650793651 0.24479166666666666
4 0.18700396825396826 0.8178323412698413 0.11937830687830688 0.24479166666666666
4 0.3158068783068783 0.8170882936507936 0.12632275132275134 0.25024801587301587
4 0.48032407407407407 0.7621527777777778 0.09027777777777778 0.1875
4 0.5978835978835979 0.638640873015873 0.10185185185185185 0.1810515873015873
4 0.6962632275132276 0.6398809523809523 0.10813492063492064 0.18501984126984128
4 0.8058862433862434 0.6396329365079365 0.11375661375661375 0.18253968253968253
4 0.906084656084656 0.6400049603174603 0.11574074074074074 0.18080357142857142
4 0.6020171957671958 0.8355654761904762 0.11210317460317461 0.2123015873015873
4 0.7093253968253969 0.8355654761904762 0.11772486772486772 0.2113095238095238
4 0.8158068783068783 0.8385416666666666 0.11970899470899471 0.2152777777777778
4 0.9224537037037037 0.8380456349206349 0.12665343915343916 0.2152777777777778
