5 0.043154761904761904 0.3427579365079365 0.07903439153439154 0.21924603174603174
5 0.19196428571428573 0.34064980158730157 0.10681216931216932 0.22594246031746032
5 0.3728505291005291 0.337921626984127 0.08035714285714286 0.22098214285714285
5 0.4576719576719577 0.35453869047619047 0.09060846560846561 0.19122023809523808
5 0.5416666666666666 0.3505704365079365 0.09986772486772487 0.19370039682539683
5 0.6793981481481481 0.3349454365079365 0.11144179894179894 0.2244543650793651
5 0.8295304232804233 0.3369295634920635 0.1207010582010582 0.21899801587301587
6 0.04943783068783069 0.7098214285714286 0.09623015873015874 0.2951388888888889
6 0.1693121693121693 0.7083333333333334 0.1164021164021164 0.29464285714285715
6 0.2986111111111111 0.7109375 0.12566137566137567 0.29092261904761907
6 0.4895833333333333 0.7033730158730159 0.1173941798941799 0.2906746031746032
6 0.6225198412698413 0.7052331349206349 0.12400793650793651 0.2978670634920635
6 0.7311507936507936 0.7061011904761905 0.1335978835978836 0.29365079365079366
6 0.8407738095238095 0.7027529761904762 0.1359126984126984 0.28695436507936506
6 0.9403108465608465 0.7013888888888888 0.11078042328042328 0.28869047619047616
