0 0.0546875 0.096484375 0.08229166666666667 0.14453125
0 0.15572916666666667 0.09375 0.07395833333333333 0.1453125
0 0.25677083333333334 0.090625 0.071875 0.1515625
0 0.328125 0.08984375 0.07291666666666667 0.153125
0 0.3953125 0.08984375 0.06979166666666667 0.153125
0 0.46197916666666666 0.089453125 0.06770833333333333 0.15703125
0 0.5302083333333333 0.0921875 0.07291666666666667 0.1546875
0 0.5979166666666667 0.091796875 0.06666666666666667 0.15546875
0 0.6640625 0.093359375 0.06770833333333333 0.15234375
0 0.7322916666666667 0.09609375 0.06875 0.146875
0 0.7984375 0.09453125 0.06979166666666667 0.153125
0 0.8630208333333333 0.09453125 0.065625 0.153125
0 0.9265625 0.09609375 0.06354166666666666 0.146875
0 0.8859375 0.328515625 0.09479166666666666 0.16015625
0 0.7947916666666667 0.35078125 0.07083333333333333 0.1265625
0 0.6302083333333334 0.327734375 0.09375 0.17578125
0 0.5385416666666667 0.327734375 0.09375 0.17421875
0 0.4484375 0.33359375 0.09479166666666666 0.1765625
0 0.353125 0.33359375 0.10208333333333333 0.175
0 0.16302083333333334 0.34609375 0.09895833333333333 0.1546875
0 0.25833333333333336 0.333984375 0.09791666666666667 0.17734375
0 0.115625 0.55078125 0.12083333333333333 0.184375
0 0.22552083333333334 0.541796875 0.109375 0.18828125
0 0.3390625 0.540234375 0.10729166666666666 0.18046875
0 0.4557291666666667 0.5390625 0.10520833333333333 0.1734375
0 0.5364583333333334 0.53125 0.08958333333333333 0.1625
0 0.6359375 0.530859375 0.103125 0.17578125
0 0.7244791666666667 0.524609375 0.08645833333333333 0.15859375
0 0.8135416666666667 0.523046875 0.08958333333333333 0.15859375
0 0.8942708333333333 0.518359375 0.08229166666666667 0.15390625
0 0.05260416666666667 0.765234375 0.096875 0.18515625
0 0.14114583333333333 0.758984375 0.103125 0.18671875
0 0.453125 0.7515625 0.09375 0.16875
0 0.5458333333333333 0.73828125 0.09791666666666667 0.1703125
0 0.6385416666666667 0.733984375 0.09791666666666667 0.17109375
0 0.7333333333333333 0.733203125 0.08958333333333333 0.16640625
0 0.8213541666666667 0.7296875 0.08645833333333333 0.165625
0 0.9395833333333333 0.9171875 0.11458333333333333 0.1578125
0 0.7302083333333333 0.928125 0.12291666666666666 0.1359375
