5 0.05886243386243386 0.09499007936507936 0.07208994708994709 0.1736111111111111
5 0.12996031746031747 0.09288194444444445 0.082010582010582 0.17237103174603174
5 0.27562830687830686 0.11941964285714286 0.0744047619047619 0.1148313492063492
5 0.3427579365079365 0.12574404761904762 0.03802910052910053 0.09623015873015874
5 0.3834325396825397 0.11607142857142858 0.06977513227513228 0.11607142857142858
5 0.4957010582010582 0.09499007936507936 0.08267195767195767 0.15327380952380953
5 0.5896164021164021 0.09362599206349206 0.07407407407407407 0.15252976190476192
6 0.6845238095238095 0.08916170634920635 0.08002645502645503 0.15699404761904762
6 0.748181216931217 0.1015625 0.060515873015873016 0.12574404761904762
6 0.5386904761904762 0.2932787698412698 0.062169312169312166 0.1396329365079365
6 0.671792328042328 0.29117063492063494 0.06845238095238096 0.13988095238095238
6 0.7404100529100529 0.27914186507936506 0.06349206349206349 0.15848214285714285
6 0.8009259259259259 0.2821180555555556 0.06349206349206349 0.1515376984126984
6 0.8568121693121693 0.283234126984127 0.051587301587301584 0.15029761904761904
6 0.9312169312169312 0.2884424603174603 0.07341269841269842 0.13740079365079366
6 0.48544973544973546 0.45597718253968256 0.062169312169312166 0.12822420634920634
6 0.5451388888888888 0.45783730158730157 0.059854497354497355 0.13045634920634921
6 0.6053240740740741 0.46589781746031744 0.05787037037037037 0.10887896825396826
6 0.677744708994709 0.4593253968253968 0.06183862433862434 0.13938492063492064
6 0.7595899470899471 0.4671378968253968 0.05357142857142857 0.11979166666666667
6 0.9113756613756614 0.4558531746031746 0.07275132275132275 0.14087301587301587
6 0.2698412698412698 0.7731894841269841 0.0582010582010582 0.09697420634920635
6 0.3192791005291005 0.7759176587301587 0.049933862433862435 0.09846230158730158
6 0.37103174603174605 0.7780257936507936 0.06018518518518518 0.10119047619047619
6 0.44312169312169314 0.753968253968254 0.056216931216931214 0.08283730158730158
5 0.028935185185185185 0.28869047619047616 0.04332010582010582 0.15873015873015872
5 0.08167989417989419 0.2880704365079365 0.07341269841269842 0.16046626984126985
5 0.1466600529100529 0.2863343253968254 0.06977513227513228 0.16046626984126985
5 0.24983465608465608 0.30443948412698413 0.07175925925925926 0.12227182539682539
5 0.38392857142857145 0.30505952380952384 0.07076719576719577 0.12103174603174603
5 0.4439484126984127 0.30319940476190477 0.06712962962962964 0.1212797619047619
5 0.04398148148148148 0.46416170634920634 0.07341269841269842 0.14558531746031747
5 0.10978835978835978 0.4646577380952381 0.07275132275132275 0.14508928571428573
5 0.17609126984126985 0.4626736111111111 0.07175925925925926 0.1470734126984127
5 0.2501653439153439 0.46999007936507936 0.05324074074074074 0.11805555555555555
5 0.030257936507936508 0.6300843253968254 0.04861111111111111 0.12872023809523808
5 0.08101851851851852 0.6307043650793651 0.06018518518518518 0.12648809523809523
5 0.1388888888888889 0.6256200396825397 0.0667989417989418 0.140625
5 0.199239417989418 0.6268601190476191 0.0625 0.13764880952380953
5 0.2708333333333333 0.628968253968254 0.06415343915343916 0.10813492063492064
5 0.3330026455026455 0.6263640873015873 0.062169312169312166 0.09598214285714286
5 0.45419973544973546 0.6228918650793651 0.060515873015873016 0.10887896825396826
5 0.5057870370370371 0.6154513888888888 0.05257936507936508 0.13219246031746032
5 0.5610119047619048 0.6078869047619048 0.05654761904761905 0.11656746031746032
5 0.6157407407407407 0.6252480158730159 0.05423280423280423 0.09573412698412699
5 0.7251984126984127 0.6189236111111112 0.05952380952380952 0.1341765873015873
5 0.8100198412698413 0.6217757936507936 0.0539021164021164 0.12549603174603174
5 0.8639219576719577 0.6144593253968254 0.050595238095238096 0.1307043650793651
5 0.03257275132275132 0.7788938492063492 0.0539021164021164 0.1277281746031746
5 0.09490740740740741 0.7682291666666666 0.052248677248677246 0.1148313492063492
5 0.14467592592592593 0.7798859126984127 0.0625 0.12475198412698413
5 0.20866402116402116 0.7795138888888888 0.061507936507936505 0.12549603174603174
5 0.5406746031746031 0.7726934523809523 0.04563492063492063 0.12227182539682539
5 0.5909391534391535 0.7650049603174603 0.052248677248677246 0.10788690476190477
5 0.6641865079365079 0.7682291666666666 0.05787037037037037 0.11334325396825397
5 0.7612433862433863 0.7776537698412699 0.06481481481481481 0.1158234126984127
5 0.8406084656084656 0.7647569444444444 0.06415343915343916 0.10838293650793651
5 0.8973214285714286 0.7626488095238095 0.05324074074074074 0.10218253968253968
5 0.049933862433862435 0.9265873015873016 0.052248677248677246 0.09275793650793651
5 0.09970238095238096 0.9167906746031746 0.05787037037037037 0.11235119047619048
5 0.15674603174603174 0.9175347222222222 0.06349206349206349 0.11284722222222222
5 0.21395502645502645 0.9162946428571429 0.06283068783068783 0.11334325396825397
5 0.26951058201058203 0.9226190476190477 0.06018518518518518 0.10218253968253968
5 0.33118386243386244 0.9079861111111112 0.0625 0.09573412698412699
5 0.5191798941798942 0.9097222222222222 0.08002645502645503 0.10119047619047619
5 0.5815145502645502 0.9071180555555556 0.050595238095238096 0.09499007936507936
5 0.6364087301587301 0.9040178571428571 0.050595238095238096 0.08978174603174603
5 0.6870039682539683 0.9143105158730159 0.0539021164021164 0.10838293650793651
5 0.7546296296296297 0.9138144841269841 0.05291005291005291 0.10739087301587301
5 0.8083664021164021 0.9143105158730159 0.055224867724867725 0.10739087301587301
5 0.8597883597883598 0.9156746031746031 0.047619047619047616 0.11160714285714286
