4 0.04183201058201058 0.2594246031746032 0.0744047619047619 0.16418650793650794
4 0.03819444444444445 0.4089781746031746 0.06448412698412699 0.16121031746031747
4 0.16898148148148148 0.42311507936507936 0.05423280423280423 0.13194444444444445
4 0.24074074074074073 0.41393849206349204 0.10251322751322751 0.15128968253968253
4 0.3404431216931217 0.41282242063492064 0.10085978835978836 0.1535218253968254
4 0.4409722222222222 0.267609126984127 0.09490740740740741 0.15029761904761904
4 0.43783068783068785 0.4156746031746032 0.08862433862433862 0.14186507936507936
4 0.5362103174603174 0.2770337301587302 0.0882936507936508 0.12202380952380952
4 0.5327380952380952 0.4133184523809524 0.09656084656084656 0.14657738095238096
4 0.6319444444444444 0.4071180555555556 0.10185185185185185 0.15600198412698413
4 0.6259920634920635 0.27356150793650796 0.08862433862433862 0.11557539682539683
4 0.7339616402116402 0.4069940476190476 0.103505291005291 0.15674603174603174
4 0.8361441798941799 0.4036458333333333 0.11210317460317461 0.15947420634920634
4 0.9408068783068783 0.3787202380952381 0.11375661375661375 0.19146825396825398
4 0.052083333333333336 0.7874503968253969 0.1001984126984127 0.23015873015873015
4 0.1650132275132275 0.7950148809523809 0.12962962962962962 0.23487103174603174
4 0.341765873015873 0.7899305555555556 0.09689153439153439 0.21726190476190477
4 0.4593253968253968 0.7962549603174603 0.11574074074074074 0.2353670634920635
4 0.5828373015873016 0.7983630952380952 0.12466931216931217 0.23958333333333334
4 0.6999007936507936 0.7977430555555556 0.1207010582010582 0.24231150793650794
4 0.8268849206349206 0.8028273809523809 0.13657407407407407 0.24057539682539683
4 0.9427910052910053 0.8070436507936508 0.10912698412698413 0.2534722222222222
