4 0.04083994708994709 0.8356894841269841 0.07837301587301587 0.2130456349206349
4 0.13855820105820105 0.8394097222222222 0.09060846560846561 0.22247023809523808
4 0.23743386243386244 0.8428819444444444 0.10582010582010581 0.22495039682539683
4 0.3460648148148148 0.8447420634920635 0.11011904761904762 0.22767857142857142
4 0.051587301587301584 0.6338045634920635 0.0958994708994709 0.18129960317460317
4 0.14715608465608465 0.6334325396825397 0.0992063492063492 0.1884920634920635
4 0.2466931216931217 0.6364087301587301 0.10714285714285714 0.1875
4 0.35102513227513227 0.6364087301587301 0.10416666666666667 0.1884920634920635
4 0.45717592592592593 0.6360367063492064 0.11144179894179894 0.1857638888888889
4 0.560515873015873 0.6391369047619048 0.10846560846560846 0.19047619047619047
4 0.4540343915343915 0.8454861111111112 0.10648148148148148 0.2261904761904762
4 0.5629960317460317 0.8449900793650794 0.11011904761904762 0.22718253968253968
4 0.6708002645502645 0.8425099206349206 0.10813492063492064 0.22420634920634921
4 0.6655092592592593 0.6383928571428571 0.10615079365079365 0.1875
4 0.7791005291005291 0.8489583333333334 0.12301587301587301 0.23313492063492064
4 0.8928571428571429 0.8519345238095238 0.1283068783068783 0.2296626984126984
4 0.7705026455026455 0.6396329365079365 0.11772486772486772 0.1909722222222222
4 0.8834325396825397 0.6407490079365079 0.12268518518518519 0.19469246031746032
4 0.0441468253968254 0.3821924603174603 0.08366402116402116 0.1974206349206349
4 0.13740079365079366 0.38330853174603174 0.09490740740740741 0.19122023809523808
4 0.23941798941798942 0.38405257936507936 0.1078042328042328 0.18973214285714285
4 0.05357142857142857 0.2003968253968254 0.09457671957671958 0.18601190476190477
4 0.15393518518518517 0.1984126984126984 0.09027777777777778 0.18303571428571427
4 0.24917328042328044 0.19692460317460317 0.09226190476190477 0.18601190476190477
4 0.34970238095238093 0.19928075396825398 0.0916005291005291 0.1847718253968254
4 0.4460978835978836 0.19816468253968253 0.09325396825396826 0.18353174603174602
4 0.34375 0.38566468253968256 0.09556878306878307 0.18501984126984128
4 0.4427910052910053 0.3869047619047619 0.09722222222222222 0.18501984126984128
4 0.5434854497354498 0.19345238095238096 0.09755291005291006 0.1939484126984127
4 0.6436838624338624 0.19407242063492064 0.09689153439153439 0.1857638888888889
4 0.7455357142857143 0.1932043650793651 0.10813492063492064 0.1840277777777778
4 0.8458994708994709 0.19407242063492064 0.10449735449735449 0.18824404761904762
4 0.9426256613756614 0.1857638888888889 0.10284391534391535 0.17857142857142858
4 0.6463293650793651 0.3855406746031746 0.10218253968253968 0.18824404761904762
4 0.7506613756613757 0.3787202380952381 0.1111111111111111 0.19940476190476192
4 0.8571428571428571 0.380828373015873 0.11044973544973545 0.1966765873015873
4 0.947255291005291 0.37958829365079366 0.09821428571428571 0.18874007936507936
4 0.5433201058201058 0.3851686507936508 0.09986772486772487 0.18898809523809523
