5 0.027083333333333334 0.47421875 0.05 0.11875
5 0.07760416666666667 0.4734375 0.05520833333333333 0.1140625
5 0.13489583333333333 0.475 0.059375 0.1140625
5 0.19635416666666666 0.471875 0.05520833333333333 0.109375
5 0.24166666666666667 0.471484375 0.03958333333333333 0.11171875
5 0.284375 0.473828125 0.05 0.10859375
5 0.3380208333333333 0.471875 0.057291666666666664 0.1078125
5 0.446875 0.4703125 0.05 0.1109375
5 0.496875 0.46953125 0.052083333333333336 0.1109375
5 0.5390625 0.47109375 0.03229166666666667 0.0984375
5 0.5723958333333333 0.471875 0.03854166666666667 0.1015625
5 0.6104166666666667 0.472265625 0.035416666666666666 0.09921875
5 0.6442708333333333 0.471875 0.036458333333333336 0.096875
5 0.041666666666666664 0.71484375 0.04375 0.0875
5 0.11302083333333333 0.712109375 0.03854166666666667 0.07890625
5 0.16614583333333333 0.716796875 0.03854166666666667 0.07578125
5 0.20572916666666666 0.7125 0.046875 0.08125
5 0.25 0.705078125 0.0375 0.08046875
5 0.2921875 0.71015625 0.040625 0.084375
5 0.3302083333333333 0.70625 0.041666666666666664 0.084375
5 0.3697916666666667 0.70703125 0.041666666666666664 0.0875
5 0.40625 0.70625 0.03958333333333333 0.0859375
5 0.4453125 0.705859375 0.036458333333333336 0.08515625
5 0.48489583333333336 0.704296875 0.040625 0.08515625
5 0.5244791666666667 0.703515625 0.03854166666666667 0.08203125
5 0.5630208333333333 0.7015625 0.040625 0.0828125
5 0.6010416666666667 0.701171875 0.041666666666666664 0.07890625
5 0.6421875 0.701171875 0.040625 0.08671875
5 0.6838541666666667 0.69609375 0.04479166666666667 0.0921875
5 0.728125 0.695703125 0.04375 0.08828125
5 0.7713541666666667 0.696875 0.046875 0.090625
5 0.8151041666666666 0.69375 0.03854166666666667 0.0875
5 0.8546875 0.69375 0.04479166666666667 0.0890625
5 0.8989583333333333 0.694140625 0.04583333333333333 0.08671875
5 0.9322916666666666 0.687890625 0.025 0.07890625
5 0.9630208333333333 0.68515625 0.036458333333333336 0.0796875
5 0.05364583333333333 0.819140625 0.04479166666666667 0.07421875
5 0.09270833333333334 0.817578125 0.04583333333333333 0.07421875
5 0.13645833333333332 0.817578125 0.04375 0.07578125
5 0.17552083333333332 0.81640625 0.042708333333333334 0.075
5 0.2557291666666667 0.8140625 0.042708333333333334 0.071875
5 0.2911458333333333 0.8140625 0.042708333333333334 0.0734375
5 0.33229166666666665 0.8125 0.03958333333333333 0.075
5 0.3703125 0.8109375 0.046875 0.075
5 0.41041666666666665 0.81015625 0.03958333333333333 0.0734375
5 0.4505208333333333 0.80859375 0.03854166666666667 0.0734375
5 0.4895833333333333 0.807421875 0.03958333333333333 0.07734375
5 0.5270833333333333 0.806640625 0.03958333333333333 0.07421875
5 0.565625 0.805078125 0.03958333333333333 0.07109375
5 0.6046875 0.805078125 0.03854166666666667 0.07109375
5 0.640625 0.803515625 0.035416666666666666 0.07265625
5 0.6880208333333333 0.9109375 0.03854166666666667 0.084375
5 0.725 0.911328125 0.035416666666666666 0.08515625
5 0.759375 0.9109375 0.03958333333333333 0.08125
5 0.7927083333333333 0.91015625 0.035416666666666666 0.0828125
5 0.8307291666666666 0.91171875 0.036458333333333336 0.084375
5 0.9682291666666667 0.90390625 0.03229166666666667 0.0796875
5 0.9348958333333334 0.903125 0.034375 0.084375
5 0.8859375 0.894140625 0.03229166666666667 0.07265625
5 0.85625 0.897265625 0.027083333333333334 0.07265625
6 0.021354166666666667 0.331640625 0.040625 0.11640625
6 0.06822916666666666 0.331640625 0.06354166666666666 0.11953125
6 0.13072916666666667 0.33359375 0.053125 0.1109375
6 0.18020833333333333 0.333203125 0.05416666666666667 0.11484375
6 0.2328125 0.32890625 0.06145833333333333 0.11875
6 0.28958333333333336 0.333984375 0.041666666666666664 0.10859375
6 0.3390625 0.3359375 0.04479166666666667 0.103125
6 0.3828125 0.333984375 0.051041666666666666 0.11015625
6 0.43125 0.33046875 0.05416666666666667 0.11875
6 0.48333333333333334 0.330859375 0.05 0.11796875
6 0.16197916666666667 0.928125 0.042708333333333334 0.0796875
6 0.20572916666666666 0.92734375 0.042708333333333334 0.0828125
6 0.2526041666666667 0.91484375 0.042708333333333334 0.0765625
6 0.29010416666666666 0.913671875 0.042708333333333334 0.07734375
6 0.32864583333333336 0.921484375 0.042708333333333334 0.08515625
6 0.37447916666666664 0.923046875 0.042708333333333334 0.09140625
6 0.4119791666666667 0.9203125 0.042708333333333334 0.08125
6 0.453125 0.91953125 0.041666666666666664 0.08125
6 0.49270833333333336 0.923046875 0.04375 0.07890625
6 0.5760416666666667 0.9140625 0.03958333333333333 0.0828125
6 0.6109375 0.910546875 0.036458333333333336 0.08203125
6 0.653125 0.912890625 0.035416666666666666 0.08046875
6 0.7901041666666667 0.7984375 0.03229166666666667 0.071875
6 0.7369791666666666 0.79296875 0.036458333333333336 0.0609375
6 0.6864583333333333 0.801953125 0.03125 0.07421875
6 0.8239583333333333 0.465625 0.04791666666666667 0.075
6 0.5276041666666667 0.58828125 0.040625 0.0828125
6 0.5677083333333334 0.589453125 0.041666666666666664 0.08359375
6 0.6098958333333333 0.58828125 0.03854166666666667 0.0765625
6 0.6484375 0.5875 0.034375 0.084375
6 0.5229166666666667 0.33046875 0.03958333333333333 0.1171875
6 0.5630208333333333 0.330078125 0.03854166666666667 0.11796875
6 0.5994791666666667 0.330078125 0.042708333333333334 0.11796875
6 0.6395833333333333 0.33125 0.03958333333333333 0.1171875
6 0.8916666666666667 0.4671875 0.04791666666666667 0.078125
6 0.9307291666666667 0.46640625 0.034375 0.078125
6 0.9604166666666667 0.4546875 0.05 0.0921875
