4 0.05191798941798942 0.1419890873015873 0.09457671957671958 0.20362103174603174
4 0.14384920634920634 0.14893353174603174 0.10912698412698413 0.1966765873015873
4 0.2478505291005291 0.1558779761904762 0.09821428571428571 0.20014880952380953
4 0.34656084656084657 0.1619543650793651 0.09325396825396826 0.1939484126984127
4 0.44031084656084657 0.16852678571428573 0.08697089947089948 0.18973214285714285
4 0.5348875661375662 0.17199900793650794 0.09556878306878307 0.19518849206349206
4 0.6241732804232805 0.17485119047619047 0.09623015873015874 0.19047619047619047
4 0.7192460317460317 0.1810515873015873 0.08862433862433862 0.19047619047619047
4 0.8062169312169312 0.1896081349206349 0.08597883597883597 0.18725198412698413
4 0.8971560846560847 0.1974206349206349 0.07936507936507936 0.1746031746031746
4 0.09540343915343916 0.4538690476190476 0.14649470899470898 0.35962301587301587
4 0.23544973544973544 0.45771329365079366 0.1421957671957672 0.3509424603174603
4 0.35813492063492064 0.44221230158730157 0.10383597883597884 0.31200396825396826
4 0.4437830687830688 0.4697420634920635 0.11441798941798942 0.30853174603174605
4 0.5828373015873016 0.46217757936507936 0.10085978835978836 0.24925595238095238
4 0.746031746031746 0.4626736111111111 0.09656084656084656 0.31274801587301587
4 0.8541666666666666 0.46416170634920634 0.10052910052910052 0.30084325396825395
4 0.9308862433862434 0.4568452380952381 0.0701058201058201 0.2802579365079365
4 0.09722222222222222 0.8449900793650794 0.14484126984126985 0.29017857142857145
4 0.23148148148148148 0.8451140873015873 0.13161375661375663 0.2943948412698413
4 0.3468915343915344 0.794890873015873 0.1078042328042328 0.26587301587301587
4 0.451223544973545 0.7869543650793651 0.103505291005291 0.25496031746031744
4 0.5681216931216931 0.8314732142857143 0.09722222222222222 0.28348214285714285
4 0.8796296296296297 0.7767857142857143 0.09060846560846561 0.24503968253968253
4 0.7276785714285714 0.7446676587301587 0.0882936507936508 0.17633928571428573
