4 0.11937830687830688 0.3803323412698413 0.10714285714285714 0.20758928571428573
4 0.23412698412698413 0.37475198412698413 0.12566137566137567 0.21924603174603174
4 0.3635912698412698 0.37202380952380953 0.1292989417989418 0.21626984126984128
4 0.48759920634920634 0.376984126984127 0.12202380952380952 0.21329365079365079
4 0.2705026455026455 0.19642857142857142 0.10846560846560846 0.16319444444444445
4 0.37996031746031744 0.22408234126984128 0.10185185185185185 0.13764880952380953
4 0.5864748677248677 0.3881448412698413 0.08961640211640212 0.18551587301587302
4 0.6803902116402116 0.3872767857142857 0.11078042328042328 0.18328373015873015
4 0.8930224867724867 0.36706349206349204 0.148478835978836 0.22023809523809523
4 0.08961640211640212 0.8333333333333334 0.1302910052910053 0.26686507936507936
4 0.23313492063492064 0.8344494047619048 0.13095238095238096 0.2646329365079365
4 0.3698743386243386 0.8355654761904762 0.1378968253968254 0.2708333333333333
4 0.5082671957671958 0.8366815476190477 0.14682539682539683 0.2740575396825397
4 0.6466600529100529 0.8363095238095238 0.148478835978836 0.2748015873015873
4 0.7868716931216931 0.8351934523809523 0.15707671957671956 0.2725694444444444
