6 0.11541005291005291 0.8792162698412699 0.1111111111111111 0.15178571428571427
6 0.21941137566137567 0.8818204365079365 0.10615079365079365 0.14756944444444445
6 0.3070436507936508 0.8449900793650794 0.08697089947089948 0.15079365079365079
6 0.40343915343915343 0.8747519841269841 0.08002645502645503 0.15674603174603174
6 0.4806547619047619 0.8715277777777778 0.08564814814814815 0.16121031746031747
6 0.5881283068783069 0.8725198412698413 0.08763227513227513 0.16121031746031747
6 0.6517857142857143 0.8381696428571429 0.06613756613756613 0.15649801587301587
6 0.8313492063492064 0.8565228174603174 0.06547619047619048 0.16641865079365079
6 0.9191468253968254 0.8448660714285714 0.07175925925925926 0.16691468253968253
6 0.9399801587301587 0.5956101190476191 0.0763888888888889 0.18874007936507936
6 0.8377976190476191 0.5873015873015873 0.08564814814814815 0.18501984126984128
6 0.7595899470899471 0.609375 0.09457671957671958 0.1884920634920635
6 0.6636904761904762 0.6134672619047619 0.09126984126984126 0.1857638888888889
6 0.5681216931216931 0.6104910714285714 0.08531746031746032 0.18030753968253968
6 0.4666005291005291 0.6075148809523809 0.08862433862433862 0.18030753968253968
6 0.37648809523809523 0.6052827380952381 0.09953703703703703 0.17584325396825398
6 0.27033730158730157 0.613343253968254 0.11011904761904762 0.1765873015873016
6 0.09308862433862433 0.6085069444444444 0.11805555555555555 0.17584325396825398
6 0.8296957671957672 0.28435019841269843 0.08333333333333333 0.22891865079365079
5 0.06398809523809523 0.2838541666666667 0.11937830687830688 0.21850198412698413
5 0.16451719576719576 0.28013392857142855 0.11011904761904762 0.21999007936507936
5 0.2488425925925926 0.2803819444444444 0.0744047619047619 0.21155753968253968
5 0.3201058201058201 0.2829861111111111 0.10383597883597884 0.22718253968253968
5 0.45618386243386244 0.275421626984127 0.09226190476190477 0.2140376984126984
5 0.5753968253968254 0.28311011904761907 0.09722222222222222 0.2269345238095238
5 0.6565806878306878 0.2818700396825397 0.07506613756613757 0.22395833333333334
5 0.7404100529100529 0.28273809523809523 0.08531746031746032 0.22718253968253968
5 0.9563492063492064 0.28509424603174605 0.07407407407407407 0.22991071428571427
5 0.1886574074074074 0.6052827380952381 0.11011904761904762 0.17683531746031747
