2 0.2542989417989418 0.22842261904761904 0.06746031746031746 0.12896825396825398
2 0.32258597883597884 0.22643849206349206 0.06514550264550265 0.13045634920634921
2 0.37334656084656087 0.22457837301587302 0.05092592592592592 0.13219246031746032
2 0.46841931216931215 0.20052083333333334 0.07837301587301587 0.18824404761904762
2 0.5333994708994709 0.20647321428571427 0.05952380952380952 0.1708829365079365
2 0.5968915343915344 0.20548115079365079 0.06283068783068783 0.171875
2 0.6674933862433863 0.19791666666666666 0.07506613756613757 0.1884920634920635
2 0.7529761904761905 0.19816468253968253 0.0787037037037037 0.1840277777777778
2 0.8268849206349206 0.20362103174603174 0.06712962962962964 0.17261904761904762
2 0.8984788359788359 0.20163690476190477 0.07275132275132275 0.1746031746031746
2 0.18468915343915343 0.3800843253968254 0.060515873015873016 0.1267361111111111
2 0.2509920634920635 0.37884424603174605 0.07605820105820106 0.13020833333333334
2 0.3239087301587302 0.3890128968253968 0.07771164021164022 0.10987103174603174
2 0.4332010582010582 0.4099702380952381 0.09259259259259259 0.17559523809523808
2 0.527281746031746 0.4104662698412698 0.09887566137566138 0.1765873015873016
2 0.6579034391534392 0.4087301587301587 0.09424603174603174 0.17708333333333334
2 0.7769510582010583 0.39992559523809523 0.08366402116402116 0.16641865079365079
2 0.919973544973545 0.4086061507936508 0.10185185185185185 0.18526785714285715
2 0.4575066137566138 0.583953373015873 0.05324074074074074 0.12078373015873016
2 0.5229828042328042 0.5962301587301587 0.08564814814814815 0.13938492063492064
2 0.656084656084656 0.6246279761904762 0.08333333333333333 0.15401785714285715
2 0.77744708994709 0.5974702380952381 0.08531746031746032 0.15029761904761904
2 0.8544973544973545 0.5939980158730159 0.06481481481481481 0.14781746031746032
2 0.9381613756613757 0.6170634920634921 0.0992063492063492 0.1701388888888889
2 0.49933862433862436 0.8415178571428571 0.11243386243386243 0.2088293650793651
2 0.8389550264550265 0.7874503968253969 0.09259259259259259 0.12896825396825398
2 0.7357804232804233 0.7563244047619048 0.06944444444444445 0.06870039682539683
2 0.6473214285714286 0.7548363095238095 0.0710978835978836 0.06473214285714286
2 0.19593253968253968 0.7693452380952381 0.105489417989418 0.07539682539682539
2 0.2847222222222222 0.7689732142857143 0.07208994708994709 0.07911706349206349
2 0.052083333333333336 0.6287202380952381 0.09424603174603174 0.14384920634920634
