5 0.03505291005291005 0.16827876984126985 0.06415343915343916 0.1505456349206349
5 0.125 0.16245039682539683 0.09193121693121693 0.1527777777777778
5 0.23644179894179895 0.17819940476190477 0.07605820105820106 0.11830357142857142
5 0.30753968253968256 0.17447916666666666 0.0787037037037037 0.12177579365079365
5 0.4001322751322751 0.18018353174603174 0.06283068783068783 0.09995039682539683
5 0.46048280423280424 0.16344246031746032 0.08101851851851852 0.13293650793650794
5 0.5558862433862434 0.1800595238095238 0.07208994708994709 0.09077380952380952
5 0.7118055555555556 0.14645337301587302 0.08564814814814815 0.1505456349206349
5 0.7784391534391535 0.14918154761904762 0.046957671957671955 0.14112103174603174
5 0.839781746031746 0.1527777777777778 0.07837301587301587 0.12896825396825398
5 0.13343253968253968 0.7189980158730159 0.08630952380952381 0.20337301587301587
5 0.21676587301587302 0.7182539682539683 0.08961640211640212 0.20684523809523808
5 0.3125 0.7126736111111112 0.07936507936507936 0.203125
5 0.392526455026455 0.7150297619047619 0.08333333333333333 0.2113095238095238
5 0.47966269841269843 0.7165178571428571 0.09358465608465609 0.21428571428571427
5 0.572255291005291 0.7177579365079365 0.09358465608465609 0.21378968253968253
5 0.7080026455026455 0.7154017857142857 0.09259259259259259 0.21453373015873015
5 0.9146825396825397 0.7188740079365079 0.10052910052910052 0.22247023809523808
6 0.028439153439153438 0.45300099206349204 0.05357142857142857 0.15004960317460317
6 0.08713624338624339 0.453125 0.07572751322751323 0.15327380952380953
6 0.16550925925925927 0.4513888888888889 0.08895502645502645 0.15476190476190477
6 0.3921957671957672 0.4505208333333333 0.083994708994709 0.15104166666666666
6 0.4748677248677249 0.44853670634920634 0.08002645502645503 0.14955357142857142
6 0.5911044973544973 0.44680059523809523 0.08300264550264551 0.15500992063492064
6 0.6997354497354498 0.4469246031746032 0.08465608465608465 0.15029761904761904
6 0.7885251322751323 0.44345238095238093 0.07705026455026455 0.1527777777777778
6 0.8688822751322751 0.44308035714285715 0.08234126984126984 0.1545138888888889
6 0.9608134920634921 0.44494047619047616 0.0744047619047619 0.15873015873015872
