0 0.11772486772486772 0.22681051587301587 0.10515873015873016 0.16294642857142858
0 0.26868386243386244 0.2279265873015873 0.08035714285714286 0.16021825396825398
0 0.3376322751322751 0.24702380952380953 0.06283068783068783 0.12301587301587301
0 0.46577380952380953 0.21354166666666666 0.1087962962962963 0.19047619047619047
0 0.6023478835978836 0.20982142857142858 0.105489417989418 0.1939484126984127
0 0.7129629629629629 0.2078373015873016 0.09854497354497355 0.19146825396825398
0 0.7986111111111112 0.21899801587301587 0.08862433862433862 0.16815476190476192
0 0.8908730158730159 0.20572916666666666 0.09325396825396826 0.19072420634920634
0 0.09705687830687831 0.4361359126984127 0.09226190476190477 0.17137896825396826
0 0.3002645502645503 0.43092757936507936 0.08664021164021164 0.17981150793650794
0 0.3951719576719577 0.4368799603174603 0.0582010582010582 0.1684027777777778
0 0.45072751322751325 0.43563988095238093 0.06944444444444445 0.17237103174603174
0 0.5256283068783069 0.42671130952380953 0.08167989417989419 0.1956845238095238
0 0.6959325396825397 0.4321676587301587 0.09027777777777778 0.17385912698412698
0 0.7878637566137566 0.43365575396825395 0.08300264550264551 0.17633928571428573
0 0.8816137566137566 0.4286954365079365 0.09656084656084656 0.17683531746031747
0 0.0763888888888889 0.6199156746031746 0.07473544973544974 0.09945436507936507
0 0.18915343915343916 0.6474454365079365 0.083994708994709 0.15600198412698413
0 0.29365079365079366 0.6330605158730159 0.09259259259259259 0.17881944444444445
0 0.38955026455026454 0.6330605158730159 0.09126984126984126 0.18030753968253968
0 0.484457671957672 0.6411210317460317 0.082010582010582 0.14682539682539683
0 0.5768849206349206 0.6339285714285714 0.09556878306878307 0.17956349206349206
0 0.6870039682539683 0.6294642857142857 0.09755291005291006 0.1746031746031746
0 0.7838955026455027 0.6356646825396826 0.08101851851851852 0.18551587301587302
0 0.876984126984127 0.6408730158730159 0.1078042328042328 0.1949404761904762
0 0.2863756613756614 0.8291170634920635 0.13558201058201058 0.1349206349206349
0 0.4107142857142857 0.8132440476190477 0.082010582010582 0.10615079365079365
0 0.5233134920634921 0.8568948412698413 0.14517195767195767 0.1775793650793651
0 0.6888227513227513 0.8311011904761905 0.12764550264550265 0.12797619047619047
0 0.828207671957672 0.8334573412698413 0.13657407407407407 0.1277281746031746
