6 0.03488756613756614 0.11458333333333333 0.06448412698412699 0.22073412698412698
6 0.10152116402116403 0.1195436507936508 0.07804232804232804 0.20833333333333334
6 0.17923280423280424 0.1209077380952381 0.082010582010582 0.20907738095238096
6 0.2554563492063492 0.11867559523809523 0.08035714285714286 0.21155753968253968
6 0.3326719576719577 0.11507936507936507 0.08134920634920635 0.21626984126984128
6 0.41435185185185186 0.1154513888888889 0.08267195767195767 0.21552579365079366
6 0.4958664021164021 0.1148313492063492 0.08035714285714286 0.21428571428571427
6 0.5763888888888888 0.1195436507936508 0.0787037037037037 0.2078373015873016
6 0.6534391534391535 0.11768353174603174 0.07804232804232804 0.2095734126984127
6 0.7319775132275133 0.11507936507936507 0.08167989417989419 0.2123015873015873
6 0.8138227513227513 0.1154513888888889 0.08068783068783068 0.21453373015873015
6 0.8958333333333334 0.11359126984126984 0.08267195767195767 0.21329365079365079
6 0.9666005291005291 0.11445932539682539 0.06018518518518518 0.21205357142857142
6 0.08978174603174603 0.3671875 0.08697089947089948 0.21155753968253968
6 0.16898148148148148 0.3681795634920635 0.08994708994708994 0.21354166666666666
6 0.25 0.3790922619047619 0.08928571428571429 0.18774801587301587
6 0.3308531746031746 0.36693948412698413 0.07903439153439154 0.21205357142857142
6 0.41005291005291006 0.37351190476190477 0.07804232804232804 0.2003968253968254
6 0.48726851851851855 0.3679315476190476 0.0796957671957672 0.21155753968253968
6 0.5631613756613757 0.36755952380952384 0.07738095238095238 0.21279761904761904
6 0.6421957671957672 0.3695436507936508 0.07804232804232804 0.20833333333333334
6 0.7200727513227513 0.3681795634920635 0.08101851851851852 0.21155753968253968
6 0.7994378306878307 0.3706597222222222 0.07903439153439154 0.20858134920634921
6 0.8821097883597884 0.3678075396825397 0.08300264550264551 0.2152777777777778
6 0.9477513227513228 0.3733878968253968 0.056878306878306875 0.20262896825396826
6 0.031084656084656083 0.6080109126984127 0.061507936507936505 0.203125
6 0.09771825396825397 0.6085069444444444 0.08498677248677249 0.20808531746031747
6 0.17096560846560846 0.6078869047619048 0.08267195767195767 0.2048611111111111
6 0.24818121693121692 0.6114831349206349 0.07903439153439154 0.2065972222222222
6 0.3239087301587302 0.6119791666666666 0.07771164021164022 0.203125
6 0.4029431216931217 0.6122271825396826 0.07771164021164022 0.20709325396825398
6 0.48048941798941797 0.6121031746031746 0.08465608465608465 0.2058531746031746
6 0.5588624338624338 0.611359126984127 0.0787037037037037 0.20535714285714285
6 0.6359126984126984 0.6128472222222222 0.07936507936507936 0.20734126984126985
6 0.7131283068783069 0.6183035714285714 0.07771164021164022 0.20188492063492064
6 0.7918320105820106 0.628968253968254 0.07771164021164022 0.18154761904761904
6 0.8700396825396826 0.6154513888888888 0.07671957671957672 0.20907738095238096
6 0.9353505291005291 0.609375 0.05787037037037037 0.19791666666666666
5 0.03835978835978836 0.8309771825396826 0.06878306878306878 0.18725198412698413
5 0.1111111111111111 0.8380456349206349 0.07142857142857142 0.20089285714285715
5 0.18369708994708994 0.8394097222222222 0.0763888888888889 0.20362103174603174
5 0.25793650793650796 0.8387896825396826 0.07407407407407407 0.2013888888888889
5 0.33134920634920634 0.8356894841269841 0.07076719576719577 0.19866071428571427
5 0.4021164021164021 0.8405257936507936 0.07142857142857142 0.2048611111111111
5 0.4742063492063492 0.8444940476190477 0.07605820105820106 0.2078373015873016
5 0.5496031746031746 0.8459821428571429 0.07605820105820106 0.20833333333333334
5 0.6236772486772487 0.8449900793650794 0.07738095238095238 0.20734126984126985
5 0.6985780423280423 0.8474702380952381 0.0744047619047619 0.2078373015873016
5 0.7716600529100529 0.8629712301587301 0.07572751322751323 0.18030753968253968
5 0.8578042328042328 0.871031746031746 0.07738095238095238 0.16815476190476192
5 0.9341931216931217 0.8499503968253969 0.083994708994709 0.20634920634920634
