5 0.11127645502645503 0.1209077380952381 0.06580687830687831 0.17038690476190477
5 0.18518518518518517 0.12189980158730158 0.062169312169312166 0.16989087301587302
5 0.23660714285714285 0.12041170634920635 0.054563492063492064 0.16939484126984128
5 0.29133597883597884 0.13206845238095238 0.07936507936507936 0.15004960317460317
5 0.36921296296296297 0.13033234126984128 0.0763888888888889 0.15004960317460317
5 0.4485780423280423 0.10887896825396826 0.08366402116402116 0.19295634920634921
5 0.5353835978835979 0.10949900793650794 0.0873015873015873 0.19419642857142858
5 0.6063161375661376 0.11929563492063493 0.06580687830687831 0.17311507936507936
5 0.6724537037037037 0.11780753968253968 0.06779100529100529 0.17410714285714285
5 0.7397486772486772 0.11793154761904762 0.06481481481481481 0.17683531746031747
5 0.8077050264550265 0.11817956349206349 0.06911375661375661 0.17733134920634921
5 0.8857473544973545 0.10863095238095238 0.07705026455026455 0.19642857142857142
5 0.9613095238095238 0.10602678571428571 0.06944444444444445 0.1996527777777778
5 0.26438492063492064 0.3322172619047619 0.08630952380952381 0.1728670634920635
5 0.34523809523809523 0.35106646825396826 0.07804232804232804 0.1307043650793651
5 0.4209656084656085 0.3384176587301587 0.07142857142857142 0.15997023809523808
5 0.48544973544973546 0.34188988095238093 0.07407407407407407 0.15649801587301587
5 0.5525793650793651 0.341765873015873 0.06613756613756613 0.15476190476190477
5 0.6228505291005291 0.3506944444444444 0.07374338624338625 0.1378968253968254
5 0.6932870370370371 0.35267857142857145 0.06712962962962964 0.1359126984126984
5 0.7632275132275133 0.3531746031746032 0.06944444444444445 0.13690476190476192
5 0.8326719576719577 0.3599950396825397 0.06944444444444445 0.12624007936507936
5 0.9029431216931217 0.35205853174603174 0.07308201058201058 0.13864087301587302
5 0.9672619047619048 0.3529265873015873 0.05952380952380952 0.13988095238095238
5 0.044642857142857144 0.5150049603174603 0.06481481481481481 0.15550595238095238
5 0.1078042328042328 0.5174851190476191 0.06944444444444445 0.1505456349206349
5 0.2779431216931217 0.5193452380952381 0.0763888888888889 0.15029761904761904
5 0.3525132275132275 0.5205853174603174 0.07275132275132275 0.14930555555555555
5 0.41716269841269843 0.5334821428571429 0.07175925925925926 0.12748015873015872
5 0.490244708994709 0.5226934523809523 0.06382275132275132 0.14905753968253968
5 0.5456349206349206 0.5295138888888888 0.04894179894179894 0.16071428571428573
5 0.6013558201058201 0.5534474206349206 0.05919312169312169 0.1277281746031746
5 0.66005291005291 0.5545634920634921 0.056878306878306875 0.12648809523809523
5 0.716765873015873 0.5545634920634921 0.05919312169312169 0.12648809523809523
5 0.7739748677248677 0.552703373015873 0.05853174603174603 0.12425595238095238
5 0.83994708994709 0.5574156746031746 0.062169312169312166 0.1277281746031746
5 0.9012896825396826 0.5602678571428571 0.06448412698412699 0.13095238095238096
5 0.4699074074074074 0.5628720238095238 0.9272486772486772 0.13814484126984128
5 0.03935185185185185 0.7137896825396826 0.06613756613756613 0.15625
5 0.10333994708994709 0.7139136904761905 0.07308201058201058 0.16046626984126985
5 0.17212301587301587 0.7134176587301587 0.0710978835978836 0.15997023809523808
5 0.2619047619047619 0.7058531746031746 0.06547619047619048 0.1453373015873016
5 0.35912698412698413 0.7146577380952381 0.06878306878306878 0.15699404761904762
5 0.41865079365079366 0.7208581349206349 0.05357142857142857 0.10094246031746032
5 0.4748677248677249 0.7144097222222222 0.05357142857142857 0.14459325396825398
5 0.5338955026455027 0.7065972222222222 0.060515873015873016 0.1378968253968254
5 0.5891203703703703 0.7287946428571429 0.054563492063492064 0.11631944444444445
5 0.646494708994709 0.7388392857142857 0.056878306878306875 0.12400793650793651
5 0.7065145502645502 0.7398313492063492 0.05324074074074074 0.12003968253968254
5 0.7647156084656085 0.7410714285714286 0.05654761904761905 0.12053571428571429
5 0.8229166666666666 0.7446676587301587 0.054563492063492064 0.12028769841269842
5 0.8892195767195767 0.7476438492063492 0.05886243386243386 0.12078373015873016
5 0.18088624338624337 0.888640873015873 0.05291005291005291 0.1359126984126984
5 0.0269510582010582 0.8890128968253969 0.0419973544973545 0.13913690476190477
5 0.07159391534391535 0.8883928571428571 0.060515873015873016 0.1453373015873016
5 0.12698412698412698 0.8859126984126984 0.05555555555555555 0.14087301587301587
5 0.296957671957672 0.8936011904761905 0.07804232804232804 0.15228174603174602
5 0.3687169312169312 0.8918650793650794 0.07605820105820106 0.14186507936507936
5 0.45072751322751325 0.8994295634920635 0.08002645502645503 0.15500992063492064
5 0.5236441798941799 0.8970734126984127 0.06977513227513228 0.1488095238095238
5 0.5894510582010583 0.9138144841269841 0.05853174603174603 0.11532738095238096
5 0.6493055555555556 0.9141865079365079 0.055224867724867725 0.11507936507936507
5 0.7096560846560847 0.9161706349206349 0.05423280423280423 0.11557539682539683
5 0.7642195767195767 0.9164186507936508 0.051587301587301584 0.11904761904761904
5 0.8191137566137566 0.9191468253968254 0.05555555555555555 0.11706349206349206
5 0.8849206349206349 0.9243551587301587 0.06018518518518518 0.11458333333333333
5 0.9426256613756614 0.9244791666666666 0.05787037037037037 0.11979166666666667
6 0.0539021164021164 0.33779761904761907 0.057539682539682536 0.1527777777777778
6 0.10945767195767196 0.3394097222222222 0.06415343915343916 0.15600198412698413
6 0.19031084656084657 0.3359375 0.05588624338624339 0.12921626984126985
