6 0.13409391534391535 0.31262400793650796 0.10218253968253968 0.20114087301587302
6 0.20734126984126985 0.31374007936507936 0.09523809523809523 0.20337301587301587
6 0.2833994708994709 0.3148561507936508 0.08664021164021164 0.20560515873015872
6 0.3568121693121693 0.3162202380952381 0.07671957671957672 0.20634920634920634
6 0.4340277777777778 0.31473214285714285 0.07572751322751323 0.19444444444444445
6 0.5100859788359788 0.3151041666666667 0.0710978835978836 0.19518849206349206
6 0.5858134920634921 0.31436011904761907 0.0710978835978836 0.1932043650793651
6 0.15591931216931218 0.5804811507936508 0.0916005291005291 0.16939484126984128
6 0.22767857142857142 0.5791170634920635 0.08432539682539683 0.17113095238095238
6 0.3037367724867725 0.5701884920634921 0.0763888888888889 0.15922619047619047
6 0.3774801587301587 0.5530753968253969 0.05191798941798942 0.16021825396825398
6 0.4267526455026455 0.5700644841269841 0.05588624338624339 0.17336309523809523
6 0.4859457671957672 0.5887896825396826 0.06514550264550265 0.1746031746031746
6 0.552744708994709 0.5895337301587301 0.06448412698412699 0.17162698412698413
6 0.6200396825396826 0.5939980158730159 0.06481481481481481 0.1701388888888889
6 0.6860119047619048 0.5966021825396826 0.05919312169312169 0.17733134920634921
6 0.750165343915344 0.5866815476190477 0.04927248677248677 0.1684027777777778
5 0.03306878306878307 0.5673363095238095 0.0582010582010582 0.16741071428571427
5 0.08482142857142858 0.5796130952380952 0.08763227513227513 0.17410714285714285
5 0.10515873015873016 0.8324652777777778 0.0992063492063492 0.14905753968253968
5 0.19014550264550265 0.8359375 0.08862433862433862 0.14955357142857142
5 0.27132936507936506 0.8427579365079365 0.08432539682539683 0.14384920634920634
5 0.3531746031746032 0.8317212301587301 0.07473544973544974 0.1371527777777778
5 0.4333664021164021 0.8499503968253969 0.07374338624338625 0.13740079365079366
5 0.5201719576719577 0.84375 0.0667989417989418 0.13392857142857142
5 0.5892857142857143 0.8490823412698413 0.03968253968253968 0.1535218253968254
