1 0.09176587301587301 0.2826140873015873 0.16038359788359788 0.32316468253968256
1 0.2554563492063492 0.2932787698412698 0.12268518518518519 0.29538690476190477
1 0.4054232804232804 0.29898313492063494 0.1931216931216931 0.2914186507936508
1 0.5963955026455027 0.27641369047619047 0.18948412698412698 0.3489583333333333
1 0.7992724867724867 0.2682291666666667 0.21362433862433863 0.3687996031746032
1 0.19014550264550265 0.6692708333333334 0.1832010582010582 0.3454861111111111
1 0.3860780423280423 0.6719990079365079 0.18882275132275134 0.3385416666666667
1 0.5547288359788359 0.6336805555555556 0.14384920634920634 0.27132936507936506
1 0.7723214285714286 0.6860119047619048 0.1775793650793651 0.3318452380952381
1 0.9332010582010583 0.6842757936507936 0.12764550264550265 0.341765873015873
