2 0.6613756613756614 0.20374503968253968 0.12962962962962962 0.21999007936507936
2 0.12152777777777778 0.513640873015873 0.10218253968253968 0.251984126984127
2 0.24718915343915343 0.4975198412698413 0.09490740740740741 0.17906746031746032
2 0.3513558201058201 0.49169146825396826 0.08432539682539683 0.15749007936507936
2 0.45882936507936506 0.490203373015873 0.06712962962962964 0.15600198412698413
2 0.5327380952380952 0.4884672619047619 0.08267195767195767 0.16493055555555555
2 0.6550925925925926 0.498015873015873 0.08796296296296297 0.19246031746031747
2 0.7600859788359788 0.49776785714285715 0.12003968253968254 0.20833333333333334
2 0.8677248677248677 0.49603174603174605 0.09457671957671958 0.21726190476190477
2 0.9540343915343915 0.4966517857142857 0.07671957671957672 0.24330357142857142
2 0.8108465608465608 0.8385416666666666 0.20502645502645503 0.31845238095238093
2 0.2787698412698413 0.7765376984126984 0.14814814814814814 0.18998015873015872
2 0.41716269841269843 0.7682291666666666 0.14649470899470898 0.18675595238095238
2 0.7976190476190477 0.19605654761904762 0.13955026455026456 0.2309027777777778
2 0.9378306878306878 0.19605654761904762 0.09193121693121693 0.22891865079365079
