5 0.37533068783068785 0.5331101190476191 0.09259259259259259 0.2482638888888889
5 0.4793320105820106 0.5354662698412699 0.11011904761904762 0.25
5 0.5873015873015873 0.5365823412698413 0.10846560846560846 0.2537202380952381
5 0.6985780423280423 0.5394345238095238 0.11276455026455026 0.25992063492063494
5 0.3814484126984127 0.2507440476190476 0.09623015873015874 0.24156746031746032
5 0.48313492063492064 0.2506200396825397 0.10582010582010581 0.23983134920634921
5 0.5911044973544973 0.2506200396825397 0.10813492063492064 0.23883928571428573
5 0.6994047619047619 0.24578373015873015 0.10648148148148148 0.24454365079365079
5 0.8959986772486772 0.2876984126984127 0.08035714285714286 0.1597222222222222
5 0.966931216931217 0.29699900793650796 0.062169312169312166 0.13864087301587302
5 0.8482142857142857 0.5679563492063492 0.10119047619047619 0.19890873015873015
5 0.9555224867724867 0.568328373015873 0.08366402116402116 0.18973214285714285
5 0.80869708994709 0.8256448412698413 0.105489417989418 0.24950396825396826
5 0.7093253968253969 0.8364335317460317 0.11177248677248677 0.27356150793650796
5 0.5932539682539683 0.8311011904761905 0.11177248677248677 0.27232142857142855
5 0.48561507936507936 0.8236607142857143 0.10615079365079365 0.2718253968253968
5 0.3748346560846561 0.8277529761904762 0.10284391534391535 0.24479166666666666
5 0.2835648148148148 0.8134920634920635 0.07771164021164022 0.25496031746031744
5 0.19973544973544974 0.8337053571428571 0.08134920634920635 0.20014880952380953
5 0.12037037037037036 0.8273809523809523 0.07407407407407407 0.20734126984126985
6 0.04083994708994709 0.5536954365079365 0.0796957671957672 0.19419642857142858
6 0.05257936507936508 0.2864583333333333 0.07671957671957672 0.17162698412698413
