6 0.05109126984126984 0.13206845238095238 0.08564814814814815 0.18526785714285715
6 0.14434523809523808 0.1297123015873016 0.09424603174603174 0.1875
6 0.24272486772486773 0.12822420634920634 0.0873015873015873 0.18353174603174602
6 0.3080357142857143 0.14248511904761904 0.06316137566137567 0.15600198412698413
6 0.3771494708994709 0.13045634920634921 0.07705026455026455 0.17509920634920634
6 0.45171957671957674 0.1263640873015873 0.07473544973544974 0.1793154761904762
6 0.531084656084656 0.11396329365079365 0.0873015873015873 0.20014880952380953
6 0.6479828042328042 0.11755952380952381 0.09292328042328042 0.18948412698412698
6 0.7389219576719577 0.11793154761904762 0.08895502645502645 0.1817956349206349
6 0.3230820105820106 0.3726438492063492 0.0582010582010582 0.16939484126984128
6 0.3857473544973545 0.36433531746031744 0.06448412698412699 0.18898809523809523
6 0.4575066137566138 0.36941964285714285 0.08035714285714286 0.17683531746031747
6 0.5438161375661376 0.3601190476190476 0.08167989417989419 0.2048611111111111
6 0.6491402116402116 0.3758680555555556 0.06018518518518518 0.16889880952380953
6 0.7748015873015873 0.3699156746031746 0.08597883597883597 0.18874007936507936
6 0.8581349206349206 0.3733878968253968 0.07407407407407407 0.18774801587301587
6 0.031746031746031744 0.5829613095238095 0.046296296296296294 0.14508928571428573
6 0.08531746031746032 0.5887896825396826 0.07738095238095238 0.15327380952380953
6 0.17906746031746032 0.5735367063492064 0.0710978835978836 0.16592261904761904
6 0.2614087301587302 0.5656001984126984 0.05257936507936508 0.16393849206349206
6 0.3255621693121693 0.5762648809523809 0.07175925925925926 0.1708829365079365
6 0.41087962962962965 0.5920138888888888 0.06183862433862434 0.18948412698412698
6 0.62119708994709 0.597594246031746 0.0710978835978836 0.16939484126984128
6 0.7008928571428571 0.6061507936507936 0.07705026455026455 0.19146825396825398
5 0.8063822751322751 0.5895337301587301 0.0744047619047619 0.18154761904761904
5 0.8882275132275133 0.6045386904761905 0.0873015873015873 0.19072420634920634
5 0.8840939153439153 0.8396577380952381 0.09292328042328042 0.20114087301587302
5 0.808531746031746 0.8252728174603174 0.0582010582010582 0.17584325396825398
5 0.7204034391534392 0.8106398809523809 0.07771164021164022 0.1609623015873016
5 0.6314484126984127 0.828125 0.07242063492063493 0.18353174603174602
5 0.48396164021164023 0.8034474206349206 0.08498677248677249 0.16939484126984128
5 0.34854497354497355 0.7943948412698413 0.04894179894179894 0.16319444444444445
5 0.9652777777777778 0.8680555555555556 0.05423280423280423 0.1671626984126984
5 0.9442791005291006 0.10949900793650794 0.0763888888888889 0.19122023809523808
6 0.8265542328042328 0.1236359126984127 0.08366402116402116 0.171875
