6 0.023809523809523808 0.07080853174603174 0.04497354497354497 0.1371527777777778
6 0.06349206349206349 0.07068452380952381 0.06084656084656084 0.1388888888888889
6 0.11061507936507936 0.06956845238095238 0.060515873015873016 0.13764880952380953
6 0.15922619047619047 0.07018849206349206 0.05787037037037037 0.1388888888888889
6 0.20965608465608465 0.07056051587301587 0.057539682539682536 0.13616071428571427
6 0.2622354497354497 0.07452876984126984 0.05092592592592592 0.1267361111111111
6 0.3103505291005291 0.0842013888888889 0.04794973544973545 0.11086309523809523
6 0.35631613756613756 0.08395337301587301 0.04794973544973545 0.109375
6 0.4039351851851852 0.0822172619047619 0.05257936507936508 0.11185515873015874
6 0.455026455026455 0.08320932539682539 0.05291005291005291 0.10887896825396826
6 0.5062830687830688 0.08196924603174603 0.05291005291005291 0.11235119047619048
6 0.5577050264550265 0.07998511904761904 0.049933862433862435 0.11334325396825397
6 0.6043320105820106 0.08023313492063493 0.04662698412698413 0.11135912698412699
6 0.6610449735449735 0.0798611111111111 0.05357142857142857 0.11160714285714286
6 0.029265873015873016 0.23189484126984128 0.05588624338624339 0.13045634920634921
6 0.07208994708994709 0.23040674603174602 0.062169312169312166 0.13293650793650794
6 0.11904761904761904 0.23115079365079366 0.05026455026455026 0.13045634920634921
6 0.16385582010582012 0.23028273809523808 0.05588624338624339 0.13368055555555555
6 0.2177579365079365 0.23288690476190477 0.05588624338624339 0.12648809523809523
6 0.26240079365079366 0.234375 0.049933862433862435 0.12549603174603174
6 0.30869708994708994 0.24206349206349206 0.05324074074074074 0.10813492063492064
6 0.357473544973545 0.24379960317460317 0.05092592592592592 0.10515873015873016
6 0.40691137566137564 0.2431795634920635 0.049933862433862435 0.10739087301587301
6 0.45634920634920634 0.24280753968253968 0.05489417989417989 0.10664682539682539
6 0.5087632275132276 0.2439236111111111 0.04927248677248677 0.10441468253968254
6 0.5547288359788359 0.24441964285714285 0.045965608465608467 0.10243055555555555
6 0.5965608465608465 0.24169146825396826 0.04828042328042328 0.10987103174603174
6 0.6575727513227513 0.24193948412698413 0.054563492063492064 0.10689484126984126
6 0.037037037037037035 0.38157242063492064 0.06018518518518518 0.12425595238095238
6 0.08581349206349206 0.38467261904761907 0.05919312169312169 0.11805555555555555
6 0.13392857142857142 0.3812003968253968 0.05489417989417989 0.125
6 0.179728835978836 0.38058035714285715 0.0539021164021164 0.12574404761904762
6 0.23296957671957672 0.380828373015873 0.050595238095238096 0.1212797619047619
6 0.27827380952380953 0.37971230158730157 0.049933862433862435 0.12400793650793651
5 0.3333333333333333 0.3792162698412698 0.061507936507936505 0.1259920634920635
5 0.4027777777777778 0.376984126984127 0.05886243386243386 0.12996031746031747
5 0.4601521164021164 0.37785218253968256 0.059854497354497355 0.12723214285714285
5 0.5185185185185185 0.38504464285714285 0.05886243386243386 0.11334325396825397
5 0.5750661375661376 0.37810019841269843 0.05886243386243386 0.12524801587301587
5 0.634755291005291 0.37785218253968256 0.060515873015873016 0.12624007936507936
5 0.05439814814814815 0.5190972222222222 0.050595238095238096 0.11755952380952381
5 0.09689153439153439 0.519469246031746 0.052248677248677246 0.11929563492063493
5 0.14037698412698413 0.5234375 0.05191798941798942 0.10639880952380952
5 0.1875 0.5178571428571429 0.05291005291005291 0.11904761904761904
5 0.23363095238095238 0.517609126984127 0.049933862433862435 0.1195436507936508
5 0.2830687830687831 0.5143849206349206 0.047619047619047616 0.11210317460317461
5 0.3429232804232804 0.5161210317460317 0.06084656084656084 0.11656746031746032
5 0.4130291005291005 0.5138888888888888 0.05555555555555555 0.11408730158730158
5 0.46593915343915343 0.517609126984127 0.06415343915343916 0.11755952380952381
5 0.5224867724867724 0.5295138888888888 0.047619047619047616 0.09573412698412699
5 0.5896164021164021 0.5128968253968254 0.05886243386243386 0.11259920634920635
5 0.6413690476190477 0.5171130952380952 0.05919312169312169 0.1195436507936508
5 0.03191137566137566 0.6488095238095238 0.0539021164021164 0.11061507936507936
5 0.07457010582010581 0.6496775793650794 0.05324074074074074 0.11135912698412699
5 0.11474867724867725 0.6491815476190477 0.04894179894179894 0.11334325396825397
5 0.1574074074074074 0.6495535714285714 0.05026455026455026 0.11656746031746032
5 0.20205026455026456 0.6494295634920635 0.05092592592592592 0.11334325396825397
5 0.2443783068783069 0.6440972222222222 0.041005291005291 0.10416666666666667
5 0.2847222222222222 0.6480654761904762 0.047619047619047616 0.1130952380952381
5 0.3298611111111111 0.6568700396825397 0.044642857142857144 0.09399801587301587
5 0.3726851851851852 0.6586061507936508 0.04431216931216931 0.0900297619047619
5 0.4166666666666667 0.6581101190476191 0.046296296296296294 0.0920138888888889
5 0.4611441798941799 0.6577380952380952 0.04662698412698413 0.09771825396825397
5 0.5076058201058201 0.6572420634920635 0.04431216931216931 0.09176587301587301
5 0.5514219576719577 0.6574900793650794 0.04332010582010582 0.09226190476190477
5 0.595734126984127 0.6573660714285714 0.045965608465608467 0.0920138888888889
5 0.6412037037037037 0.6572420634920635 0.046957671957671955 0.09424603174603174
5 0.042162698412698416 0.7703373015873016 0.04794973544973545 0.1056547619047619
5 0.08217592592592593 0.7775297619047619 0.04133597883597884 0.09126984126984126
5 0.12037037037037036 0.7805059523809523 0.047619047619047616 0.09226190476190477
5 0.1636904761904762 0.7821180555555556 0.042328042328042326 0.08953373015873016
5 0.20453042328042328 0.7734375 0.045304232804232805 0.10689484126984126
5 0.25033068783068785 0.7658730158730159 0.04497354497354497 0.09325396825396826
5 0.29017857142857145 0.7667410714285714 0.03736772486772487 0.0954861111111111
5 0.33035714285714285 0.78125 0.042328042328042326 0.08680555555555555
5 0.373015873015873 0.7810019841269841 0.042328042328042326 0.08878968253968254
5 0.4150132275132275 0.7802579365079365 0.042328042328042326 0.09226190476190477
5 0.4580026455026455 0.7824900793650794 0.04431216931216931 0.09077380952380952
5 0.5011574074074074 0.7836061507936508 0.045965608465608467 0.08854166666666667
5 0.546792328042328 0.7859623015873016 0.04332010582010582 0.08432539682539683
5 0.589781746031746 0.7858382936507936 0.04265873015873016 0.08258928571428571
5 0.6337632275132276 0.7860863095238095 0.044642857142857144 0.08506944444444445
5 0.027777777777777776 0.900421626984127 0.05092592592592592 0.11235119047619048
5 0.0701058201058201 0.9016617063492064 0.051587301587301584 0.11235119047619048
5 0.12119708994708994 0.8895089285714286 0.049933862433862435 0.10540674603174603
5 0.1583994708994709 0.890625 0.03835978835978836 0.10367063492063493
5 0.19262566137566137 0.9052579365079365 0.04927248677248677 0.10416666666666667
5 0.23561507936507936 0.9037698412698413 0.04662698412698413 0.11011904761904762
5 0.2786044973544973 0.9052579365079365 0.0419973544973545 0.10962301587301587
5 0.31729497354497355 0.9200148809523809 0.0419973544973545 0.08606150793650794
5 0.36044973544973546 0.9188988095238095 0.04497354497354497 0.09226190476190477
5 0.40459656084656087 0.9202628968253969 0.04662698412698413 0.0954861111111111
5 0.45006613756613756 0.9196428571428571 0.04365079365079365 0.09623015873015874
5 0.49603174603174605 0.9201388888888888 0.04563492063492063 0.09573412698412699
5 0.542989417989418 0.9184027777777778 0.046957671957671955 0.09672619047619048
5 0.5871362433862434 0.9211309523809523 0.045304232804232805 0.09970238095238096
5 0.6349206349206349 0.9227430555555556 0.04497354497354497 0.09895833333333333
5 0.689484126984127 0.9188988095238095 0.041666666666666664 0.1195436507936508
5 0.7326388888888888 0.9197668650793651 0.044642857142857144 0.12078373015873016
5 0.7736441798941799 0.9187748015873016 0.04265873015873016 0.12078373015873016
5 0.6823743386243386 0.7775297619047619 0.035383597883597885 0.10466269841269842
5 0.7220568783068783 0.7848462301587301 0.03802910052910053 0.08804563492063493
5 0.7625661375661376 0.7757936507936508 0.036375661375661374 0.10813492063492064
5 0.689318783068783 0.6496775793650794 0.03869047619047619 0.11383928571428571
5 0.7291666666666666 0.6612103174603174 0.03968253968253968 0.09226190476190477
5 0.7726521164021164 0.6519097222222222 0.03935185185185185 0.11284722222222222
5 0.6960978835978836 0.5171130952380952 0.04497354497354497 0.12301587301587301
5 0.7415674603174603 0.5178571428571429 0.04133597883597884 0.12400793650793651
5 0.7842261904761905 0.5178571428571429 0.04265873015873016 0.12450396825396826
5 0.703207671957672 0.3790922619047619 0.03869047619047619 0.12574404761904762
5 0.7437169312169312 0.3872767857142857 0.03968253968253968 0.10739087301587301
5 0.7888558201058201 0.37896825396825395 0.044642857142857144 0.12301587301587301
