2 0.05472883597883598 0.20324900793650794 0.05720899470899471 0.10243055555555555
2 0.10830026455026455 0.20436507936507936 0.054563492063492064 0.09970238095238096
2 0.1618716931216931 0.20672123015873015 0.05720899470899471 0.09846230158730158
2 0.21494708994708994 0.20709325396825398 0.05555555555555555 0.0992063492063492
2 0.26802248677248675 0.20845734126984128 0.05787037037037037 0.09647817460317461
2 0.32076719576719576 0.20932539682539683 0.047619047619047616 0.09474206349206349
2 0.3685515873015873 0.20858134920634921 0.05125661375661376 0.09523809523809523
2 0.41782407407407407 0.2074652777777778 0.050595238095238096 0.09449404761904762
2 0.9327050264550265 0.17720734126984128 0.06580687830687831 0.16939484126984128
2 0.8513558201058201 0.19642857142857142 0.05720899470899471 0.13392857142857142
2 0.7870370370370371 0.20672123015873015 0.0667989417989418 0.11235119047619048
2 0.7106481481481481 0.21279761904761904 0.056878306878306875 0.09424603174603174
2 0.6481481481481481 0.21428571428571427 0.06746031746031746 0.09672619047619048
2 0.08151455026455026 0.3654513888888889 0.0625 0.14012896825396826
2 0.14914021164021163 0.36743551587301587 0.07076719576719577 0.14211309523809523
2 0.24603174603174602 0.3696676587301587 0.07804232804232804 0.15004960317460317
2 0.3470568783068783 0.36830357142857145 0.09292328042328042 0.18154761904761904
2 0.4236111111111111 0.36743551587301587 0.0701058201058201 0.16592261904761904
2 0.5266203703703703 0.37115575396825395 0.05125661375661376 0.12375992063492064
2 0.5876322751322751 0.37351190476190477 0.06878306878306878 0.1284722222222222
2 0.6549272486772487 0.3712797619047619 0.0710978835978836 0.1314484126984127
2 0.7349537037037037 0.3715277777777778 0.06448412698412699 0.13095238095238096
2 0.8753306878306878 0.38169642857142855 0.08994708994708994 0.17162698412698413
2 0.9634589947089947 0.3800843253968254 0.0710978835978836 0.18229166666666666
2 0.04183201058201058 0.5597718253968254 0.06316137566137567 0.1498015873015873
2 0.17046957671957672 0.5657242063492064 0.08366402116402116 0.15823412698412698
2 0.2392526455026455 0.5662202380952381 0.055224867724867725 0.15922619047619047
2 0.30869708994708994 0.5829613095238095 0.0882936507936508 0.17485119047619047
2 0.3915343915343915 0.5824652777777778 0.08664021164021164 0.17485119047619047
2 0.4755291005291005 0.5876736111111112 0.08664021164021164 0.15848214285714285
2 0.7296626984126984 0.5391865079365079 0.06448412698412699 0.09623015873015874
2 0.6661706349206349 0.5345982142857143 0.05919312169312169 0.09350198412698413
2 0.5877976190476191 0.533234126984127 0.06183862433862434 0.08779761904761904
2 0.5342261904761905 0.5411706349206349 0.04662698412698413 0.10962301587301587
2 0.9222883597883598 0.5703125 0.08267195767195767 0.15401785714285715
2 0.8368055555555556 0.5591517857142857 0.08101851851851852 0.14112103174603174
2 0.07671957671957672 0.8436259920634921 0.13955026455026456 0.18526785714285715
2 0.23015873015873015 0.8441220238095238 0.15211640211640212 0.18625992063492064
2 0.39269179894179895 0.8552827380952381 0.14583333333333334 0.17633928571428573
2 0.5484457671957672 0.7470238095238095 0.08763227513227513 0.10466269841269842
2 0.6428571428571429 0.7465277777777778 0.10119047619047619 0.10466269841269842
2 0.9300595238095238 0.8187003968253969 0.11342592592592593 0.20684523809523808
