4 0.045304232804232805 0.7847222222222222 0.09060846560846561 0.2941468253968254
4 0.19775132275132276 0.8126240079365079 0.16071428571428573 0.2904265873015873
4 0.3406084656084656 0.8028273809523809 0.12698412698412698 0.29464285714285715
4 0.4624669312169312 0.8146081349206349 0.11673280423280423 0.29836309523809523
4 0.5836640211640212 0.8250248015873016 0.11375661375661375 0.3013392857142857
4 0.7066798941798942 0.8235367063492064 0.10978835978835978 0.3013392857142857
4 0.2683531746031746 0.39955357142857145 0.11276455026455026 0.23809523809523808
4 0.3673941798941799 0.39880952380952384 0.10119047619047619 0.24404761904761904
4 0.4664351851851852 0.39546130952380953 0.09027777777777778 0.2562003968253968
4 0.6040013227513228 0.44146825396825395 0.11541005291005291 0.34871031746031744
4 0.7423941798941799 0.4453125 0.11904761904761904 0.3539186507936508
4 0.8005952380952381 0.7790178571428571 0.07407407407407407 0.2673611111111111
4 0.9012896825396826 0.7823660714285714 0.08961640211640212 0.2710813492063492
4 0.9365079365079365 0.44518849206349204 0.11838624338624339 0.3373015873015873
4 0.12185846560846561 0.13132440476190477 0.06911375661375661 0.1817956349206349
4 0.19642857142857142 0.12946428571428573 0.1078042328042328 0.19791666666666666
4 0.4044312169312169 0.14298115079365079 0.10251322751322751 0.17237103174603174
4 0.5071097883597884 0.1349206349206349 0.09358465608465609 0.19642857142857142
4 0.6001984126984127 0.13392857142857142 0.09259259259259259 0.19940476190476192
4 0.6994047619047619 0.13777281746031747 0.1078042328042328 0.20461309523809523
4 0.8052248677248677 0.1423611111111111 0.10383597883597884 0.20436507936507936
4 0.902281746031746 0.14347718253968253 0.12003968253968254 0.19915674603174602
