2 0.11722883597883597 0.5204613095238095 0.06448412698412699 0.23883928571428573
2 0.21081349206349206 0.5202132936507936 0.12665343915343916 0.23933531746031747
2 0.35813492063492064 0.5189732142857143 0.11772486772486772 0.23189484126984128
2 0.5066137566137566 0.5207093253968254 0.12037037037037036 0.23189484126984128
2 0.7384259259259259 0.5230654761904762 0.10978835978835978 0.2286706349206349
2 0.8483796296296297 0.5259176587301587 0.11342592592592593 0.23189484126984128
2 0.951058201058201 0.5257936507936508 0.08994708994708994 0.2286706349206349
2 0.1359126984126984 0.8182043650793651 0.2037037037037037 0.2058531746031746
2 0.33217592592592593 0.7906746031746031 0.18551587301587302 0.2013888888888889
2 0.5132275132275133 0.7868303571428571 0.16997354497354497 0.20014880952380953
2 0.687665343915344 0.7853422619047619 0.15773809523809523 0.20114087301587302
2 0.8452380952380952 0.7924107142857143 0.10978835978835978 0.20188492063492064
2 0.9596560846560847 0.7864583333333334 0.07473544973544974 0.20089285714285715
