4 0.08125 0.566796875 0.04583333333333333 0.10859375
4 0.159375 0.562890625 0.041666666666666664 0.10078125
4 0.20416666666666666 0.5640625 0.04583333333333333 0.1046875
4 0.24895833333333334 0.569140625 0.041666666666666664 0.09609375
4 0.29375 0.574609375 0.04375 0.08515625
4 0.42135416666666664 0.56484375 0.04479166666666667 0.1015625
4 0.5026041666666666 0.56328125 0.046875 0.1046875
4 0.5432291666666667 0.562890625 0.04479166666666667 0.10703125
4 0.5864583333333333 0.56328125 0.041666666666666664 0.10625
4 0.6276041666666666 0.564453125 0.040625 0.10859375
4 0.6958333333333333 0.557421875 0.03958333333333333 0.08515625
4 0.7317708333333334 0.557421875 0.03854166666666667 0.08359375
4 0.7666666666666667 0.55703125 0.03333333333333333 0.0859375
4 0.17083333333333334 0.685546875 0.041666666666666664 0.08984375
4 0.21302083333333333 0.690625 0.051041666666666666 0.096875
4 0.2875 0.68515625 0.03333333333333333 0.090625
4 0.31927083333333334 0.691015625 0.040625 0.10234375
4 0.41354166666666664 0.6859375 0.03333333333333333 0.09375
4 0.4505208333333333 0.68203125 0.040625 0.09375
4 0.49322916666666666 0.683203125 0.040625 0.09765625
4 0.534375 0.68984375 0.04375 0.1046875
4 0.5744791666666667 0.684375 0.040625 0.0953125
4 0.6197916666666666 0.68828125 0.04791666666666667 0.1046875
4 0.8083333333333333 0.557421875 0.03958333333333333 0.08359375
4 0.8427083333333333 0.557421875 0.03958333333333333 0.08359375
4 0.721875 0.686328125 0.03958333333333333 0.08671875
4 0.7614583333333333 0.682421875 0.03958333333333333 0.08984375
4 0.8015625 0.680859375 0.046875 0.08984375
4 0.8463541666666666 0.694140625 0.040625 0.06796875
4 0.884375 0.694140625 0.04375 0.06953125
4 0.9255208333333333 0.6796875 0.042708333333333334 0.0953125
4 0.9677083333333333 0.683984375 0.041666666666666664 0.09609375
4 0.05625 0.69296875 0.052083333333333336 0.1046875
4 0.09375 0.690625 0.035416666666666666 0.0984375
4 0.04895833333333333 0.8109375 0.05 0.1046875
4 0.10208333333333333 0.812109375 0.0375 0.09296875
4 0.20729166666666668 0.80859375 0.041666666666666664 0.1
4 0.2515625 0.809375 0.04479166666666667 0.103125
4 0.29583333333333334 0.810546875 0.04375 0.09453125
4 0.33697916666666666 0.810546875 0.046875 0.10078125
4 0.3723958333333333 0.804296875 0.03854166666666667 0.08515625
4 0.4197916666666667 0.8109375 0.04791666666666667 0.103125
4 0.45989583333333334 0.803125 0.03854166666666667 0.0859375
4 0.5088541666666667 0.812109375 0.042708333333333334 0.10390625
4 0.5515625 0.81171875 0.04479166666666667 0.1
4 0.5963541666666666 0.8125 0.04479166666666667 0.096875
4 0.6390625 0.812890625 0.040625 0.10390625
4 0.7145833333333333 0.81171875 0.03333333333333333 0.0984375
4 0.7510416666666667 0.809765625 0.04583333333333333 0.09765625
4 0.79375 0.8109375 0.03958333333333333 0.0984375
4 0.8380208333333333 0.812890625 0.03854166666666667 0.09921875
4 0.8739583333333333 0.81171875 0.03333333333333333 0.1
4 0.027083333333333334 0.310546875 0.022916666666666665 0.04140625
4 0.9848958333333333 0.2875 0.023958333333333335 0.05
4 0.9854166666666667 0.339453125 0.022916666666666665 0.05234375
4 0.9583333333333334 0.28984375 0.03125 0.0484375
4 0.9604166666666667 0.33984375 0.029166666666666667 0.0515625
4 0.9296875 0.2890625 0.028125 0.05
4 0.9317708333333333 0.340234375 0.030208333333333334 0.04921875
4 0.9020833333333333 0.288671875 0.029166666666666667 0.05234375
4 0.9015625 0.341796875 0.030208333333333334 0.05078125
4 0.8723958333333334 0.290234375 0.03229166666666667 0.05234375
4 0.8713541666666667 0.3421875 0.030208333333333334 0.0515625
4 0.8416666666666667 0.291015625 0.03125 0.04921875
4 0.8416666666666667 0.3421875 0.03125 0.0515625
4 0.8140625 0.2921875 0.030208333333333334 0.05
4 0.815625 0.343359375 0.027083333333333334 0.05078125
4 0.7864583333333334 0.291796875 0.027083333333333334 0.04921875
4 0.7880208333333333 0.34296875 0.028125 0.053125
4 0.7588541666666667 0.28984375 0.028125 0.05
4 0.7598958333333333 0.342578125 0.028125 0.05546875
4 0.7307291666666667 0.29375 0.028125 0.05
4 0.7296875 0.34453125 0.03229166666666667 0.05
4 0.7015625 0.29453125 0.028125 0.0484375
4 0.7020833333333333 0.3453125 0.027083333333333334 0.05
4 0.6734375 0.294140625 0.030208333333333334 0.05078125
4 0.6755208333333333 0.3453125 0.028125 0.053125
4 0.9869791666666666 0.419140625 0.019791666666666666 0.05234375
4 0.9854166666666667 0.46875 0.022916666666666665 0.05
4 0.9604166666666667 0.419140625 0.03125 0.05078125
4 0.9609375 0.4703125 0.030208333333333334 0.053125
4 0.9322916666666666 0.41953125 0.029166666666666667 0.0515625
4 0.9317708333333333 0.47109375 0.028125 0.0515625
4 0.9015625 0.4203125 0.030208333333333334 0.0515625
4 0.9020833333333333 0.471875 0.03125 0.0515625
4 0.8723958333333334 0.41953125 0.03229166666666667 0.053125
4 0.8723958333333334 0.47109375 0.03229166666666667 0.05
4 0.84375 0.421484375 0.029166666666666667 0.04921875
4 0.8432291666666667 0.47109375 0.030208333333333334 0.05
4 0.815625 0.421484375 0.027083333333333334 0.04921875
4 0.8161458333333333 0.470703125 0.028125 0.04921875
4 0.7869791666666667 0.42109375 0.030208333333333334 0.0484375
4 0.7864583333333334 0.471484375 0.03125 0.05078125
4 0.7572916666666667 0.421875 0.029166666666666667 0.0484375
4 0.7583333333333333 0.471484375 0.027083333333333334 0.05078125
4 0.7291666666666666 0.421875 0.029166666666666667 0.05
4 0.7307291666666667 0.471875 0.030208333333333334 0.05
4 0.7015625 0.422265625 0.030208333333333334 0.05078125
4 0.7015625 0.472265625 0.030208333333333334 0.05078125
4 0.6765625 0.42265625 0.019791666666666666 0.05
4 0.6739583333333333 0.473828125 0.027083333333333334 0.04921875
4 0.6359375 0.2953125 0.030208333333333334 0.053125
4 0.6354166666666666 0.348046875 0.03125 0.05078125
4 0.60625 0.2953125 0.029166666666666667 0.0515625
4 0.6057291666666667 0.347265625 0.030208333333333334 0.05078125
4 0.5755208333333334 0.296875 0.030208333333333334 0.0515625
4 0.5776041666666667 0.348046875 0.026041666666666668 0.04921875
4 0.5453125 0.29921875 0.026041666666666668 0.046875
4 0.5489583333333333 0.3484375 0.03125 0.0515625
4 0.5197916666666667 0.296484375 0.029166666666666667 0.05078125
4 0.5203125 0.348046875 0.030208333333333334 0.05234375
4 0.490625 0.29765625 0.029166666666666667 0.0515625
4 0.49166666666666664 0.348828125 0.029166666666666667 0.05078125
4 0.4630208333333333 0.348828125 0.030208333333333334 0.05078125
4 0.4640625 0.297265625 0.028125 0.05234375
4 0.434375 0.298046875 0.029166666666666667 0.05234375
4 0.43645833333333334 0.3484375 0.029166666666666667 0.05
4 0.40729166666666666 0.3484375 0.027083333333333334 0.0515625
4 0.40729166666666666 0.29765625 0.029166666666666667 0.0515625
4 0.37916666666666665 0.29765625 0.029166666666666667 0.0515625
4 0.3807291666666667 0.349609375 0.028125 0.05078125
4 0.35104166666666664 0.2984375 0.03125 0.053125
4 0.35208333333333336 0.350390625 0.029166666666666667 0.05078125
4 0.32395833333333335 0.349609375 0.03125 0.05234375
4 0.3229166666666667 0.29765625 0.029166666666666667 0.0515625
4 0.2947916666666667 0.3 0.029166666666666667 0.053125
4 0.2953125 0.351953125 0.028125 0.04921875
4 0.26614583333333336 0.298046875 0.030208333333333334 0.05234375
4 0.2677083333333333 0.35 0.029166666666666667 0.053125
4 0.23854166666666668 0.298828125 0.027083333333333334 0.05390625
4 0.23958333333333334 0.350390625 0.029166666666666667 0.05078125
4 0.2109375 0.29921875 0.028125 0.053125
4 0.21145833333333333 0.351171875 0.027083333333333334 0.04921875
4 0.18385416666666668 0.2984375 0.030208333333333334 0.053125
4 0.18385416666666668 0.35 0.028125 0.05
4 0.15520833333333334 0.29921875 0.03125 0.053125
4 0.15572916666666667 0.35078125 0.030208333333333334 0.0515625
4 0.12604166666666666 0.29921875 0.029166666666666667 0.053125
4 0.12708333333333333 0.35 0.027083333333333334 0.0515625
4 0.0984375 0.31171875 0.026041666666666668 0.04375
4 0.10052083333333334 0.35390625 0.023958333333333335 0.0453125
4 0.075 0.310546875 0.027083333333333334 0.04296875
4 0.07760416666666667 0.3546875 0.023958333333333335 0.0453125
4 0.050520833333333334 0.31015625 0.026041666666666668 0.0421875
4 0.05364583333333333 0.35390625 0.023958333333333335 0.04375
4 0.0296875 0.353515625 0.023958333333333335 0.04296875
4 0.6302083333333334 0.416796875 0.03125 0.05078125
4 0.63125 0.467578125 0.029166666666666667 0.04921875
4 0.6015625 0.41796875 0.030208333333333334 0.0515625
4 0.6020833333333333 0.46875 0.029166666666666667 0.05
4 0.5734375 0.4671875 0.028125 0.0515625
4 0.546875 0.467578125 0.029166666666666667 0.05234375
4 0.5177083333333333 0.419140625 0.029166666666666667 0.04921875
4 0.5192708333333333 0.46875 0.028125 0.05
4 0.490625 0.419140625 0.03125 0.05078125
4 0.4921875 0.469140625 0.028125 0.04765625
4 0.4609375 0.469140625 0.028125 0.04921875
4 0.43697916666666664 0.422265625 0.026041666666666668 0.04609375
4 0.434375 0.469140625 0.022916666666666665 0.04765625
4 0.3984375 0.420703125 0.030208333333333334 0.04921875
4 0.4010416666666667 0.468359375 0.027083333333333334 0.04921875
4 0.3307291666666667 0.422265625 0.026041666666666668 0.05078125
4 0.35885416666666664 0.42421875 0.026041666666666668 0.05
4 0.36041666666666666 0.472265625 0.025 0.04453125
4 0.32760416666666664 0.46953125 0.03229166666666667 0.0484375
4 0.2989583333333333 0.41953125 0.03125 0.0515625
4 0.2989583333333333 0.470703125 0.029166666666666667 0.04765625
4 0.26979166666666665 0.42109375 0.03125 0.05
4 0.2703125 0.46953125 0.030208333333333334 0.0515625
4 0.24322916666666666 0.4203125 0.026041666666666668 0.05
4 0.24270833333333333 0.47109375 0.029166666666666667 0.0515625
4 0.18697916666666667 0.4703125 0.028125 0.0515625
4 0.16041666666666668 0.46953125 0.027083333333333334 0.0515625
4 0.14114583333333333 0.421484375 0.026041666666666668 0.04765625
4 0.13541666666666666 0.470703125 0.025 0.05078125
4 0.07864583333333333 0.43359375 0.023958333333333335 0.0421875
4 0.06614583333333333 0.474609375 0.021875 0.03984375
4 0.04375 0.474609375 0.022916666666666665 0.03984375
4 0.05520833333333333 0.4328125 0.025 0.0421875
4 0.0171875 0.469921875 0.030208333333333334 0.03359375
