1 0.1023478835978836 0.12289186507936507 0.08630952380952381 0.20610119047619047
1 0.20205026455026456 0.1232638888888889 0.10052910052910052 0.2123015873015873
1 0.29794973544973546 0.12227182539682539 0.0958994708994709 0.21478174603174602
1 0.3993055555555556 0.12611607142857142 0.10482804232804233 0.21651785714285715
1 0.5033068783068783 0.1267361111111111 0.09854497354497355 0.2197420634920635
1 0.6172288359788359 0.13033234126984128 0.10813492063492064 0.2269345238095238
1 0.7465277777777778 0.1375248015873016 0.10416666666666667 0.2095734126984127
1 0.8427579365079365 0.1605902777777778 0.08697089947089948 0.1684027777777778
1 0.9310515873015873 0.15575396825396826 0.09887566137566138 0.17906746031746032
1 0.14434523809523808 0.3834325396825397 0.11937830687830688 0.1909722222222222
1 0.26157407407407407 0.3892609126984127 0.12367724867724868 0.19469246031746032
1 0.382771164021164 0.39893353174603174 0.14583333333333334 0.2021329365079365
1 0.5481150793650794 0.41443452380952384 0.12665343915343916 0.2003968253968254
1 0.8619378306878307 0.42137896825396826 0.15244708994708994 0.21428571428571427
1 0.1228505291005291 0.6300843253968254 0.09093915343915344 0.17633928571428573
1 0.21511243386243387 0.6380208333333334 0.09358465608465609 0.1827876984126984
1 0.3149801587301587 0.6428571428571429 0.09821428571428571 0.17559523809523808
1 0.4184854497354497 0.6336805555555556 0.09358465608465609 0.1736111111111111
1 0.5234788359788359 0.6595982142857143 0.09722222222222222 0.1847718253968254
1 0.652281746031746 0.654265873015873 0.12863756613756613 0.22718253968253968
1 0.7815806878306878 0.6455853174603174 0.1259920634920635 0.1984126984126984
1 0.9332010582010583 0.6711309523809523 0.12037037037037036 0.22767857142857142
1 0.13177910052910052 0.8349454365079365 0.1583994708994709 0.2065972222222222
1 0.3146494708994709 0.8206845238095238 0.14781746031746032 0.14384920634920634
1 0.46577380952380953 0.8421378968253969 0.14054232804232805 0.14012896825396826
1 0.6378968253968254 0.8913690476190477 0.1746031746031746 0.21081349206349206
1 0.8022486772486772 0.8952132936507936 0.1283068783068783 0.1996527777777778
