5 0.04332010582010582 0.10875496031746032 0.07142857142857142 0.18774801587301587
5 0.10615079365079365 0.1070188492063492 0.09193121693121693 0.18774801587301587
5 0.22255291005291006 0.1331845238095238 0.0873015873015873 0.13541666666666666
5 0.36474867724867727 0.1331845238095238 0.07142857142857142 0.13442460317460317
5 0.4323743386243386 0.1318204365079365 0.07374338624338625 0.13665674603174602
5 0.07721560846560846 0.3098958333333333 0.08035714285714286 0.1619543650793651
5 0.14781746031746032 0.30927579365079366 0.07804232804232804 0.16071428571428573
5 0.22470238095238096 0.318328373015873 0.05654761904761905 0.13368055555555555
5 0.25396825396825395 0.49181547619047616 0.06878306878306878 0.1076388888888889
5 0.3177910052910053 0.4884672619047619 0.061507936507936505 0.1029265873015873
5 0.4427910052910053 0.4869791666666667 0.06018518518518518 0.11036706349206349
5 0.498015873015873 0.47643849206349204 0.056216931216931214 0.13392857142857142
5 0.5517526455026455 0.46986607142857145 0.05919312169312169 0.12574404761904762
5 0.6064814814814815 0.4869791666666667 0.05423280423280423 0.09697420634920635
5 0.7162698412698413 0.47978670634920634 0.06018518518518518 0.1371527777777778
5 0.8063822751322751 0.48040674603174605 0.06580687830687831 0.1349206349206349
5 0.8647486772486772 0.47705853174603174 0.05555555555555555 0.13566468253968253
5 0.2561177248677249 0.7766617063492064 0.059854497354497355 0.09449404761904762
5 0.32043650793650796 0.7648809523809523 0.05886243386243386 0.08978174603174603
5 0.5061177248677249 0.7648809523809523 0.07572751322751323 0.09523809523809523
5 0.5676256613756614 0.7625248015873016 0.04794973544973545 0.08903769841269842
5 0.6197089947089947 0.7605406746031746 0.046957671957671955 0.08705357142857142
5 0.6683201058201058 0.771453373015873 0.04828042328042328 0.10342261904761904
5 0.7357804232804233 0.7697172619047619 0.046957671957671955 0.10044642857142858
5 0.7875330687830688 0.7687251984126984 0.050595238095238096 0.09895833333333333
5 0.8343253968253969 0.7723214285714286 0.04563492063492063 0.10317460317460317
5 0.8850859788359788 0.6252480158730159 0.04861111111111111 0.10416666666666667
5 0.8283730158730159 0.6261160714285714 0.05555555555555555 0.10590277777777778
5 0.749834656084656 0.6354166666666666 0.055224867724867725 0.11805555555555555
5 0.6499669312169312 0.6267361111111112 0.05787037037037037 0.1130952380952381
5 0.576058201058201 0.626984126984127 0.05291005291005291 0.1111111111111111
5 0.5276124338624338 0.6312003968253969 0.04728835978835979 0.1195436507936508
6 0.28191137566137564 0.9046378968253969 0.05787037037037037 0.07663690476190477
6 0.33449074074074076 0.8911210317460317 0.05191798941798942 0.08978174603174603
6 0.40062830687830686 0.871155753968254 0.04927248677248677 0.060267857142857144
6 0.25826719576719576 0.6364087301587301 0.05291005291005291 0.09623015873015874
6 0.3063822751322751 0.6378968253968254 0.04794973544973545 0.09722222222222222
6 0.36044973544973546 0.6396329365079365 0.0582010582010582 0.09722222222222222
6 0.4312169312169312 0.6174355158730159 0.051587301587301584 0.08804563492063493
6 0.4750330687830688 0.30927579365079366 0.06316137566137567 0.14434523809523808
6 0.5373677248677249 0.30952380952380953 0.062169312169312166 0.14831349206349206
6 0.6041666666666666 0.31138392857142855 0.06283068783068783 0.14558531746031747
6 0.6818783068783069 0.30939980158730157 0.07076719576719577 0.14756944444444445
6 0.7666997354497355 0.3187003968253968 0.05787037037037037 0.1349206349206349
6 0.9214616402116402 0.3074156746031746 0.05853174603174603 0.15302579365079366
6 0.5400132275132276 0.11693948412698413 0.07208994708994709 0.16294642857142858
6 0.6848544973544973 0.11594742063492064 0.07473544973544974 0.16592261904761904
6 0.8192791005291006 0.11495535714285714 0.07308201058201058 0.1644345238095238
6 0.8809523809523809 0.11359126984126984 0.05952380952380952 0.16865079365079366
6 0.7571097883597884 0.10590277777777778 0.06117724867724868 0.18055555555555555
6 0.9555224867724867 0.1148313492063492 0.0710978835978836 0.16319444444444445
