2 0.7614087301587301 0.9228670634920635 0.1292989417989418 0.1453373015873016
2 0.6207010582010583 0.9264632936507936 0.13227513227513227 0.14012896825396826
2 0.47470238095238093 0.9264632936507936 0.14186507936507936 0.13566468253968253
2 0.33548280423280424 0.9301835317460317 0.13657407407407407 0.13268849206349206
2 0.19262566137566137 0.9262152777777778 0.1412037037037037 0.1371527777777778
2 0.06068121693121693 0.9229910714285714 0.11871693121693122 0.14260912698412698
2 0.04662698412698413 0.7156498015873016 0.09060846560846561 0.17782738095238096
2 0.14930555555555555 0.714781746031746 0.12863756613756613 0.17807539682539683
2 0.2748015873015873 0.7130456349206349 0.12566137566137567 0.17956349206349206
2 0.3802910052910053 0.7150297619047619 0.08597883597883597 0.17162698412698413
2 0.4580026455026455 0.7114335317460317 0.08333333333333333 0.1708829365079365
2 0.5423280423280423 0.7158978174603174 0.083994708994709 0.17038690476190477
2 0.6311177248677249 0.7170138888888888 0.08432539682539683 0.1701388888888889
2 0.7126322751322751 0.714905753968254 0.08002645502645503 0.16889880952380953
2 0.798941798941799 0.7144097222222222 0.082010582010582 0.1684027777777778
2 0.8802910052910053 0.7132936507936508 0.07804232804232804 0.1671626984126984
2 0.9578373015873016 0.7078373015873016 0.07374338624338625 0.16666666666666666
2 0.036210317460317464 0.5167410714285714 0.07242063492063493 0.17733134920634921
2 0.19196428571428573 0.5128968253968254 0.09292328042328042 0.1736111111111111
2 0.27761243386243384 0.5131448412698413 0.08763227513227513 0.1736111111111111
2 0.36044973544973546 0.5115327380952381 0.08994708994708994 0.17385912698412698
2 0.4441137566137566 0.5122767857142857 0.082010582010582 0.16939484126984128
2 0.5264550264550265 0.5120287698412699 0.08531746031746032 0.17435515873015872
2 0.6435185185185185 0.5084325396825397 0.09060846560846561 0.1691468253968254
2 0.7346230158730159 0.5109126984126984 0.08961640211640212 0.16865079365079366
2 0.8212632275132276 0.5093005952380952 0.08763227513227513 0.16790674603174602
2 0.9125330687830688 0.5096726190476191 0.08630952380952381 0.17063492063492064
2 0.9776785714285714 0.5093005952380952 0.04332010582010582 0.171875
2 0.04050925925925926 0.31287202380952384 0.07771164021164022 0.17038690476190477
2 0.10648148148148148 0.31225198412698413 0.07539682539682539 0.16865079365079366
2 0.17046957671957672 0.3108878968253968 0.07837301587301587 0.1684027777777778
2 0.23958333333333334 0.31125992063492064 0.07705026455026455 0.1691468253968254
2 0.30952380952380953 0.31125992063492064 0.07142857142857142 0.16765873015873015
2 0.3761574074074074 0.3115079365079365 0.06911375661375661 0.16666666666666666
2 0.4408068783068783 0.3118799603174603 0.06613756613756613 0.16741071428571427
2 0.5033068783068783 0.31039186507936506 0.06878306878306878 0.1654265873015873
2 0.5676256613756614 0.3101438492063492 0.06580687830687831 0.16393849206349206
2 0.6314484126984127 0.30964781746031744 0.06712962962962964 0.16245039682539683
2 0.6969246031746031 0.30939980158730157 0.06183862433862434 0.16344246031746032
2 0.7602513227513228 0.3101438492063492 0.06547619047619048 0.16245039682539683
2 0.8252314814814815 0.3091517857142857 0.06646825396825397 0.16294642857142858
2 0.892691798941799 0.30939980158730157 0.06845238095238096 0.16493055555555555
2 0.9558531746031746 0.30927579365079366 0.06977513227513228 0.16170634920634921
2 0.027447089947089946 0.0920138888888889 0.0496031746031746 0.17410714285714285
2 0.08349867724867725 0.09337797619047619 0.07242063492063493 0.1753472222222222
2 0.15128968253968253 0.09288194444444445 0.07242063492063493 0.17584325396825398
2 0.21941137566137567 0.09399801587301587 0.0744047619047619 0.1736111111111111
2 0.2865410052910053 0.09449404761904762 0.07175925925925926 0.1746031746031746
2 0.3543320105820106 0.09697420634920635 0.06845238095238096 0.17063492063492064
2 0.4193121693121693 0.09709821428571429 0.07076719576719577 0.1728670634920635
2 0.48561507936507936 0.09647817460317461 0.07572751322751323 0.17609126984126985
2 0.544808201058201 0.1056547619047619 0.049933862433862435 0.15376984126984128
2 0.6016865079365079 0.09623015873015874 0.06845238095238096 0.17410714285714285
2 0.6678240740740741 0.09486607142857142 0.0710978835978836 0.17435515873015872
2 0.7346230158730159 0.09399801587301587 0.06779100529100529 0.17807539682539683
2 0.8037367724867724 0.09399801587301587 0.07175925925925926 0.17708333333333334
2 0.8702050264550265 0.09573412698412699 0.06779100529100529 0.1736111111111111
2 0.9371693121693122 0.09734623015873016 0.06812169312169312 0.17683531746031747
