0 0.024479166666666666 0.115625 0.042708333333333334 0.1
0 0.08020833333333334 0.109375 0.06875 0.1015625
0 0.18385416666666668 0.08984375 0.059375 0.121875
0 0.2453125 0.080078125 0.06145833333333333 0.12734375
0 0.30572916666666666 0.0734375 0.06145833333333333 0.128125
0 0.37083333333333335 0.06953125 0.06666666666666667 0.125
0 0.46458333333333335 0.068359375 0.04791666666666667 0.10546875
0 0.525 0.06171875 0.06875 0.1078125
0 0.6427083333333333 0.099609375 0.14166666666666666 0.18359375
0 0.7864583333333334 0.090625 0.14583333333333334 0.178125
0 0.06875 0.255859375 0.06666666666666667 0.11640625
0 0.13177083333333334 0.256640625 0.059375 0.10859375
0 0.2390625 0.262890625 0.05520833333333333 0.08984375
0 0.3020833333333333 0.25 0.06875 0.1125
0 0.378125 0.24453125 0.06458333333333334 0.1203125
0 0.43802083333333336 0.243359375 0.05520833333333333 0.11796875
0 0.5010416666666667 0.23046875 0.07083333333333333 0.140625
0 0.5947916666666667 0.35078125 0.08333333333333333 0.153125
0 0.6833333333333333 0.35078125 0.09375 0.1546875
0 0.7796875 0.351953125 0.096875 0.15703125
0 0.8807291666666667 0.3515625 0.103125 0.159375
0 0.9671875 0.3453125 0.059375 0.1671875
0 0.018229166666666668 0.41015625 0.03229166666666667 0.090625
0 0.053125 0.408984375 0.0375 0.09296875
0 0.09479166666666666 0.410546875 0.04791666666666667 0.09609375
0 0.14791666666666667 0.418359375 0.058333333333333334 0.08515625
0 0.20729166666666668 0.413671875 0.05 0.09765625
0 0.2671875 0.41484375 0.051041666666666666 0.103125
0 0.3171875 0.413671875 0.051041666666666666 0.10546875
0 0.3729166666666667 0.41484375 0.05416666666666667 0.1109375
0 0.42552083333333335 0.415234375 0.051041666666666666 0.11328125
0 0.4796875 0.417578125 0.057291666666666664 0.11328125
0 0.5354166666666667 0.417578125 0.052083333333333336 0.11484375
0 0.04479166666666667 0.52578125 0.04791666666666667 0.0984375
0 0.12447916666666667 0.533984375 0.051041666666666666 0.09453125
0 0.18229166666666666 0.533203125 0.03958333333333333 0.09609375
0 0.22239583333333332 0.535546875 0.040625 0.09921875
0 0.26666666666666666 0.538671875 0.04583333333333333 0.09921875
0 0.37552083333333336 0.552734375 0.042708333333333334 0.10859375
0 0.4234375 0.555078125 0.04895833333333333 0.11328125
0 0.4744791666666667 0.55625 0.046875 0.1140625
0 0.5239583333333333 0.5640625 0.052083333333333336 0.115625
0 0.59375 0.58203125 0.08958333333333333 0.1515625
0 0.6838541666666667 0.58671875 0.08645833333333333 0.1578125
0 0.7755208333333333 0.593359375 0.096875 0.16171875
0 0.871875 0.602734375 0.09583333333333334 0.16171875
0 0.9567708333333333 0.6140625 0.078125 0.175
0 0.043229166666666666 0.633203125 0.05520833333333333 0.08671875
0 0.09739583333333333 0.640625 0.057291666666666664 0.0890625
0 0.1515625 0.64921875 0.051041666666666666 0.0921875
0 0.21614583333333334 0.658984375 0.053125 0.08984375
0 0.26979166666666665 0.66796875 0.04791666666666667 0.0953125
0 0.33697916666666666 0.675390625 0.04895833333333333 0.09765625
0 0.3854166666666667 0.673046875 0.04375 0.08828125
0 0.43385416666666665 0.687109375 0.057291666666666664 0.10078125
0 0.5135416666666667 0.697265625 0.05416666666666667 0.10546875
0 0.5817708333333333 0.773828125 0.084375 0.15078125
0 0.6692708333333334 0.787109375 0.090625 0.15703125
0 0.7744791666666667 0.789453125 0.08229166666666667 0.17421875
0 0.8598958333333333 0.7890625 0.078125 0.1484375
0 0.9401041666666666 0.81796875 0.09270833333333334 0.1765625
0 0.04739583333333333 0.7390625 0.051041666666666666 0.078125
0 0.1296875 0.75625 0.036458333333333336 0.0859375
0 0.17083333333333334 0.765234375 0.0375 0.08671875
0 0.225 0.776171875 0.041666666666666664 0.09453125
0 0.3104166666666667 0.791015625 0.0375 0.08828125
0 0.35260416666666666 0.800390625 0.046875 0.09453125
0 0.4005208333333333 0.812109375 0.051041666666666666 0.09921875
0 0.5177083333333333 0.833984375 0.04375 0.09765625
0 0.43697916666666664 0.9515625 0.051041666666666666 0.0921875
0 0.490625 0.9609375 0.05416666666666667 0.0765625
0 0.5671875 0.951953125 0.06979166666666667 0.09296875
0 0.6505208333333333 0.960546875 0.08645833333333333 0.07578125
