2 0.9212962962962963 0.884796626984127 0.08267195767195767 0.15500992063492064
2 0.8382936507936508 0.8836805555555556 0.08068783068783068 0.15376984126984128
2 0.7572751322751323 0.8810763888888888 0.08664021164021164 0.15302579365079366
2 0.5902777777777778 0.8907490079365079 0.09457671957671958 0.1579861111111111
2 0.6749338624338624 0.888640873015873 0.08068783068783068 0.15674603174603174
2 0.5077711640211641 0.8939732142857143 0.08167989417989419 0.15600198412698413
2 0.4262566137566138 0.8834325396825397 0.07738095238095238 0.1498015873015873
2 0.34325396825396826 0.8854166666666666 0.08664021164021164 0.1498015873015873
2 0.09358465608465609 0.8911210317460317 0.08531746031746032 0.16121031746031747
2 0.1787367724867725 0.8872767857142857 0.08630952380952381 0.15997023809523808
2 0.2619047619047619 0.8844246031746031 0.0787037037037037 0.15873015873015872
2 0.9378306878306878 0.6405009920634921 0.042328042328042326 0.14756944444444445
2 0.8859126984126984 0.6385168650793651 0.05952380952380952 0.14558531746031747
2 0.8270502645502645 0.6396329365079365 0.05886243386243386 0.14384920634920634
2 0.7709986772486772 0.6395089285714286 0.05919312169312169 0.14360119047619047
2 0.7136243386243386 0.6393849206349206 0.05555555555555555 0.14384920634920634
2 0.65625 0.6388888888888888 0.06117724867724868 0.14583333333333334
2 0.5982142857142857 0.6397569444444444 0.0582010582010582 0.14508928571428573
2 0.5400132275132276 0.638640873015873 0.056878306878306875 0.14384920634920634
2 0.48412698412698413 0.638640873015873 0.0582010582010582 0.13938492063492064
2 0.4269179894179894 0.6400049603174603 0.05555555555555555 0.14012896825396826
2 0.3697089947089947 0.6396329365079365 0.062169312169312166 0.14087301587301587
2 0.07919973544973545 0.6402529761904762 0.06382275132275132 0.13913690476190477
2 0.13773148148148148 0.6421130952380952 0.0625 0.1388888888888889
2 0.1960978835978836 0.6419890873015873 0.061507936507936505 0.13913690476190477
2 0.2534722222222222 0.6411210317460317 0.059854497354497355 0.14087301587301587
2 0.3123346560846561 0.6395089285714286 0.059854497354497355 0.140625
2 0.06117724867724868 0.4644097222222222 0.06613756613756613 0.15104166666666666
2 0.12318121693121693 0.4651537698412698 0.06514550264550265 0.15252976190476192
2 0.18468915343915343 0.4650297619047619 0.0625 0.15178571428571427
2 0.24520502645502645 0.4661458333333333 0.0625 0.1505456349206349
2 0.304728835978836 0.466765873015873 0.06117724867724868 0.14831349206349206
2 0.36574074074074076 0.46763392857142855 0.05952380952380952 0.1505456349206349
2 0.423776455026455 0.48549107142857145 0.060515873015873016 0.11284722222222222
2 0.4818121693121693 0.48449900793650796 0.056878306878306875 0.10987103174603174
2 0.5433201058201058 0.4654017857142857 0.051587301587301584 0.15004960317460317
2 0.5982142857142857 0.4660218253968254 0.057539682539682536 0.15128968253968253
2 0.6570767195767195 0.4671378968253968 0.05886243386243386 0.1480654761904762
2 0.7159391534391535 0.4673859126984127 0.05952380952380952 0.1505456349206349
2 0.7751322751322751 0.46651785714285715 0.06349206349206349 0.15128968253968253
2 0.8359788359788359 0.46750992063492064 0.05952380952380952 0.15228174603174602
2 0.8959986772486772 0.4680059523809524 0.06117724867724868 0.15376984126984128
2 0.955191798941799 0.46564980158730157 0.059854497354497355 0.1515376984126984
2 0.03802910052910053 0.2777777777777778 0.06878306878306878 0.16170634920634921
2 0.10218253968253968 0.27740575396825395 0.0667989417989418 0.16046626984126985
2 0.16765873015873015 0.2777777777777778 0.06812169312169312 0.16071428571428573
2 0.2318121693121693 0.2788938492063492 0.06878306878306878 0.15997023809523808
2 0.2941468253968254 0.28013392857142855 0.06382275132275132 0.15947420634920634
2 0.3568121693121693 0.279265873015873 0.06415343915343916 0.16220238095238096
2 0.4181547619047619 0.2786458333333333 0.06117724867724868 0.16046626984126985
2 0.48296957671957674 0.28174603174603174 0.06712962962962964 0.16021825396825398
2 0.5454695767195767 0.2819940476190476 0.06448412698412699 0.16220238095238096
2 0.6089616402116402 0.28125 0.0625 0.16021825396825398
2 0.6722883597883598 0.28137400793650796 0.06547619047619048 0.15997023809523808
2 0.736441798941799 0.28087797619047616 0.061507936507936505 0.1579861111111111
2 0.7954695767195767 0.28125 0.06117724867724868 0.15873015873015872
2 0.8589616402116402 0.28075396825396826 0.07043650793650794 0.16071428571428573
2 0.9249338624338624 0.28087797619047616 0.06415343915343916 0.1589781746031746
2 0.9755291005291006 0.28013392857142855 0.041666666666666664 0.15947420634920634
