2 0.027116402116402115 0.12574404761904762 0.04894179894179894 0.22123015873015872
2 0.10052910052910052 0.1307043650793651 0.09854497354497355 0.22371031746031747
2 0.20105820105820105 0.1375248015873016 0.10185185185185185 0.22495039682539683
2 0.20205026455026456 0.1359126984126984 0.08928571428571429 0.22271825396825398
2 0.2931547619047619 0.14682539682539683 0.09226190476190477 0.2123015873015873
2 0.388723544973545 0.14794146825396826 0.0882936507936508 0.21800595238095238
2 0.478505291005291 0.15215773809523808 0.09259259259259259 0.21750992063492064
2 0.5697751322751323 0.15637400793650794 0.09060846560846561 0.2160218253968254
2 0.6603835978835979 0.1589781746031746 0.09060846560846561 0.21676587301587302
2 0.750165343915344 0.16654265873015872 0.08498677248677249 0.21106150793650794
2 0.8369708994708994 0.16964285714285715 0.08994708994708994 0.21180555555555555
2 0.9265873015873016 0.1722470238095238 0.08796296296296297 0.21651785714285715
2 0.07473544973544974 0.4568452380952381 0.09854497354497355 0.23214285714285715
2 0.1767526455026455 0.45783730158730157 0.08366402116402116 0.23214285714285715
2 0.26884920634920634 0.4603174603174603 0.08928571428571429 0.23313492063492064
2 0.3602843915343915 0.46378968253968256 0.09292328042328042 0.23214285714285715
2 0.4556878306878307 0.4652777777777778 0.08862433862433862 0.22767857142857142
2 0.546792328042328 0.46750992063492064 0.08630952380952381 0.23115079365079366
2 0.6374007936507936 0.4701140873015873 0.08763227513227513 0.22594246031746032
2 0.7286706349206349 0.4729662698412698 0.08564814814814815 0.23115079365079366
2 0.8158068783068783 0.47470238095238093 0.09193121693121693 0.22916666666666666
2 0.9034391534391535 0.4774305555555556 0.0873015873015873 0.22172619047619047
2 0.9717261904761905 0.4791666666666667 0.05125661375661376 0.22073412698412698
2 0.16832010582010581 0.7705853174603174 0.18584656084656084 0.31845238095238093
2 0.3697089947089947 0.7709573412698413 0.16997354497354497 0.3082837301587302
2 0.5438161375661376 0.767609126984127 0.17427248677248677 0.29811507936507936
2 0.7184193121693122 0.7707093253968254 0.16832010582010581 0.30084325396825395
2 0.8870701058201058 0.7710813492063492 0.16765873015873015 0.29662698412698413
