4 0.11144179894179894 0.1209077380952381 0.04497354497354497 0.06870039682539683
4 0.1529431216931217 0.12227182539682539 0.04133597883597884 0.06944444444444445
4 0.19378306878306878 0.12351190476190477 0.03968253968253968 0.06349206349206349
4 0.23445767195767195 0.12425595238095238 0.04298941798941799 0.059027777777777776
4 0.2791005291005291 0.10677083333333333 0.046957671957671955 0.08953373015873016
4 0.32060185185185186 0.1076388888888889 0.040674603174603176 0.08928571428571429
4 0.11673280423280423 0.2177579365079365 0.03835978835978836 0.07341269841269842
4 0.1527777777777778 0.21713789682539683 0.03968253968253968 0.07663690476190477
4 0.18799603174603174 0.21502976190476192 0.03935185185185185 0.07539682539682539
4 0.22470238095238096 0.2152777777777778 0.03736772486772487 0.07688492063492064
4 0.2605820105820106 0.21391369047619047 0.03571428571428571 0.07564484126984126
4 0.29447751322751325 0.2126736111111111 0.034722222222222224 0.07713293650793651
4 0.32936507936507936 0.21242559523809523 0.03835978835978836 0.07961309523809523
4 0.36061507936507936 0.1076388888888889 0.04398148148148148 0.08779761904761904
4 0.421957671957672 0.10540674603174603 0.04563492063492063 0.09027777777777778
4 0.46511243386243384 0.10602678571428571 0.04133597883597884 0.08804563492063493
4 0.36755952380952384 0.2105654761904762 0.03736772486772487 0.07936507936507936
4 0.40343915343915343 0.2099454365079365 0.03968253968253968 0.08110119047619048
4 0.44031084656084657 0.20932539682539683 0.03802910052910053 0.07886904761904762
4 0.4773478835978836 0.20932539682539683 0.03670634920634921 0.07886904761904762
4 0.5132275132275133 0.2088293650793651 0.03902116402116402 0.07738095238095238
4 0.5201719576719577 0.11011904761904762 0.03902116402116402 0.07192460317460317
4 0.5603505291005291 0.10119047619047619 0.040013227513227514 0.08085317460317461
4 0.5998677248677249 0.10168650793650794 0.041005291005291 0.08978174603174603
4 0.6415343915343915 0.09858630952380952 0.04365079365079365 0.09052579365079365
4 0.683531746031746 0.09660218253968254 0.04563492063492063 0.08903769841269842
4 0.5464616402116402 0.21168154761904762 0.03009259259259259 0.06919642857142858
4 0.5815145502645502 0.21416170634920634 0.036044973544973546 0.06374007936507936
4 0.6164021164021164 0.2140376984126984 0.03571428571428571 0.0625
4 0.6512896825396826 0.21354166666666666 0.036044973544973546 0.0625
4 0.6848544973544973 0.21354166666666666 0.031084656084656083 0.060515873015873016
4 0.7172619047619048 0.21205357142857142 0.03571428571428571 0.06101190476190476
4 0.7250330687830688 0.10218253968253968 0.0419973544973545 0.07688492063492064
4 0.765542328042328 0.0998263888888889 0.04298941798941799 0.08110119047619048
4 0.8091931216931217 0.09399801587301587 0.04431216931216931 0.09027777777777778
4 0.7585978835978836 0.2099454365079365 0.03571428571428571 0.06522817460317461
4 0.11987433862433862 0.31845238095238093 0.03273809523809524 0.06498015873015874
4 0.1519510582010582 0.31820436507936506 0.035383597883597885 0.06597222222222222
4 0.18501984126984128 0.31808035714285715 0.034722222222222224 0.0642361111111111
4 0.21858465608465608 0.31733630952380953 0.03571428571428571 0.0642361111111111
4 0.25066137566137564 0.31708829365079366 0.037037037037037035 0.06522817460317461
4 0.34226190476190477 0.3158482142857143 0.037698412698412696 0.0662202380952381
4 0.37781084656084657 0.3149801587301587 0.03736772486772487 0.06498015873015874
4 0.4093915343915344 0.31572420634920634 0.03373015873015873 0.06547619047619048
4 0.44146825396825395 0.3141121031746032 0.03835978835978836 0.06721230158730158
4 0.47470238095238093 0.3131200396825397 0.036044973544973546 0.06721230158730158
4 0.5084325396825397 0.3132440476190476 0.03736772486772487 0.06696428571428571
4 0.5423280423280423 0.3131200396825397 0.03571428571428571 0.0662202380952381
4 0.5752314814814815 0.31262400793650796 0.03406084656084656 0.06522817460317461
4 0.6084656084656085 0.31212797619047616 0.03505291005291005 0.0662202380952381
4 0.6431878306878307 0.3116319444444444 0.03439153439153439 0.06572420634920635
4 0.6767526455026455 0.30964781746031744 0.03406084656084656 0.06671626984126984
4 0.7109788359788359 0.30952380952380953 0.03439153439153439 0.06597222222222222
4 0.7455357142857143 0.30865575396825395 0.03273809523809524 0.06572420634920635
4 0.779265873015873 0.3071676587301587 0.035383597883597885 0.06671626984126984
4 0.8146494708994709 0.30580357142857145 0.03406084656084656 0.06746031746031746
4 0.1650132275132275 0.41455853174603174 0.03373015873015873 0.0597718253968254
4 0.2003968253968254 0.4154265873015873 0.03306878306878307 0.057539682539682536
4 0.22933201058201058 0.4156746031746032 0.0333994708994709 0.05853174603174603
4 0.259755291005291 0.41418650793650796 0.03207671957671958 0.06001984126984127
4 0.30869708994708994 0.4115823412698413 0.034722222222222224 0.0642361111111111
4 0.34093915343915343 0.4124503968253968 0.032407407407407406 0.06349206349206349
4 0.3751653439153439 0.41083829365079366 0.036044973544973546 0.06274801587301587
4 0.41451719576719576 0.41294642857142855 0.03406084656084656 0.060515873015873016
4 0.44460978835978837 0.4115823412698413 0.03009259259259259 0.06324404761904762
4 0.4753637566137566 0.4113343253968254 0.03670634920634921 0.06324404761904762
4 0.5090939153439153 0.41121031746031744 0.0333994708994709 0.0625
4 0.5418320105820106 0.41121031746031744 0.03406084656084656 0.06398809523809523
4 0.5749007936507936 0.41021825396825395 0.03406084656084656 0.06349206349206349
4 0.6063161375661376 0.4097222222222222 0.03141534391534392 0.0625
4 0.6412037037037037 0.4088541666666667 0.036375661375661374 0.06324404761904762
4 0.6746031746031746 0.4072420634920635 0.03439153439153439 0.06398809523809523
4 0.7083333333333334 0.40674603174603174 0.03306878306878307 0.06349206349206349
4 0.7415674603174603 0.40649801587301587 0.034722222222222224 0.06398809523809523
4 0.7762896825396826 0.40575396825396826 0.03670634920634921 0.06498015873015874
4 0.8110119047619048 0.40302579365079366 0.036044973544973546 0.06597222222222222
4 0.13525132275132276 0.505828373015873 0.03373015873015873 0.06274801587301587
4 0.1669973544973545 0.5053323412698413 0.03439153439153439 0.061755952380952384
4 0.19940476190476192 0.5055803571428571 0.03439153439153439 0.06125992063492063
4 0.2328042328042328 0.505828373015873 0.036375661375661374 0.058779761904761904
4 0.1402116402116402 0.5902777777777778 0.0291005291005291 0.061507936507936505
4 0.17096560846560846 0.5916418650793651 0.03373015873015873 0.06274801587301587
4 0.20287698412698413 0.5912698412698413 0.03141534391534392 0.06299603174603174
4 0.23346560846560846 0.5916418650793651 0.03373015873015873 0.06374007936507936
4 0.3541666666666667 0.5042162698412699 0.03439153439153439 0.061507936507936505
4 0.3862433862433862 0.503844246031746 0.03505291005291005 0.06274801587301587
4 0.41798941798941797 0.5037202380952381 0.03306878306878307 0.06299603174603174
4 0.45089285714285715 0.5035962301587301 0.0333994708994709 0.06125992063492063
4 0.48296957671957674 0.5024801587301587 0.03406084656084656 0.061507936507936505
4 0.5153769841269841 0.5031001984126984 0.034722222222222224 0.06225198412698413
4 0.5472883597883598 0.5028521825396826 0.03505291005291005 0.06274801587301587
4 0.580191798941799 0.501984126984127 0.03406084656084656 0.06101190476190476
4 0.6122685185185185 0.5026041666666666 0.03273809523809524 0.0597718253968254
4 0.6463293650793651 0.5009920634920635 0.034722222222222224 0.0625
4 0.6787367724867724 0.5009920634920635 0.0333994708994709 0.061507936507936505
4 0.7118055555555556 0.5004960317460317 0.034722222222222224 0.06448412698412699
4 0.746031746031746 0.5007440476190477 0.03373015873015873 0.061507936507936505
4 0.7807539682539683 0.5004960317460317 0.03505291005291005 0.062003968253968256
4 0.8148148148148148 0.5003720238095238 0.03505291005291005 0.06522817460317461
4 0.35383597883597884 0.5905257936507936 0.03505291005291005 0.06349206349206349
4 0.3898809523809524 0.5936259920634921 0.03373015873015873 0.058779761904761904
4 0.42228835978835977 0.5913938492063492 0.031746031746031744 0.06324404761904762
4 0.4538690476190476 0.5915178571428571 0.0333994708994709 0.061507936507936505
4 0.48644179894179895 0.5912698412698413 0.03306878306878307 0.06299603174603174
4 0.517526455026455 0.5908978174603174 0.032407407407407406 0.0642361111111111
4 0.5509259259259259 0.5907738095238095 0.03439153439153439 0.06597222222222222
4 0.5830026455026455 0.5913938492063492 0.032407407407407406 0.06225198412698413
4 0.6159060846560847 0.5915178571428571 0.03406084656084656 0.06398809523809523
4 0.6491402116402116 0.5915178571428571 0.03505291005291005 0.06498015873015874
4 0.6825396825396826 0.5925099206349206 0.032407407407407406 0.06547619047619048
4 0.7166005291005291 0.5928819444444444 0.03306878306878307 0.0642361111111111
4 0.7488425925925926 0.5910218253968254 0.034722222222222224 0.06646825396825397
4 0.7827380952380952 0.5918898809523809 0.032407407407407406 0.06374007936507936
4 0.816468253968254 0.591765873015873 0.03306878306878307 0.06746031746031746
4 0.18452380952380953 0.7053571428571429 0.05886243386243386 0.1388888888888889
4 0.35697751322751325 0.716765873015873 0.06514550264550265 0.15873015873015872
4 0.41187169312169314 0.7048611111111112 0.05588624338624339 0.1349206349206349
4 0.46494708994708994 0.7073412698412699 0.061507936507936505 0.13938492063492064
4 0.671957671957672 0.7067212301587301 0.057539682539682536 0.1371527777777778
4 0.7389219576719577 0.7163938492063492 0.06316137566137567 0.15600198412698413
4 0.8019179894179894 0.7161458333333334 0.062169312169312166 0.15550595238095238
4 0.16220238095238096 0.9112103174603174 0.06580687830687831 0.17162698412698413
4 0.22503306878306878 0.9153025793650794 0.06646825396825397 0.16344246031746032
4 0.2888558201058201 0.9118303571428571 0.06845238095238096 0.17137896825396826
4 0.36061507936507936 0.8877728174603174 0.05720899470899471 0.15401785714285715
4 0.41980820105820105 0.8874007936507936 0.06183862433862434 0.15228174603174602
4 0.47701719576719576 0.8857886904761905 0.05720899470899471 0.14856150793650794
4 0.5355489417989417 0.8955853174603174 0.060515873015873016 0.12896825396825398
4 0.5868055555555556 0.8728918650793651 0.044642857142857144 0.12028769841269842
4 0.6557539682539683 0.8896329365079365 0.06481481481481481 0.14781746031746032
4 0.7111441798941799 0.8988095238095238 0.0625 0.13194444444444445
4 0.7938161375661376 0.9076140873015873 0.0625 0.1684027777777778
4 0.8966600529100529 0.9153025793650794 0.0539021164021164 0.16145833333333334
4 0.9593253968253969 0.9109623015873016 0.0667989417989418 0.17162698412698413
4 0.8883928571428571 0.6949404761904762 0.03802910052910053 0.11011904761904762
4 0.9325396825396826 0.6995287698412699 0.05423280423280423 0.09846230158730158
4 0.888558201058201 0.583953373015873 0.041005291005291 0.07713293650793651
4 0.9426256613756614 0.5823412698412699 0.03935185185185185 0.07291666666666667
4 0.9055886243386243 0.39732142857142855 0.045304232804232805 0.07837301587301587
4 0.9780092592592593 0.39459325396825395 0.03869047619047619 0.07490079365079365
4 0.9494047619047619 0.2993551587301587 0.041666666666666664 0.07490079365079365
4 0.9052579365079365 0.29811507936507936 0.044642857142857144 0.0798611111111111
4 0.904431216931217 0.20027281746031747 0.041666666666666664 0.07713293650793651
4 0.9456018518518519 0.1984126984126984 0.040013227513227514 0.08035714285714286
4 0.9818121693121693 0.19680059523809523 0.031084656084656083 0.07961309523809523
