6 0.057374338624338626 0.8266369047619048 0.11342592592592593 0.23561507936507936
6 0.13310185185185186 0.8023313492063492 0.09424603174603174 0.21428571428571427
6 0.22503306878306878 0.8031994047619048 0.09226190476190477 0.20907738095238096
6 0.30009920634920634 0.8113839285714286 0.1292989417989418 0.23487103174603174
6 0.4021164021164021 0.8158482142857143 0.10648148148148148 0.24776785714285715
6 0.5838293650793651 0.7699652777777778 0.07771164021164022 0.2943948412698413
6 0.6623677248677249 0.7750496031746031 0.13425925925925927 0.3020833333333333
6 0.7764550264550265 0.7723214285714286 0.12103174603174603 0.3020833333333333
6 0.8857473544973545 0.7672371031746031 0.13855820105820105 0.30778769841269843
6 0.9565145502645502 0.761780753968254 0.08366402116402116 0.30084325396825395
6 0.9039351851851852 0.2838541666666667 0.13392857142857142 0.29538690476190477
5 0.0775462962962963 0.2994791666666667 0.13723544973544974 0.28695436507936506
5 0.2048611111111111 0.29712301587301587 0.11210317460317461 0.2896825396825397
5 0.30257936507936506 0.31374007936507936 0.0992063492063492 0.25496031746031744
5 0.4037698412698413 0.2932787698412698 0.11706349206349206 0.29637896825396826
5 0.5193452380952381 0.28869047619047616 0.11871693121693122 0.29811507936507936
5 0.6400462962962963 0.28521825396825395 0.11673280423280423 0.29910714285714285
5 0.7392526455026455 0.3081597222222222 0.09027777777777778 0.2591765873015873
