0 0.1207010582010582 0.10639880952380952 0.04431216931216931 0.10863095238095238
0 0.16352513227513227 0.09821428571428571 0.050595238095238096 0.1259920634920635
0 0.10284391534391535 0.25806051587301587 0.0701058201058201 0.11731150793650794
0 0.18667328042328044 0.2621527777777778 0.055224867724867725 0.1130952380952381
0 0.24371693121693122 0.26091269841269843 0.062169312169312166 0.11507936507936507
0 0.32175925925925924 0.2601686507936508 0.06746031746031746 0.12251984126984126
0 0.38756613756613756 0.255828373015873 0.06481481481481481 0.13368055555555555
0 0.4503968253968254 0.263640873015873 0.06018518518518518 0.12003968253968254
0 0.5109126984126984 0.2568204365079365 0.06084656084656084 0.13665674603174602
0 0.48412698412698413 0.08754960317460317 0.10119047619047619 0.16517857142857142
0 0.5834986772486772 0.08928571428571429 0.09424603174603174 0.16319444444444445
0 0.6805555555555556 0.09734623015873016 0.09391534391534391 0.15600198412698413
0 0.7767857142857143 0.09623015873015874 0.09391534391534391 0.16021825396825398
0 0.884755291005291 0.09883432539682539 0.105489417989418 0.16145833333333334
0 0.5709325396825397 0.2604166666666667 0.059854497354497355 0.12946428571428573
0 0.6322751322751323 0.26103670634920634 0.062169312169312166 0.12822420634920634
0 0.6911375661375662 0.2689732142857143 0.056878306878306875 0.11433531746031746
0 0.7453703703703703 0.2693452380952381 0.0582010582010582 0.11507936507936507
0 0.8030753968253969 0.27132936507936506 0.05324074074074074 0.11359126984126984
0 0.8700396825396826 0.26884920634920634 0.047619047619047616 0.11755952380952381
0 0.9282407407407407 0.2697172619047619 0.061507936507936505 0.11830357142857142
0 0.10863095238095238 0.4086061507936508 0.059854497354497355 0.10739087301587301
0 0.1962632275132275 0.40649801587301587 0.05853174603174603 0.10515873015873016
0 0.25363756613756616 0.40749007936507936 0.06878306878306878 0.11160714285714286
0 0.32242063492063494 0.40240575396825395 0.057539682539682536 0.12425595238095238
0 0.38822751322751325 0.41381448412698413 0.05952380952380952 0.10689484126984126
0 0.4546957671957672 0.4134424603174603 0.062169312169312166 0.10813492063492064
0 0.5122354497354498 0.40773809523809523 0.05489417989417989 0.12251984126984126
0 0.5699404761904762 0.4146825396825397 0.05853174603174603 0.10615079365079365
0 0.6273148148148148 0.4164186507936508 0.05489417989417989 0.10069444444444445
0 0.6841931216931217 0.4117063492063492 0.05886243386243386 0.11656746031746032
0 0.7435515873015873 0.412078373015873 0.059854497354497355 0.11681547619047619
0 0.8037367724867724 0.41356646825396826 0.059854497354497355 0.11284722222222222
0 0.8634259259259259 0.4123263888888889 0.06084656084656084 0.1158234126984127
0 0.9184854497354498 0.41108630952380953 0.04794973544973545 0.11631944444444445
0 0.1378968253968254 0.5704365079365079 0.08002645502645503 0.13839285714285715
0 0.22387566137566137 0.5724206349206349 0.08531746031746032 0.14037698412698413
0 0.30886243386243384 0.5720486111111112 0.08597883597883597 0.1416170634920635
0 0.513558201058201 0.5407986111111112 0.061507936507936505 0.11929563492063493
0 0.5712632275132276 0.5456349206349206 0.04794973544973545 0.11904761904761904
0 0.6203703703703703 0.566468253968254 0.0701058201058201 0.125
0 0.7733134920634921 0.5718005952380952 0.08432539682539683 0.1297123015873016
0 0.841765873015873 0.5680803571428571 0.05787037037037037 0.1331845238095238
0 0.14897486772486773 0.7440476190476191 0.0763888888888889 0.12896825396825398
0 0.22718253968253968 0.7440476190476191 0.07738095238095238 0.12400793650793651
0 0.30770502645502645 0.7444196428571429 0.08167989417989419 0.1267361111111111
0 0.5178571428571429 0.7253224206349206 0.07275132275132275 0.13467261904761904
0 0.58994708994709 0.7366071428571429 0.0701058201058201 0.1388888888888889
0 0.7412367724867724 0.7419394841269841 0.0710978835978836 0.1297123015873016
0 0.8129960317460317 0.7389632936507936 0.06845238095238096 0.13516865079365079
0 0.8720238095238095 0.7374751984126984 0.051587301587301584 0.1212797619047619
0 0.136739417989418 0.9207589285714286 0.05720899470899471 0.13665674603174602
0 0.20535714285714285 0.9155505952380952 0.07142857142857142 0.14657738095238096
0 0.28290343915343913 0.9145585317460317 0.07837301587301587 0.14459325396825398
0 0.36160714285714285 0.9203869047619048 0.0796957671957672 0.1378968253968254
0 0.4419642857142857 0.9211309523809523 0.07506613756613757 0.14434523809523808
0 0.5158730158730159 0.9175347222222222 0.07208994708994709 0.1440972222222222
0 0.7349537037037037 0.9105902777777778 0.06712962962962964 0.14260912698412698
0 0.8078703703703703 0.9087301587301587 0.07539682539682539 0.1433531746031746
0 0.8796296296296297 0.9076140873015873 0.06746031746031746 0.13467261904761904
