5 0.12417328042328042 0.19407242063492064 0.15178571428571427 0.3023313492063492
5 0.2541335978835979 0.20126488095238096 0.14583333333333334 0.28794642857142855
5 0.4083994708994709 0.19816468253968253 0.12235449735449735 0.30456349206349204
5 0.542989417989418 0.2010168650793651 0.1164021164021164 0.31274801587301587
5 0.6651785714285714 0.24169146825396826 0.10615079365079365 0.23635912698412698
5 0.7769510582010583 0.24553571428571427 0.10813492063492064 0.23809523809523808
5 0.8943452380952381 0.24615575396825398 0.11276455026455026 0.23735119047619047
5 0.16964285714285715 0.5207093253968254 0.10251322751322751 0.18328373015873015
5 0.26025132275132273 0.5255456349206349 0.09523809523809523 0.17509920634920634
5 0.341765873015873 0.5183531746031746 0.06911375661375661 0.17708333333333334
5 0.41881613756613756 0.5369543650793651 0.09623015873015874 0.19692460317460317
5 0.5066137566137566 0.5338541666666666 0.08002645502645503 0.19122023809523808
5 0.6164021164021164 0.5512152777777778 0.083994708994709 0.19866071428571427
5 0.718584656084656 0.5575396825396826 0.08664021164021164 0.19642857142857142
5 0.8110119047619048 0.5618799603174603 0.08564814814814815 0.20064484126984128
5 0.9138558201058201 0.566344246031746 0.09623015873015874 0.20114087301587302
5 0.3351521164021164 0.8391617063492064 0.1001984126984127 0.19370039682539683
5 0.492228835978836 0.824280753968254 0.08630952380952381 0.18427579365079366
5 0.19477513227513227 0.7991071428571429 0.10714285714285714 0.18551587301587302
5 0.10648148148148148 0.7810019841269841 0.07076719576719577 0.18700396825396826
5 0.03885582010582011 0.7602926587301587 0.07506613756613757 0.16741071428571427
5 0.6168981481481481 0.8324652777777778 0.0916005291005291 0.19469246031746032
5 0.7247023809523809 0.8753720238095238 0.10284391534391535 0.1966765873015873
5 0.8303571428571429 0.8816964285714286 0.10978835978835978 0.20436507936507936
5 0.9358465608465608 0.8756200396825397 0.10185185185185185 0.1956845238095238
