5 0.09375 0.902281746031746 0.10152116402116403 0.1527777777777778
5 0.17394179894179895 0.8957093253968254 0.09193121693121693 0.1515376984126984
5 0.2620701058201058 0.8907490079365079 0.06646825396825397 0.1609623015873016
5 0.33449074074074076 0.9053819444444444 0.08432539682539683 0.15500992063492064
5 0.036871693121693125 0.6558779761904762 0.06977513227513228 0.16344246031746032
5 0.09904100529100529 0.6583581349206349 0.09689153439153439 0.16790674603174602
5 0.175760582010582 0.6588541666666666 0.09490740740740741 0.1684027777777778
5 0.25826719576719576 0.6595982142857143 0.09193121693121693 0.1708829365079365
5 0.3447420634920635 0.6485615079365079 0.06845238095238096 0.14484126984126985
5 0.031084656084656083 0.4583333333333333 0.062169312169312166 0.15228174603174602
5 0.09755291005291006 0.45498511904761907 0.09126984126984126 0.14905753968253968
5 0.18783068783068782 0.45523313492063494 0.0873015873015873 0.14905753968253968
6 0.4080687830687831 0.9045138888888888 0.0667989417989418 0.1572420634920635
6 0.4763558201058201 0.9046378968253969 0.06580687830687831 0.1470734126984127
6 0.5532407407407407 0.9015376984126984 0.06415343915343916 0.1488095238095238
6 0.6316137566137566 0.9131944444444444 0.0701058201058201 0.15079365079365079
6 0.7182539682539683 0.9145585317460317 0.062169312169312166 0.14756944444444445
6 0.7881944444444444 0.8979414682539683 0.0539021164021164 0.14905753968253968
6 0.40922619047619047 0.660218253968254 0.06382275132275132 0.16220238095238096
6 0.4798280423280423 0.6674107142857143 0.07671957671957672 0.1701388888888889
6 0.5669642857142857 0.6640625 0.06977513227513228 0.16393849206349206
6 0.6416997354497355 0.6635664682539683 0.0744047619047619 0.17336309523809523
6 0.7311507936507936 0.668030753968254 0.07605820105820106 0.17137896825396826
6 0.8120039682539683 0.6700148809523809 0.07374338624338625 0.17385912698412698
6 0.8893849206349206 0.6707589285714286 0.08035714285714286 0.17584325396825398
6 0.9594907407407407 0.6666666666666666 0.07374338624338625 0.1691468253968254
6 0.29133597883597884 0.4568452380952381 0.07804232804232804 0.1463293650793651
6 0.37632275132275134 0.4497767857142857 0.07473544973544974 0.14012896825396826
6 0.5206679894179894 0.4115823412698413 0.05853174603174603 0.1232638888888889
6 0.4566798941798942 0.4391121031746032 0.06746031746031746 0.13665674603174602
6 0.5963955026455027 0.4600694444444444 0.07242063492063493 0.14781746031746032
6 0.6775793650793651 0.45982142857142855 0.08002645502645503 0.14930555555555555
6 0.7653769841269841 0.45969742063492064 0.0763888888888889 0.15302579365079366
6 0.05423280423280423 0.18167162698412698 0.09986772486772487 0.16741071428571427
6 0.12665343915343916 0.18253968253968253 0.06812169312169312 0.1597222222222222
6 0.22900132275132276 0.17943948412698413 0.09887566137566138 0.17237103174603174
6 0.302744708994709 0.1779513888888889 0.07705026455026455 0.17435515873015872
6 0.36491402116402116 0.1857638888888889 0.06977513227513228 0.1572420634920635
6 0.4307208994708995 0.15004960317460317 0.0625 0.2326388888888889
6 0.4894179894179894 0.15178571428571427 0.0958994708994709 0.23412698412698413
6 0.5704365079365079 0.14967757936507936 0.07936507936507936 0.23487103174603174
6 0.6583994708994709 0.14285714285714285 0.08134920634920635 0.24156746031746032
6 0.7293320105820106 0.14384920634920634 0.08630952380952381 0.23511904761904762
6 0.7886904761904762 0.14719742063492064 0.07539682539682539 0.23933531746031747
6 0.9416335978835979 0.14794146825396826 0.07705026455026455 0.22991071428571427
5 0.9059193121693122 0.43737599206349204 0.07705026455026455 0.2041170634920635
