4 0.8498677248677249 0.13950892857142858 0.08862433862433862 0.1708829365079365
4 0.7625661375661376 0.14484126984126985 0.08597883597883597 0.1691468253968254
4 0.6752645502645502 0.14856150793650794 0.08597883597883597 0.1671626984126984
4 0.5896164021164021 0.15327380952380953 0.09126984126984126 0.16765873015873015
4 0.8392857142857143 0.39372519841269843 0.08068783068783068 0.16294642857142858
4 0.7541335978835979 0.39657738095238093 0.08366402116402116 0.1597222222222222
4 0.6712962962962963 0.3975694444444444 0.07936507936507936 0.15674603174603174
4 0.5067791005291006 0.15339781746031747 0.08763227513227513 0.17137896825396826
4 0.42493386243386244 0.15687003968253968 0.0873015873015873 0.1684027777777778
4 0.34408068783068785 0.1589781746031746 0.08961640211640212 0.16815476190476192
4 0.2628968253968254 0.16220238095238096 0.08928571428571429 0.1671626984126984
4 0.1840277777777778 0.16480654761904762 0.09226190476190477 0.1609623015873016
4 0.10449735449735449 0.16654265873015872 0.09259259259259259 0.1644345238095238
4 0.5906084656084656 0.39818948412698413 0.082010582010582 0.1579861111111111
4 0.5084325396825397 0.40141369047619047 0.08300264550264551 0.15649801587301587
4 0.4290674603174603 0.40128968253968256 0.08763227513227513 0.15873015873015872
4 0.3630952380952381 0.40128968253968256 0.06547619047619048 0.1498015873015873
4 0.271494708994709 0.4037698412698413 0.09259259259259259 0.15674603174603174
4 0.19510582010582012 0.4045138888888889 0.0873015873015873 0.15327380952380953
4 0.05042989417989418 0.4027777777777778 0.09689153439153439 0.14781746031746032
4 0.8406084656084656 0.6273561507936508 0.08796296296296297 0.171875
4 0.7592592592592593 0.6268601190476191 0.07605820105820106 0.15649801587301587
4 0.6754298941798942 0.6314484126984127 0.07837301587301587 0.14434523809523808
4 0.5963955026455027 0.6240079365079365 0.08432539682539683 0.1552579365079365
4 0.5185185185185185 0.6190476190476191 0.07605820105820106 0.15228174603174602
4 0.439484126984127 0.6206597222222222 0.08134920634920635 0.15252976190476192
4 0.36921296296296297 0.625 0.07837301587301587 0.13343253968253968
4 0.28951719576719576 0.6180555555555556 0.08498677248677249 0.14434523809523808
4 0.21643518518518517 0.6158234126984127 0.08366402116402116 0.14384920634920634
4 0.14831349206349206 0.6138392857142857 0.07506613756613757 0.14285714285714285
4 0.0775462962962963 0.6121031746031746 0.07837301587301587 0.13988095238095238
4 0.8387896825396826 0.8509424603174603 0.07837301587301587 0.1572420634920635
4 0.7577711640211641 0.845734126984127 0.07308201058201058 0.1552579365079365
4 0.6802248677248677 0.8404017857142857 0.07407407407407407 0.14905753968253968
4 0.6025132275132276 0.8374255952380952 0.07671957671957672 0.15401785714285715
4 0.5248015873015873 0.8333333333333334 0.0787037037037037 0.15128968253968253
4 0.45006613756613756 0.8292410714285714 0.07473544973544974 0.14955357142857142
4 0.375 0.8237847222222222 0.07738095238095238 0.1440972222222222
4 0.3039021164021164 0.8216765873015873 0.0701058201058201 0.14484126984126985
4 0.23346560846560846 0.8184523809523809 0.0787037037037037 0.13839285714285715
4 0.16087962962962962 0.8112599206349206 0.0763888888888889 0.14484126984126985
4 0.09606481481481481 0.8080357142857143 0.07308201058201058 0.1349206349206349
4 0.03488756613756614 0.8034474206349206 0.06779100529100529 0.14012896825396826
