1 0.11392195767195767 0.1307043650793651 0.12003968253968254 0.17956349206349206
1 0.2447089947089947 0.14508928571428573 0.10449735449735449 0.1488095238095238
1 0.38673941798941797 0.1705109126984127 0.08498677248677249 0.09499007936507936
1 0.47619047619047616 0.16951884920634921 0.08068783068783068 0.09697420634920635
1 0.5887896825396826 0.1195436507936508 0.10615079365079365 0.1939484126984127
1 0.6951058201058201 0.12624007936507936 0.10846560846560846 0.17906746031746032
1 0.8077050264550265 0.11408730158730158 0.11937830687830688 0.19791666666666666
1 0.9203042328042328 0.10825892857142858 0.1111111111111111 0.20114087301587302
1 0.13177910052910052 0.34523809523809523 0.07771164021164022 0.14434523809523808
1 0.21114417989417988 0.3376736111111111 0.08167989417989419 0.15600198412698413
1 0.28521825396825395 0.33568948412698413 0.07705026455026455 0.16294642857142858
1 0.3629298941798942 0.3410218253968254 0.08101851851851852 0.14831349206349206
1 0.43816137566137564 0.34151785714285715 0.07605820105820106 0.1488095238095238
1 0.5143849206349206 0.34064980158730157 0.08101851851851852 0.1480654761904762
1 0.6040013227513228 0.34089781746031744 0.06845238095238096 0.14310515873015872
1 0.6704695767195767 0.3541666666666667 0.06448412698412699 0.11507936507936507
1 0.730489417989418 0.3470982142857143 0.061507936507936505 0.12624007936507936
1 0.8192791005291006 0.3451140873015873 0.08366402116402116 0.12723214285714285
1 0.91005291005291 0.34362599206349204 0.09656084656084656 0.12475198412698413
1 0.16286375661375663 0.5308779761904762 0.10615079365079365 0.14360119047619047
1 0.2594246031746032 0.5288938492063492 0.10482804232804233 0.14012896825396826
1 0.35962301587301587 0.5329861111111112 0.12136243386243387 0.1498015873015873
1 0.47966269841269843 0.5372023809523809 0.10085978835978836 0.14186507936507936
1 0.703042328042328 0.5317460317460317 0.0992063492063492 0.14285714285714285
1 0.859457671957672 0.5234375 0.08796296296296297 0.14657738095238096
1 0.16633597883597884 0.7254464285714286 0.08068783068783068 0.14087301587301587
1 0.24388227513227514 0.7256944444444444 0.08035714285714286 0.14087301587301587
1 0.3229166666666667 0.722594246031746 0.07705026455026455 0.13616071428571427
1 0.39831349206349204 0.7084573412698413 0.07308201058201058 0.13566468253968253
1 0.48759920634920634 0.7230902777777778 0.07771164021164022 0.1416170634920635
1 0.5813492063492064 0.7080853174603174 0.09986772486772487 0.16815476190476192
1 0.6714616402116402 0.6956845238095238 0.09093915343915344 0.1433531746031746
1 0.7885251322751323 0.7059771825396826 0.0916005291005291 0.15997023809523808
1 0.8893849206349206 0.7151537698412699 0.0916005291005291 0.13814484126984128
1 0.18287037037037038 0.8988095238095238 0.12566137566137567 0.16964285714285715
1 0.3194444444444444 0.8681795634920635 0.11838624338624339 0.11383928571428571
1 0.44775132275132273 0.8686755952380952 0.12037037037037036 0.10838293650793651
1 0.5949074074074074 0.8934771825396826 0.1349206349206349 0.16046626984126985
1 0.7142857142857143 0.886656746031746 0.10317460317460317 0.15873015873015872
1 0.8978174603174603 0.9060019841269841 0.12301587301587301 0.17113095238095238
