5 0.5248015873015873 0.34052579365079366 0.07142857142857142 0.15823412698412698
5 0.6511243386243386 0.35887896825396826 0.05886243386243386 0.13293650793650794
5 0.7172619047619048 0.3473462301587302 0.06746031746031746 0.14905753968253968
5 0.7867063492063492 0.35193452380952384 0.051587301587301584 0.1552579365079365
5 0.8500330687830688 0.3490823412698413 0.08366402116402116 0.1684027777777778
5 0.925760582010582 0.36669146825396826 0.06845238095238096 0.14012896825396826
5 0.8012566137566137 0.16009424603174602 0.06349206349206349 0.1589781746031746
5 0.8723544973544973 0.15612599206349206 0.08068783068783068 0.17336309523809523
5 0.564318783068783 0.14856150793650794 0.07308201058201058 0.17113095238095238
5 0.47883597883597884 0.5152529761904762 0.03835978835978836 0.140625
5 0.5793650793650794 0.5183531746031746 0.06547619047619048 0.1453373015873016
5 0.705026455026455 0.5376984126984127 0.06481481481481481 0.11061507936507936
5 0.8091931216931217 0.5199652777777778 0.07208994708994709 0.1331845238095238
5 0.8897156084656085 0.5476190476190477 0.059854497354497355 0.1195436507936508
5 0.958994708994709 0.5353422619047619 0.056216931216931214 0.1515376984126984
5 0.09904100529100529 0.6702628968253969 0.060515873015873016 0.0900297619047619
5 0.15575396825396826 0.668030753968254 0.06415343915343916 0.11780753968253968
5 0.2326388888888889 0.6598462301587301 0.06316137566137567 0.10342261904761904
5 0.5942460317460317 0.6717509920634921 0.057539682539682536 0.11879960317460317
5 0.5388558201058201 0.6655505952380952 0.05324074074074074 0.10739087301587301
5 0.7003968253968254 0.6794394841269841 0.05952380952380952 0.12822420634920634
5 0.8569775132275133 0.6819196428571429 0.05588624338624339 0.12177579365079365
5 0.9174933862433863 0.6945684523809523 0.0625 0.12375992063492064
5 0.9708994708994709 0.6897321428571429 0.051587301587301584 0.12996031746031747
5 0.032407407407407406 0.8013392857142857 0.05423280423280423 0.11408730158730158
5 0.14583333333333334 0.8075396825396826 0.06547619047619048 0.1259920634920635
5 0.19973544973544974 0.7947668650793651 0.047619047619047616 0.09250992063492064
5 0.251984126984127 0.7998511904761905 0.06084656084656084 0.10168650793650794
5 0.34408068783068785 0.8102678571428571 0.06382275132275132 0.125
5 0.4050925925925926 0.814484126984127 0.05952380952380952 0.12896825396825398
5 0.46577380952380953 0.8185763888888888 0.04728835978835979 0.11879960317460317
5 0.5115740740740741 0.8172123015873016 0.046296296296296294 0.12152777777777778
5 0.5639880952380952 0.8214285714285714 0.059854497354497355 0.1259920634920635
5 0.6240079365079365 0.8056795634920635 0.05489417989417989 0.09697420634920635
5 0.6999007936507936 0.8127480158730159 0.06646825396825397 0.09672619047619048
5 0.7683531746031746 0.8462301587301587 0.06183862433862434 0.12996031746031747
5 0.8308531746031746 0.8447420634920635 0.045965608465608467 0.12301587301587301
5 0.8928571428571429 0.8526785714285714 0.05952380952380952 0.13839285714285715
5 0.9447751322751323 0.8562748015873016 0.057539682539682536 0.13020833333333334
5 0.06712962962962964 0.48759920634920634 0.06812169312169312 0.11259920634920635
5 0.1306216931216931 0.4849950396825397 0.05886243386243386 0.10540674603174603
5 0.2640542328042328 0.5093005952380952 0.04794973544973545 0.14310515873015872
5 0.40591931216931215 0.33816964285714285 0.03736772486772487 0.15500992063492064
5 0.2099867724867725 0.3463541666666667 0.07341269841269842 0.1307043650793651
6 0.09639550264550265 0.13665674603174602 0.06514550264550265 0.17212301587301587
6 0.15459656084656084 0.13901289682539683 0.08101851851851852 0.1708829365079365
6 0.23561507936507936 0.1416170634920635 0.0710978835978836 0.16815476190476192
6 0.30257936507936506 0.14893353174603174 0.05952380952380952 0.15500992063492064
6 0.375 0.1474454365079365 0.06812169312169312 0.16294642857142858
6 0.47023809523809523 0.14186507936507936 0.05357142857142857 0.1800595238095238
6 0.4260912698412698 0.14682539682539683 0.03802910052910053 0.1691468253968254
6 0.6473214285714286 0.15649801587301587 0.06911375661375661 0.1626984126984127
6 0.7256944444444444 0.1566220238095238 0.07175925925925926 0.16790674603174602
