6 0.12781084656084657 0.10441468253968254 0.07175925925925926 0.19791666666666666
6 0.19990079365079366 0.10664682539682539 0.06448412698412699 0.19642857142857142
6 0.2628968253968254 0.11669146825396826 0.06878306878306878 0.17782738095238096
6 0.33581349206349204 0.1076388888888889 0.08895502645502645 0.19543650793650794
6 0.46593915343915343 0.11383928571428571 0.0873015873015873 0.19047619047619047
6 0.5679563492063492 0.11383928571428571 0.08234126984126984 0.18898809523809523
6 0.6684854497354498 0.1171875 0.08234126984126984 0.1847718253968254
6 0.7890211640211641 0.12586805555555555 0.08134920634920635 0.17385912698412698
6 0.8716931216931217 0.12574404761904762 0.082010582010582 0.1775793650793651
6 0.953207671957672 0.11991567460317461 0.08630952380952381 0.1892361111111111
6 0.06531084656084656 0.33283730158730157 0.08432539682539683 0.1949404761904762
6 0.15261243386243387 0.33370535714285715 0.08895502645502645 0.19766865079365079
6 0.2612433862433862 0.3444940476190476 0.07407407407407407 0.1875
6 0.34209656084656087 0.3529265873015873 0.08432539682539683 0.16964285714285715
6 0.4211309523809524 0.34263392857142855 0.06911375661375661 0.1902281746031746
6 0.6765873015873016 0.36222718253968256 0.07407407407407407 0.16989087301587302
6 0.7896825396825397 0.35615079365079366 0.0787037037037037 0.1840277777777778
6 0.8792989417989417 0.35305059523809523 0.08796296296296297 0.19122023809523808
6 0.964781746031746 0.3552827380952381 0.06514550264550265 0.19518849206349206
6 0.08978174603174603 0.5465029761904762 0.0744047619047619 0.17584325396825398
6 0.16352513227513227 0.5503472222222222 0.07242063492063493 0.17609126984126985
6 0.23429232804232805 0.5510912698412699 0.06911375661375661 0.17708333333333334
6 0.30439814814814814 0.5590277777777778 0.07771164021164022 0.17559523809523808
6 0.39616402116402116 0.5564236111111112 0.05886243386243386 0.17733134920634921
6 0.4626322751322751 0.5746527777777778 0.07341269841269842 0.15625
6 0.5317460317460317 0.5601438492063492 0.07076719576719577 0.16294642857142858
6 0.6858465608465608 0.5629960317460317 0.07275132275132275 0.1736111111111111
6 0.7495039682539683 0.5657242063492064 0.05125661375661376 0.17162698412698413
6 0.8110119047619048 0.5749007936507936 0.07374338624338625 0.18898809523809523
6 0.5973875661375662 0.5539434523809523 0.05919312169312169 0.16393849206349206
6 0.3315145502645503 0.7637648809523809 0.06117724867724868 0.16691468253968253
5 0.9125330687830688 0.5755208333333334 0.09358465608465609 0.19171626984126985
5 0.1306216931216931 0.7395833333333334 0.07076719576719577 0.13640873015873015
5 0.22486772486772486 0.7359871031746031 0.06283068783068783 0.1232638888888889
5 0.49851190476190477 0.7917906746031746 0.07705026455026455 0.12872023809523808
5 0.8569775132275133 0.7810019841269841 0.07374338624338625 0.16666666666666666
5 0.08994708994708994 0.9362599206349206 0.07804232804232804 0.11507936507936507
5 0.19560185185185186 0.9340277777777778 0.0744047619047619 0.10317460317460317
5 0.27827380952380953 0.9275793650793651 0.06779100529100529 0.08680555555555555
