5 0.10085978835978836 0.14508928571428573 0.0701058201058201 0.17609126984126985
5 0.16980820105820105 0.14223710317460317 0.07374338624338625 0.18080357142857142
5 0.24338624338624337 0.14223710317460317 0.07473544973544974 0.18427579365079366
5 0.32043650793650796 0.14298115079365079 0.05555555555555555 0.17633928571428573
5 0.3738425925925926 0.1433531746031746 0.05588624338624339 0.1810515873015873
5 0.4322089947089947 0.14260912698412698 0.05952380952380952 0.18154761904761904
5 0.4885912698412698 0.14087301587301587 0.055224867724867725 0.1840277777777778
5 0.5446428571428571 0.1396329365079365 0.06349206349206349 0.18452380952380953
5 0.6023478835978836 0.14298115079365079 0.0625 0.1827876984126984
5 0.6716269841269841 0.13529265873015872 0.0873015873015873 0.1956845238095238
5 0.7624007936507936 0.13467261904761904 0.08697089947089948 0.1974206349206349
5 0.8538359788359788 0.1341765873015873 0.08664021164021164 0.19692460317460317
5 0.10598544973544974 0.37103174603174605 0.059854497354497355 0.17410714285714285
5 0.17212301587301587 0.3709077380952381 0.06712962962962964 0.17733134920634921
5 0.2509920634920635 0.37624007936507936 0.05357142857142857 0.17113095238095238
5 0.30539021164021163 0.37648809523809523 0.059854497354497355 0.17609126984126985
5 0.3602843915343915 0.3774801587301587 0.05191798941798942 0.17906746031746032
5 0.4126984126984127 0.3773561507936508 0.05291005291005291 0.17584325396825398
5 0.4654431216931217 0.3774801587301587 0.0539021164021164 0.17857142857142858
5 0.521494708994709 0.3812003968253968 0.05357142857142857 0.1775793650793651
5 0.5783730158730159 0.38318452380952384 0.06481481481481481 0.17807539682539683
5 0.6537698412698413 0.37810019841269843 0.0787037037037037 0.1922123015873016
5 0.7387566137566137 0.3800843253968254 0.08928571428571429 0.19171626984126985
5 0.8272156084656085 0.38132440476190477 0.08961640211640212 0.19915674603174602
5 0.9183201058201058 0.3818204365079365 0.08994708994708994 0.20163690476190477
5 0.6638558201058201 0.6137152777777778 0.07308201058201058 0.18874007936507936
5 0.8022486772486772 0.6183035714285714 0.07341269841269842 0.19295634920634921
5 0.7250330687830688 0.6124751984126984 0.06779100529100529 0.18675595238095238
5 0.9011243386243386 0.6278521825396826 0.0873015873015873 0.19717261904761904
5 0.9712301587301587 0.6304563492063492 0.05291005291005291 0.19692460317460317
5 0.10697751322751323 0.8152281746031746 0.08366402116402116 0.17559523809523808
5 0.21792328042328044 0.8169642857142857 0.08597883597883597 0.1810515873015873
5 0.4209656084656085 0.8463541666666666 0.07142857142857142 0.17584325396825398
5 0.628968253968254 0.8590029761904762 0.08531746031746032 0.1996527777777778
5 0.7151124338624338 0.8675595238095238 0.08234126984126984 0.20089285714285715
5 0.7999338624338624 0.8747519841269841 0.083994708994709 0.20188492063492064
5 0.8892195767195767 0.8826884920634921 0.08465608465608465 0.20386904761904762
5 0.9662698412698413 0.8901289682539683 0.05555555555555555 0.2088293650793651
