4 0.03257275132275132 0.2105654761904762 0.049933862433862435 0.18204365079365079
4 0.11011904761904762 0.20548115079365079 0.08134920634920635 0.18874007936507936
4 0.20453042328042328 0.19977678571428573 0.1001984126984127 0.19419642857142858
4 0.3020833333333333 0.1966765873015873 0.09755291005291006 0.1909722222222222
4 0.40062830687830686 0.19580853174603174 0.10152116402116403 0.1956845238095238
4 0.5026455026455027 0.1949404761904762 0.0992063492063492 0.18799603174603174
4 0.6013558201058201 0.18762400793650794 0.105489417989418 0.19072420634920634
4 0.7043650793650794 0.18774801587301587 0.1111111111111111 0.18898809523809523
4 0.9153439153439153 0.17807539682539683 0.11838624338624339 0.1875
4 0.09623015873015874 0.390625 0.083994708994709 0.1884920634920635
4 0.1906415343915344 0.3871527777777778 0.10085978835978836 0.19295634920634921
4 0.29034391534391535 0.38591269841269843 0.10383597883597884 0.19295634920634921
4 0.3941798941798942 0.38603670634920634 0.10648148148148148 0.19469246031746032
4 0.4998346560846561 0.38492063492063494 0.10152116402116403 0.19593253968253968
4 0.6031746031746031 0.3803323412698413 0.10714285714285714 0.19717261904761904
4 0.7104828042328042 0.3814484126984127 0.11210317460317461 0.19890873015873015
4 0.8196097883597884 0.3800843253968254 0.12136243386243387 0.1932043650793651
4 0.9300595238095238 0.37710813492063494 0.12400793650793651 0.19766865079365079
4 0.10003306878306878 0.6431051587301587 0.10813492063492064 0.1884920634920635
4 0.20767195767195767 0.6427331349206349 0.10515873015873016 0.18874007936507936
4 0.3093584656084656 0.6416170634920635 0.09887566137566138 0.18700396825396826
4 0.08465608465608465 0.849578373015873 0.10383597883597884 0.22495039682539683
4 0.1982473544973545 0.8534226190476191 0.10284391534391535 0.22767857142857142
4 0.3040674603174603 0.8497023809523809 0.09689153439153439 0.22569444444444445
4 0.40658068783068785 0.855530753968254 0.10747354497354497 0.22891865079365079
4 0.40757275132275134 0.6424851190476191 0.10482804232804233 0.19270833333333334
4 0.5165343915343915 0.6455853174603174 0.10648148148148148 0.2003968253968254
4 0.5160383597883598 0.8625992063492064 0.11673280423280423 0.2371031746031746
4 0.6312830687830688 0.8642113095238095 0.11507936507936507 0.23933531746031747
4 0.7463624338624338 0.8678075396825397 0.12764550264550265 0.2400793650793651
4 0.8645833333333334 0.8659474206349206 0.13392857142857142 0.24479166666666666
4 0.7357804232804233 0.6470734126984127 0.12169312169312169 0.2003968253968254
4 0.625165343915344 0.6447172619047619 0.11474867724867725 0.19816468253968253
4 0.8482142857142857 0.6447172619047619 0.13095238095238096 0.19866071428571427
4 0.9421296296296297 0.6460813492063492 0.10251322751322751 0.20634920634920634
4 0.9560185185185185 0.8681795634920635 0.08002645502645503 0.23983134920634921
