4 0.20667989417989419 0.1331845238095238 0.06547619047619048 0.14384920634920634
4 0.273478835978836 0.13132440476190477 0.07142857142857142 0.14608134920634921
4 0.3478835978835979 0.13268849206349206 0.06944444444444445 0.14583333333333334
4 0.41947751322751325 0.13541666666666666 0.0710978835978836 0.1488095238095238
4 0.4894179894179894 0.13467261904761904 0.07341269841269842 0.14930555555555555
4 0.560515873015873 0.1355406746031746 0.07407407407407407 0.15252976190476192
4 0.6349206349206349 0.1359126984126984 0.07275132275132275 0.15079365079365079
4 0.7093253968253969 0.1375248015873016 0.0667989417989418 0.15302579365079366
4 0.7819113756613757 0.1378968253968254 0.07374338624338625 0.15376984126984128
4 0.8553240740740741 0.1385168650793651 0.07572751322751323 0.15649801587301587
4 0.9290674603174603 0.14012896825396826 0.07572751322751323 0.15575396825396826
4 0.9819775132275133 0.14384920634920634 0.03207671957671958 0.14583333333333334
4 0.18287037037037038 0.3306051587301587 0.06547619047619048 0.1284722222222222
4 0.2508267195767196 0.33122519841269843 0.06845238095238096 0.1307043650793651
4 0.3176256613756614 0.3333333333333333 0.0710978835978836 0.13095238095238096
4 0.38525132275132273 0.33544146825396826 0.0701058201058201 0.12822420634920634
4 0.45353835978835977 0.3366815476190476 0.06580687830687831 0.13219246031746032
4 0.6388888888888888 0.3428819444444444 0.06812169312169312 0.1341765873015873
4 0.7081679894179894 0.341765873015873 0.06845238095238096 0.13095238095238096
4 0.7738095238095238 0.3451140873015873 0.061507936507936505 0.1307043650793651
4 0.8414351851851852 0.3447420634920635 0.06911375661375661 0.1324404761904762
4 0.9133597883597884 0.34585813492063494 0.0667989417989418 0.13368055555555555
4 0.9723875661375662 0.3461061507936508 0.04927248677248677 0.13566468253968253
4 0.23230820105820105 0.5203373015873016 0.06117724867724868 0.11160714285714286
4 0.30224867724867727 0.5217013888888888 0.05026455026455026 0.10887896825396826
4 0.35532407407407407 0.5229414682539683 0.054563492063492064 0.11235119047619048
4 0.40988756613756616 0.5233134920634921 0.055224867724867725 0.11061507936507936
4 0.16782407407407407 0.7134176587301587 0.06183862433862434 0.13864087301587302
4 0.2371031746031746 0.7165178571428571 0.06547619047619048 0.13988095238095238
4 0.3004298941798942 0.7204861111111112 0.06911375661375661 0.14186507936507936
4 0.3698743386243386 0.7232142857142857 0.06845238095238096 0.1378968253968254
4 0.5496031746031746 0.5333581349206349 0.07275132275132275 0.13764880952380953
4 0.6200396825396826 0.5362103174603174 0.06481481481481481 0.13640873015873015
4 0.6858465608465608 0.5388144841269841 0.06613756613756613 0.13467261904761904
4 0.7478505291005291 0.5375744047619048 0.055224867724867725 0.12624007936507936
4 0.8096891534391535 0.5390625 0.06845238095238096 0.1277281746031746
4 0.8921957671957672 0.5458829365079365 0.07936507936507936 0.1359126984126984
4 0.953207671957672 0.5431547619047619 0.045965608465608467 0.12698412698412698
4 0.626984126984127 0.7325148809523809 0.06944444444444445 0.1440972222222222
4 0.6995701058201058 0.7321428571428571 0.06845238095238096 0.14583333333333334
4 0.7690145502645502 0.7361111111111112 0.06712962962962964 0.14384920634920634
4 0.83994708994709 0.7447916666666666 0.06944444444444445 0.13392857142857142
4 0.9059193121693122 0.7426835317460317 0.06646825396825397 0.13516865079365079
4 0.9644510582010583 0.7442956349206349 0.05324074074074074 0.13938492063492064
4 0.15128968253968253 0.8954613095238095 0.055224867724867725 0.14657738095238096
4 0.21643518518518517 0.9069940476190477 0.07308201058201058 0.14930555555555555
4 0.28604497354497355 0.9061259920634921 0.06613756613756613 0.15104166666666666
4 0.3521825396825397 0.9138144841269841 0.06613756613756613 0.14955357142857142
4 0.6111111111111112 0.9192708333333334 0.06283068783068783 0.1505456349206349
4 0.6888227513227513 0.9219990079365079 0.0667989417989418 0.13913690476190477
4 0.7605820105820106 0.9283234126984127 0.06746031746031746 0.13343253968253968
4 0.8316798941798942 0.9279513888888888 0.062169312169312166 0.13516865079365079
4 0.9002976190476191 0.927703373015873 0.06448412698412699 0.13368055555555555
4 0.9677579365079365 0.9306795634920635 0.05853174603174603 0.13169642857142858
