4 0.7392526455026455 0.0798611111111111 0.040674603174603176 0.0679563492063492
4 0.7789351851851852 0.07911706349206349 0.03935185185185185 0.06845238095238096
4 0.8161375661375662 0.07936507936507936 0.04034391534391534 0.0689484126984127
4 0.855489417989418 0.07787698412698413 0.03835978835978836 0.06944444444444445
4 0.8933531746031746 0.07886904761904762 0.03670634920634921 0.0679563492063492
4 0.9303902116402116 0.07688492063492064 0.03736772486772487 0.0689484126984127
4 0.919973544973545 0.17472718253968253 0.04298941798941799 0.0835813492063492
4 0.8766534391534392 0.17509920634920634 0.04298941798941799 0.08283730158730158
4 0.8336640211640212 0.17633928571428573 0.041005291005291 0.08333333333333333
4 0.9083994708994709 0.28100198412698413 0.03042328042328042 0.07242063492063493
4 0.8746693121693122 0.28335813492063494 0.03968253968253968 0.06969246031746032
4 0.8330026455026455 0.2857142857142857 0.04431216931216931 0.06646825396825397
4 0.7870370370370371 0.28348214285714285 0.04497354497354497 0.07043650793650794
4 0.7895171957671958 0.18229166666666666 0.044642857142857144 0.07490079365079365
4 0.7440476190476191 0.17981150793650794 0.04497354497354497 0.08333333333333333
4 0.6999007936507936 0.18030753968253968 0.04398148148148148 0.08432539682539683
4 0.6569113756613757 0.18154761904761904 0.04332010582010582 0.0818452380952381
4 0.6116071428571429 0.18501984126984128 0.04728835978835979 0.07490079365079365
4 0.7389219576719577 0.2836061507936508 0.03406084656084656 0.07316468253968254
4 0.7013888888888888 0.28075396825396826 0.042328042328042326 0.0818452380952381
4 0.6585648148148148 0.28125 0.045965608465608467 0.08333333333333333
4 0.6144179894179894 0.28335813492063494 0.04365079365079365 0.08110119047619048
4 0.5671296296296297 0.18204365079365079 0.04431216931216931 0.08382936507936507
4 0.5719246031746031 0.2904265873015873 0.04133597883597884 0.06994047619047619
4 0.5229828042328042 0.18191964285714285 0.04398148148148148 0.08258928571428571
4 0.5241402116402116 0.2904265873015873 0.04497354497354497 0.07192460317460317
4 0.47784391534391535 0.18638392857142858 0.046957671957671955 0.07614087301587301
4 0.48214285714285715 0.28955853174603174 0.04563492063492063 0.07514880952380952
4 0.4333664021164021 0.18340773809523808 0.04728835978835979 0.08407738095238096
4 0.38822751322751325 0.18291170634920634 0.04563492063492063 0.08308531746031746
4 0.3439153439153439 0.18253968253968253 0.046296296296296294 0.08382936507936507
4 0.35383597883597884 0.2926587301587302 0.04894179894179894 0.07142857142857142
4 0.30522486772486773 0.28918650793650796 0.0496031746031746 0.07936507936507936
4 0.25810185185185186 0.28931051587301587 0.050595238095238096 0.08209325396825397
4 0.298776455026455 0.18601190476190477 0.04728835978835979 0.0798611111111111
4 0.25148809523809523 0.18898809523809523 0.05257936507936508 0.07688492063492064
4 0.21296296296296297 0.28881448412698413 0.04828042328042328 0.08209325396825397
4 0.20667989417989419 0.18415178571428573 0.05092592592592592 0.08655753968253968
4 0.11193783068783068 0.07725694444444445 0.03802910052910053 0.08407738095238096
4 0.0763888888888889 0.07837301587301587 0.047619047619047616 0.08085317460317461
4 0.019345238095238096 0.06956845238095238 0.03869047619047619 0.09697420634920635
4 0.02414021164021164 0.19518849206349206 0.04298941798941799 0.06646825396825397
4 0.062169312169312166 0.1956845238095238 0.03902116402116402 0.06349206349206349
4 0.09623015873015874 0.19407242063492064 0.041005291005291 0.06522817460317461
4 0.13210978835978837 0.19233630952380953 0.03736772486772487 0.06919642857142858
4 0.023644179894179895 0.29799107142857145 0.03869047619047619 0.07118055555555555
4 0.05886243386243386 0.29799107142857145 0.04497354497354497 0.07018849206349206
4 0.09540343915343916 0.29724702380952384 0.0419973544973545 0.07018849206349206
4 0.13128306878306878 0.29662698412698413 0.04365079365079365 0.07142857142857142
4 0.029265873015873016 0.40327380952380953 0.044642857142857144 0.0689484126984127
4 0.06762566137566138 0.4020337301587302 0.045304232804232805 0.06994047619047619
4 0.10582010582010581 0.40153769841269843 0.04298941798941799 0.06944444444444445
4 0.1423611111111111 0.40166170634920634 0.0419973544973545 0.06919642857142858
4 0.22106481481481483 0.39211309523809523 0.04861111111111111 0.08333333333333333
4 0.2690145502645503 0.39273313492063494 0.05125661375661376 0.07663690476190477
4 0.31646825396825395 0.3967013888888889 0.03968253968253968 0.06820436507936507
4 0.35383597883597884 0.3896329365079365 0.046957671957671955 0.07936507936507936
4 0.40327380952380953 0.39099702380952384 0.04398148148148148 0.07564484126984126
4 0.4441137566137566 0.3900049603174603 0.04563492063492063 0.07614087301587301
4 0.48677248677248675 0.39012896825396826 0.03902116402116402 0.07390873015873016
4 0.52744708994709 0.3892609126984127 0.042328042328042326 0.07465277777777778
4 0.56630291005291 0.38851686507936506 0.0333994708994709 0.07316468253968254
4 0.6198743386243386 0.3851686507936508 0.04133597883597884 0.07886904761904762
4 0.660218253968254 0.3834325396825397 0.0419973544973545 0.07886904761904762
4 0.7035383597883598 0.38256448412698413 0.044642857142857144 0.07961309523809523
4 0.7466931216931217 0.38157242063492064 0.04431216931216931 0.07961309523809523
4 0.7891865079365079 0.3810763888888889 0.0419973544973545 0.07911706349206349
4 0.8323412698412699 0.37971230158730157 0.04298941798941799 0.07837301587301587
4 0.8759920634920635 0.3773561507936508 0.04563492063492063 0.07862103174603174
4 0.9208002645502645 0.38256448412698413 0.0419973544973545 0.06671626984126984
4 0.03935185185185185 0.5028521825396826 0.04298941798941799 0.06870039682539683
4 0.07572751322751323 0.5026041666666666 0.041005291005291 0.06770833333333333
4 0.11193783068783068 0.5024801587301587 0.040013227513227514 0.06547619047619048
4 0.14682539682539683 0.5002480158730159 0.037698412698412696 0.0689484126984127
4 0.020006613756613757 0.6030505952380952 0.02414021164021164 0.06770833333333333
4 0.0496031746031746 0.6014384920634921 0.03902116402116402 0.06944444444444445
4 0.08548280423280423 0.6018105158730159 0.04133597883597884 0.06820436507936507
4 0.1207010582010582 0.6005704365079365 0.037037037037037035 0.06770833333333333
4 0.1572420634920635 0.5994543650793651 0.040013227513227514 0.06746031746031746
4 0.40029761904761907 0.4851190476190476 0.045304232804232805 0.07738095238095238
4 0.4399801587301587 0.48400297619047616 0.036044973544973546 0.07514880952380952
4 0.4753637566137566 0.4853670634920635 0.03802910052910053 0.07589285714285714
4 0.5709325396825397 0.4816468253968254 0.04133597883597884 0.07490079365079365
4 0.6119378306878307 0.4806547619047619 0.040674603174603176 0.07688492063492064
4 0.6459986772486772 0.4806547619047619 0.03273809523809524 0.0744047619047619
4 0.6817129629629629 0.48251488095238093 0.04133597883597884 0.07663690476190477
4 0.748015873015873 0.48115079365079366 0.04298941798941799 0.07787698412698413
4 0.7913359788359788 0.48053075396825395 0.04365079365079365 0.07614087301587301
4 0.8338293650793651 0.47805059523809523 0.04398148148148148 0.07762896825396826
4 0.8776455026455027 0.48325892857142855 0.03968253968253968 0.06324404761904762
4 0.9226190476190477 0.4739583333333333 0.041005291005291 0.07787698412698413
4 0.23974867724867724 0.5859375 0.031084656084656083 0.0726686507936508
4 0.273478835978836 0.5889136904761905 0.04298941798941799 0.07762896825396826
4 0.37003968253968256 0.5873015873015873 0.04497354497354497 0.07589285714285714
4 0.4128637566137566 0.5837053571428571 0.04332010582010582 0.07862103174603174
4 0.45601851851851855 0.582093253968254 0.04365079365079365 0.07837301587301587
4 0.4966931216931217 0.5815972222222222 0.04497354497354497 0.0763888888888889
4 0.5396825396825397 0.5799851190476191 0.04497354497354497 0.07713293650793651
4 0.5815145502645502 0.5789930555555556 0.04332010582010582 0.07862103174603174
4 0.6225198412698413 0.578125 0.04265873015873016 0.0798611111111111
4 0.666005291005291 0.5780009920634921 0.04431216931216931 0.078125
4 0.7086640211640212 0.5766369047619048 0.04298941798941799 0.07936507936507936
4 0.7504960317460317 0.5757688492063492 0.04398148148148148 0.07713293650793651
4 0.794973544973545 0.5756448412698413 0.041666666666666664 0.0763888888888889
4 0.8368055555555556 0.5760168650793651 0.0419973544973545 0.07316468253968254
4 0.8764880952380952 0.5755208333333334 0.04332010582010582 0.07018849206349206
4 0.9184854497354498 0.5730406746031746 0.04133597883597884 0.07118055555555555
4 0.9045965608465608 0.6955605158730159 0.05191798941798942 0.13665674603174602
4 0.8563161375661376 0.7053571428571429 0.06977513227513228 0.1552579365079365
4 0.7926587301587301 0.7062251984126984 0.06415343915343916 0.1589781746031746
4 0.7111441798941799 0.7088293650793651 0.06845238095238096 0.12053571428571429
4 0.6364087301587301 0.7192460317460317 0.0710978835978836 0.1488095238095238
4 0.5396825396825397 0.720734126984127 0.06481481481481481 0.1671626984126984
4 0.47619047619047616 0.7208581349206349 0.06812169312169312 0.1654265873015873
4 0.4037698412698413 0.6960565476190477 0.05423280423280423 0.11284722222222222
4 0.3490410052910053 0.7010168650793651 0.05787037037037037 0.1039186507936508
4 0.29034391534391535 0.7039930555555556 0.062169312169312166 0.10689484126984126
4 0.13260582010582012 0.7315228174603174 0.0701058201058201 0.16294642857142858
4 0.08101851851851852 0.7194940476190477 0.05092592592592592 0.13839285714285715
4 0.06299603174603174 0.9221230158730159 0.0744047619047619 0.1359126984126984
4 0.1207010582010582 0.9115823412698413 0.0582010582010582 0.15550595238095238
4 0.18039021164021163 0.9176587301587301 0.06977513227513228 0.15674603174603174
4 0.273478835978836 0.9224950396825397 0.08134920634920635 0.15302579365079366
4 0.3492063492063492 0.9190228174603174 0.07473544973544974 0.1589781746031746
4 0.41534391534391535 0.9202628968253969 0.06944444444444445 0.15600198412698413
4 0.4816468253968254 0.9186507936507936 0.07175925925925926 0.15327380952380953
4 0.5482804232804233 0.9151785714285714 0.07341269841269842 0.16021825396825398
4 0.6001984126984127 0.8969494047619048 0.062169312169312166 0.16046626984126985
4 0.6603835978835979 0.8938492063492064 0.06812169312169312 0.16567460317460317
4 0.7313161375661376 0.9097222222222222 0.07242063492063493 0.17113095238095238
4 0.8224206349206349 0.871031746031746 0.06018518518518518 0.10664682539682539
4 0.9037698412698413 0.878968253968254 0.06084656084656084 0.1552579365079365
