0 0.19010416666666666 0.340625 0.115625 0.1984375
0 0.2911458333333333 0.34375 0.08645833333333333 0.1984375
0 0.38177083333333334 0.347265625 0.08854166666666667 0.19453125
0 0.4671875 0.34609375 0.071875 0.196875
0 0.5302083333333333 0.343359375 0.075 0.19609375
0 0.6244791666666667 0.342578125 0.078125 0.20078125
0 0.7546875 0.344140625 0.08854166666666667 0.19140625
0 0.66875 0.34765625 0.05416666666666667 0.184375
0 0.8822916666666667 0.33828125 0.06875 0.19375
0 0.9614583333333333 0.338671875 0.06875 0.19609375
0 0.8942708333333333 0.089453125 0.08229166666666667 0.14453125
0 0.809375 0.086328125 0.08541666666666667 0.15234375
0 0.7083333333333334 0.0984375 0.07083333333333333 0.125
0 0.64375 0.085546875 0.07291666666666667 0.16171875
0 0.5677083333333334 0.0828125 0.07708333333333334 0.1546875
0 0.4895833333333333 0.081640625 0.08333333333333333 0.15234375
0 0.40729166666666666 0.08203125 0.08125 0.1515625
0 0.3338541666666667 0.083203125 0.07395833333333333 0.14765625
0 0.259375 0.08203125 0.07708333333333334 0.146875
0 0.18177083333333333 0.080859375 0.08020833333333334 0.14765625
0 0.0859375 0.078515625 0.08645833333333333 0.14765625
0 0.06041666666666667 0.590234375 0.11666666666666667 0.20546875
0 0.1796875 0.5890625 0.13229166666666667 0.2140625
0 0.30052083333333335 0.583203125 0.121875 0.20859375
0 0.41302083333333334 0.579296875 0.121875 0.21015625
0 0.5302083333333333 0.5796875 0.11666666666666667 0.203125
0 0.640625 0.576171875 0.11666666666666667 0.20546875
0 0.7234375 0.5640625 0.09895833333333333 0.1796875
0 0.8494791666666667 0.572265625 0.11770833333333333 0.19921875
0 0.9494791666666667 0.56953125 0.096875 0.1953125
0 0.08489583333333334 0.836328125 0.121875 0.19921875
0 0.20104166666666667 0.836328125 0.11666666666666667 0.19921875
0 0.3177083333333333 0.830078125 0.11458333333333333 0.20546875
0 0.4234375 0.819921875 0.11770833333333333 0.18828125
0 0.5333333333333333 0.819140625 0.11041666666666666 0.19921875
0 0.6385416666666667 0.814453125 0.10833333333333334 0.20078125
0 0.7479166666666667 0.81171875 0.1125 0.1953125
0 0.8515625 0.80703125 0.10729166666666666 0.190625
0 0.95 0.8 0.08958333333333333 0.1984375
