1 0.335978835978836 0.7645089285714286 0.1712962962962963 0.27554563492063494
1 0.08796296296296297 0.7932787698412699 0.17592592592592593 0.3365575396825397
1 0.5396825396825397 0.8089037698412699 0.2275132275132275 0.36433531746031744
1 0.7875330687830688 0.8205605158730159 0.2509920634920635 0.3509424603174603
1 0.9173280423280423 0.45498511904761907 0.15476190476190477 0.2854662698412698
1 0.7490079365079365 0.44717261904761907 0.16997354497354497 0.29563492063492064
1 0.5577050264550265 0.4446924603174603 0.17294973544973544 0.2876984126984127
1 0.3913690476190476 0.45287698412698413 0.1431878306878307 0.26587301587301587
1 0.21362433862433863 0.4320436507936508 0.17261904761904762 0.29662698412698413
1 0.059854497354497355 0.42683531746031744 0.11706349206349206 0.3030753968253968
1 0.05042989417989418 0.10032242063492064 0.09821428571428571 0.1966765873015873
1 0.17989417989417988 0.10193452380952381 0.164021164021164 0.1974206349206349
1 0.353505291005291 0.10193452380952381 0.16534391534391535 0.1974206349206349
1 0.5233134920634921 0.10193452380952381 0.16832010582010581 0.19990079365079366
1 0.6952711640211641 0.10367063492063493 0.18154761904761904 0.20089285714285715
1 0.8716931216931217 0.10367063492063493 0.17989417989417988 0.20089285714285715
