0 0.10929232804232804 0.20610119047619047 0.10284391534391535 0.16567460317460317
0 0.19857804232804233 0.2191220238095238 0.08498677248677249 0.14012896825396826
0 0.32407407407407407 0.2418154761904762 0.07738095238095238 0.09970238095238096
0 0.4011243386243386 0.24838789682539683 0.07275132275132275 0.08655753968253968
0 0.4689153439153439 0.2523561507936508 0.06283068783068783 0.078125
0 0.5563822751322751 0.19828869047619047 0.11011904761904762 0.1857638888888889
0 0.6633597883597884 0.19977678571428573 0.10449735449735449 0.1857638888888889
0 0.7420634920634921 0.2230902777777778 0.06878306878306878 0.13368055555555555
0 0.8318452380952381 0.2156498015873016 0.09490740740740741 0.15004960317460317
0 0.13525132275132276 0.41021825396825395 0.09722222222222222 0.16964285714285715
0 0.23859126984126985 0.4113343253968254 0.08961640211640212 0.1654265873015873
0 0.37119708994708994 0.41555059523809523 0.0796957671957672 0.15401785714285715
0 0.455026455026455 0.4140625 0.0873015873015873 0.1708829365079365
0 0.5474537037037037 0.4131944444444444 0.09821428571428571 0.17609126984126985
0 0.6511243386243386 0.4134424603174603 0.09788359788359788 0.18154761904761904
0 0.7599206349206349 0.41393849206349204 0.10251322751322751 0.18204365079365079
0 0.8625992063492064 0.41418650793650796 0.09490740740740741 0.1800595238095238
0 0.0798611111111111 0.5973462301587301 0.09689153439153439 0.16245039682539683
0 0.26173941798941797 0.6015625 0.08961640211640212 0.1684027777777778
0 0.35085978835978837 0.6128472222222222 0.08267195767195767 0.13690476190476192
0 0.43783068783068785 0.6160714285714286 0.09325396825396826 0.1810515873015873
0 0.5405092592592593 0.6173115079365079 0.09623015873015874 0.18154761904761904
0 0.6335978835978836 0.6036706349206349 0.083994708994709 0.16319444444444445
0 0.7404100529100529 0.6192956349206349 0.09722222222222222 0.17956349206349206
0 0.8482142857142857 0.6187996031746031 0.09259259259259259 0.17956349206349206
