2 0.0894510582010582 0.19642857142857142 0.1345899470899471 0.2986111111111111
2 0.20667989417989419 0.20014880952380953 0.1283068783068783 0.29365079365079366
2 0.32771164021164023 0.20200892857142858 0.11970899470899471 0.29637896825396826
2 0.44212962962962965 0.20089285714285715 0.11838624338624339 0.29365079365079366
2 0.5557208994708994 0.20052083333333334 0.11474867724867725 0.294890873015873
2 0.6726190476190477 0.19556051587301587 0.12301587301587301 0.30481150793650796
2 0.7855489417989417 0.19828869047619047 0.10813492063492064 0.2914186507936508
2 0.9077380952380952 0.1949404761904762 0.12367724867724868 0.2847222222222222
2 0.13525132275132276 0.5348462301587301 0.11507936507936507 0.25967261904761907
2 0.24173280423280424 0.5394345238095238 0.11243386243386243 0.2648809523809524
2 0.34953703703703703 0.5369543650793651 0.10383597883597884 0.26438492063492064
2 0.45188492063492064 0.5390625 0.1087962962962963 0.2666170634920635
2 0.55869708994709 0.5415426587301587 0.09755291005291006 0.26512896825396826
2 0.66005291005291 0.5394345238095238 0.10449735449735449 0.2663690476190476
2 0.7648809523809523 0.5806051587301587 0.10449735449735449 0.1884920634920635
2 0.8733465608465608 0.5802331349206349 0.1078042328042328 0.18675595238095238
2 0.9624669312169312 0.5784970238095238 0.07043650793650794 0.19270833333333334
2 0.9522156084656085 0.8408978174603174 0.08697089947089948 0.23239087301587302
2 0.8523478835978836 0.8380456349206349 0.09556878306878307 0.22569444444444445
2 0.7549603174603174 0.8390376984126984 0.09854497354497355 0.2251984126984127
2 0.654431216931217 0.8396577380952381 0.09788359788359788 0.22643849206349206
2 0.5563822751322751 0.8387896825396826 0.09556878306878307 0.22321428571428573
2 0.4583333333333333 0.8390376984126984 0.10251322751322751 0.22371031746031747
2 0.3611111111111111 0.8395337301587301 0.1078042328042328 0.2261904761904762
2 0.2630621693121693 0.839781746031746 0.10482804232804233 0.2222222222222222
2 0.1626984126984127 0.8387896825396826 0.11177248677248677 0.21875
