1 0.12367724867724868 0.27232142857142855 0.17261904761904762 0.28174603174603174
1 0.279265873015873 0.27294146825396826 0.15641534391534392 0.2819940476190476
1 0.4270833333333333 0.2707093253968254 0.15046296296296297 0.2770337301587302
1 0.5844907407407407 0.271453373015873 0.17096560846560846 0.28000992063492064
1 0.763723544973545 0.30071924603174605 0.17162698412698413 0.22098214285714285
1 0.9284060846560847 0.31125992063492064 0.1359126984126984 0.2003968253968254
1 0.07308201058201058 0.5394345238095238 0.14351851851851852 0.1765873015873016
1 0.18882275132275134 0.5224454365079365 0.1402116402116402 0.14558531746031747
1 0.33052248677248675 0.5441468253968254 0.1597222222222222 0.19246031746031747
1 0.5188492063492064 0.5589037698412699 0.1746031746031746 0.16145833333333334
1 0.6957671957671958 0.5744047619047619 0.17592592592592593 0.12251984126984126
1 0.8293650793650794 0.5372023809523809 0.1164021164021164 0.1775793650793651
1 0.049107142857142856 0.7938988095238095 0.09821428571428571 0.16220238095238096
1 0.15327380952380953 0.8041914682539683 0.12863756613756613 0.15997023809523808
1 0.2830687830687831 0.8077876984126984 0.12433862433862433 0.14087301587301587
1 0.4156746031746032 0.7940228174603174 0.11507936507936507 0.15649801587301587
1 0.5416666666666666 0.7858382936507936 0.12301587301587301 0.15302579365079366
1 0.6653439153439153 0.7903025793650794 0.11904761904761904 0.1589781746031746
