1 0.08002645502645503 0.17410714285714285 0.10912698412698413 0.20535714285714285
1 0.20304232804232805 0.15711805555555555 0.13095238095238096 0.2353670634920635
1 0.3419312169312169 0.15612599206349206 0.1388888888888889 0.23933531746031747
1 0.4593253968253968 0.16666666666666666 0.10846560846560846 0.2152777777777778
1 0.5821759259259259 0.16009424603174602 0.1345899470899471 0.22594246031746032
1 0.7093253968253969 0.19283234126984128 0.09656084656084656 0.15649801587301587
1 0.8361441798941799 0.17906746031746032 0.1650132275132275 0.18204365079365079
1 0.8745039682539683 0.4880952380952381 0.19146825396825398 0.2916666666666667
1 0.6947751322751323 0.49342757936507936 0.13955026455026456 0.28794642857142855
1 0.5327380952380952 0.4897073412698413 0.1765873015873016 0.2904265873015873
1 0.35185185185185186 0.48995535714285715 0.18253968253968253 0.2924107142857143
1 0.17427248677248677 0.494171626984127 0.1693121693121693 0.2884424603174603
1 0.17113095238095238 0.8400297619047619 0.16765873015873015 0.3060515873015873
1 0.3416005291005291 0.8412698412698413 0.15013227513227514 0.30257936507936506
1 0.5200066137566137 0.8421378968253969 0.19014550264550265 0.3097718253968254
1 0.7270171957671958 0.8551587301587301 0.20535714285714285 0.28125
1 0.9138558201058201 0.8917410714285714 0.16898148148148148 0.2095734126984127
