5 0.11689814814814815 0.2642609126984127 0.11342592592592593 0.22098214285714285
5 0.19692460317460317 0.26537698412698413 0.0882936507936508 0.2177579365079365
5 0.2838955026455027 0.26686507936507936 0.10416666666666667 0.22420634920634921
5 0.39302248677248675 0.2693452380952381 0.09490740740740741 0.21726190476190477
5 0.49851190476190477 0.2693452380952381 0.06117724867724868 0.21478174603174602
5 0.5770502645502645 0.2750496031746032 0.09391534391534391 0.21626984126984128
5 0.671792328042328 0.27455357142857145 0.09358465608465609 0.21428571428571427
5 0.7777777777777778 0.27306547619047616 0.09193121693121693 0.20982142857142858
5 0.8675595238095238 0.27839781746031744 0.07506613756613757 0.21750992063492064
5 0.9399801587301587 0.2769097222222222 0.07705026455026455 0.2170138888888889
5 0.84755291005291 0.5901537698412699 0.08796296296296297 0.17782738095238096
6 0.2392526455026455 0.5751488095238095 0.0882936507936508 0.1701388888888889
6 0.3255621693121693 0.5838293650793651 0.08167989417989419 0.1701388888888889
6 0.4401455026455027 0.5858134920634921 0.0787037037037037 0.17261904761904762
6 0.5203373015873016 0.5849454365079365 0.0744047619047619 0.16989087301587302
6 0.5945767195767195 0.5887896825396826 0.07341269841269842 0.17509920634920634
6 0.6729497354497355 0.5654761904761905 0.06547619047619048 0.16964285714285715
6 0.7506613756613757 0.5838293650793651 0.08267195767195767 0.1746031746031746
6 0.939484126984127 0.5918898809523809 0.09788359788359788 0.17981150793650794
6 0.23859126984126985 0.8335813492063492 0.08895502645502645 0.14434523809523808
6 0.3462301587301587 0.8376736111111112 0.08531746031746032 0.13864087301587302
6 0.429728835978836 0.8369295634920635 0.08300264550264551 0.14360119047619047
6 0.5340608465608465 0.8328373015873016 0.08002645502645503 0.14186507936507936
6 0.5887896825396826 0.8072916666666666 0.05853174603174603 0.13194444444444445
6 0.6570767195767195 0.8090277777777778 0.0701058201058201 0.13839285714285715
6 0.7534722222222222 0.8410218253968254 0.07374338624338625 0.13988095238095238
6 0.8468915343915344 0.8410218253968254 0.08002645502645503 0.1423611111111111
