0 0.05076058201058201 0.2926587301587302 0.059854497354497355 0.12450396825396826
0 0.1056547619047619 0.29228670634920634 0.05588624338624339 0.12524801587301587
0 0.0625 0.44580853174603174 0.06018518518518518 0.1212797619047619
0 0.11689814814814815 0.44407242063492064 0.04794973544973545 0.12177579365079365
0 0.08680555555555555 0.6106150793650794 0.0710978835978836 0.1498015873015873
0 0.05853174603174603 0.7965029761904762 0.083994708994709 0.14905753968253968
0 0.12962962962962962 0.7921626984126984 0.0582010582010582 0.12896825396825398
0 0.19477513227513227 0.30282738095238093 0.057539682539682536 0.13988095238095238
0 0.25496031746031744 0.3038194444444444 0.06349206349206349 0.13988095238095238
0 0.31828703703703703 0.3089037698412698 0.06183862433862434 0.13268849206349206
0 0.37996031746031744 0.30778769841269843 0.05886243386243386 0.13541666666666666
0 0.43915343915343913 0.3081597222222222 0.05952380952380952 0.13566468253968253
0 0.4990079365079365 0.3125 0.05886243386243386 0.12797619047619047
0 0.5588624338624338 0.31212797619047616 0.06084656084656084 0.1297123015873016
0 0.6168981481481481 0.3151041666666667 0.05588624338624339 0.12425595238095238
0 0.6736111111111112 0.3162202380952381 0.056216931216931214 0.12202380952380952
0 0.7280092592592593 0.3168402777777778 0.0539021164021164 0.11879960317460317
0 0.7787698412698413 0.31634424603174605 0.052248677248677246 0.1232638888888889
0 0.8315145502645502 0.31820436507936506 0.0539021164021164 0.1185515873015873
0 0.8878968253968254 0.31808035714285715 0.0582010582010582 0.11830357142857142
0 0.9814814814814815 0.31981646825396826 0.03373015873015873 0.11532738095238096
0 0.20684523809523808 0.4651537698412698 0.0539021164021164 0.13169642857142858
0 0.26951058201058203 0.4729662698412698 0.06084656084656084 0.11904761904761904
0 0.32936507936507936 0.4650297619047619 0.057539682539682536 0.12698412698412698
0 0.3878968253968254 0.4697420634920635 0.057539682539682536 0.11607142857142858
0 0.44494047619047616 0.4642857142857143 0.0539021164021164 0.12797619047619047
0 0.500165343915344 0.4634176587301587 0.05787037037037037 0.1267361111111111
0 0.5537367724867724 0.478546626984127 0.05125661375661376 0.09449404761904762
0 0.6096230158730159 0.478546626984127 0.05720899470899471 0.09250992063492064
0 0.654431216931217 0.46750992063492064 0.04563492063492063 0.10962301587301587
0 0.7048611111111112 0.466765873015873 0.05191798941798942 0.11259920634920635
0 0.7547949735449735 0.46763392857142855 0.054563492063492064 0.11086309523809523
0 0.8156415343915344 0.4646577380952381 0.06117724867724868 0.11334325396825397
0 0.8705357142857143 0.4644097222222222 0.04794973544973545 0.11433531746031746
0 0.9732142857142857 0.46552579365079366 0.04365079365079365 0.10813492063492064
0 0.9070767195767195 0.46577380952380953 0.036375661375661374 0.10416666666666667
0 0.21263227513227514 0.7817460317460317 0.06283068783068783 0.15575396825396826
0 0.298776455026455 0.779265873015873 0.07771164021164022 0.11259920634920635
0 0.37549603174603174 0.7631448412698413 0.07572751322751323 0.13194444444444445
0 0.4460978835978836 0.7495039682539683 0.061507936507936505 0.11607142857142858
0 0.5082671957671958 0.7681051587301587 0.0701058201058201 0.11408730158730158
0 0.5973875661375662 0.7509920634920635 0.07374338624338625 0.12648809523809523
0 0.6686507936507936 0.7657490079365079 0.06944444444444445 0.08854166666666667
0 0.7385912698412699 0.7428075396825397 0.05191798941798942 0.09275793650793651
0 0.8057208994708994 0.7414434523809523 0.07705026455026455 0.1232638888888889
0 0.8799603174603174 0.7444196428571429 0.07076719576719577 0.10243055555555555
0 0.23578042328042328 0.9357638888888888 0.08796296296296297 0.1259920634920635
0 0.31299603174603174 0.9337797619047619 0.08234126984126984 0.12946428571428573
0 0.398478835978836 0.9351438492063492 0.08134920634920635 0.12425595238095238
0 0.47602513227513227 0.9375 0.07837301587301587 0.1195436507936508
0 0.6221891534391535 0.9291914682539683 0.07771164021164022 0.1371527777777778
0 0.6909722222222222 0.9306795634920635 0.07242063492063493 0.13467261904761904
0 0.7665343915343915 0.9253472222222222 0.07605820105820106 0.13442460317460317
0 0.8288690476190477 0.9088541666666666 0.06911375661375661 0.12723214285714285
0 0.9122023809523809 0.9149305555555556 0.06646825396825397 0.13640873015873015
0 0.22156084656084657 0.6195436507936508 0.06283068783068783 0.12698412698412698
0 0.27976190476190477 0.6184275793650794 0.06084656084656084 0.1307043650793651
0 0.33895502645502645 0.6134672619047619 0.05555555555555555 0.1307043650793651
0 0.396494708994709 0.6122271825396826 0.056216931216931214 0.12872023809523808
0 0.45188492063492064 0.6147073412698413 0.055224867724867725 0.12425595238095238
0 0.5046296296296297 0.6099950396825397 0.051587301587301584 0.12177579365079365
0 0.5562169312169312 0.6076388888888888 0.052248677248677246 0.12301587301587301
0 0.6122685185185185 0.6248759920634921 0.055224867724867725 0.08754960317460317
0 0.6650132275132276 0.6222718253968254 0.04828042328042328 0.0873015873015873
0 0.7157738095238095 0.6087549603174603 0.0539021164021164 0.11185515873015874
0 0.767691798941799 0.6063988095238095 0.04927248677248677 0.1111111111111111
0 0.8159722222222222 0.605530753968254 0.04728835978835979 0.11135912698412699
0 0.8637566137566137 0.6025545634920635 0.04828042328042328 0.11086309523809523
0 0.9087301587301587 0.603546626984127 0.04497354497354497 0.10887896825396826
0 0.957010582010582 0.6021825396825397 0.05291005291005291 0.10912698412698413
