1 0.25297619047619047 0.16455853174603174 0.16600529100529102 0.2934027777777778
1 0.43452380952380953 0.17720734126984128 0.167989417989418 0.2725694444444444
1 0.6238425925925926 0.16666666666666666 0.1974206349206349 0.3005952380952381
1 0.8058862433862434 0.15860615079365079 0.1693121693121693 0.3062996031746032
1 0.113260582010582 0.5126488095238095 0.1345899470899471 0.25595238095238093
1 0.2962962962962963 0.5124007936507936 0.12301587301587301 0.2361111111111111
1 0.40757275132275134 0.5390625 0.10152116402116403 0.1892361111111111
1 0.5147156084656085 0.5249255952380952 0.1173941798941799 0.21354166666666666
1 0.6577380952380952 0.5322420634920635 0.14947089947089948 0.20535714285714285
1 0.814318783068783 0.5323660714285714 0.1597222222222222 0.2065972222222222
1 0.0646494708994709 0.8490823412698413 0.12665343915343916 0.2750496031746032
1 0.4459325396825397 0.8532986111111112 0.17096560846560846 0.2646329365079365
1 0.7447089947089947 0.8377976190476191 0.17592592592592593 0.27380952380952384
