1 0.12334656084656084 0.8054315476190477 0.16732804232804233 0.2924107142857143
1 0.30770502645502645 0.8080357142857143 0.18617724867724866 0.29662698412698413
1 0.4955357142857143 0.8035714285714286 0.18287037037037038 0.2896825396825397
1 0.6812169312169312 0.7979910714285714 0.164021164021164 0.2785218253968254
1 0.8482142857142857 0.7946428571428571 0.16335978835978837 0.27827380952380953
1 0.9624669312169312 0.7927827380952381 0.06779100529100529 0.28000992063492064
1 0.11904761904761904 0.43725198412698413 0.14814814814814814 0.26537698412698413
1 0.2791005291005291 0.4443204365079365 0.1488095238095238 0.2601686507936508
1 0.5486111111111112 0.4427083333333333 0.052248677248677246 0.25595238095238093
1 0.6597222222222222 0.44407242063492064 0.16071428571428573 0.2591765873015873
1 0.8467261904761905 0.45622519841269843 0.13988095238095238 0.24330357142857142
1 0.9591600529100529 0.4618055555555556 0.07043650793650794 0.23363095238095238
1 0.4305555555555556 0.4461805555555556 0.17592592592592593 0.2509920634920635
1 0.1185515873015873 0.08940972222222222 0.16104497354497355 0.17881944444444445
1 0.6807208994708994 0.09933035714285714 0.13194444444444445 0.19866071428571427
1 0.8005952380952381 0.10354662698412699 0.13756613756613756 0.19419642857142858
1 0.9244378306878307 0.10466269841269842 0.12466931216931217 0.20535714285714285
1 0.5418320105820106 0.10317460317460317 0.14583333333333334 0.1800595238095238
1 0.4039351851851852 0.10119047619047619 0.1431878306878307 0.17609126984126985
