6 0.1390542328042328 0.3220486111111111 0.10615079365079365 0.2750496031746032
6 0.25066137566137564 0.30865575396825395 0.13690476190476192 0.3142361111111111
6 0.3955026455026455 0.3142361111111111 0.13095238095238096 0.30456349206349204
6 0.5486111111111112 0.3187003968253968 0.125 0.30456349206349204
6 0.6765873015873016 0.3236607142857143 0.12764550264550265 0.2926587301587302
6 0.8077050264550265 0.3294890873015873 0.12533068783068782 0.28596230158730157
6 0.9011243386243386 0.3359375 0.08664021164021164 0.27306547619047616
6 0.05257936507936508 0.7537202380952381 0.10515873015873016 0.27827380952380953
6 0.16765873015873015 0.7433035714285714 0.12103174603174603 0.3100198412698413
6 0.2934854497354497 0.7491319444444444 0.13260582010582012 0.30679563492063494
6 0.42840608465608465 0.7532242063492064 0.1378968253968254 0.31101190476190477
6 0.5737433862433863 0.7526041666666666 0.1474867724867725 0.3117559523809524
6 0.7233796296296297 0.7555803571428571 0.14252645502645503 0.3087797619047619
6 0.8609457671957672 0.7620287698412699 0.1259920634920635 0.30481150793650796
6 0.9684193121693122 0.7672371031746031 0.059854497354497355 0.28100198412698413
