5 0.07903439153439154 0.16815476190476192 0.09325396825396826 0.17807539682539683
5 0.2693452380952381 0.1675347222222222 0.0916005291005291 0.17683531746031747
5 0.34672619047619047 0.1671626984126984 0.08961640211640212 0.17857142857142858
5 0.4156746031746032 0.1684027777777778 0.08267195767195767 0.17113095238095238
5 0.4937169312169312 0.1644345238095238 0.07738095238095238 0.17956349206349206
5 0.5578703703703703 0.15749007936507936 0.057539682539682536 0.19543650793650794
5 0.6168981481481481 0.17782738095238096 0.06514550264550265 0.15178571428571427
5 0.6838624338624338 0.17596726190476192 0.06349206349206349 0.1505456349206349
5 0.75 0.17720734126984128 0.062169312169312166 0.1470734126984127
5 0.812665343915344 0.1779513888888889 0.06448412698412699 0.14856150793650794
5 0.8842592592592593 0.17522321428571427 0.07407407407407407 0.15500992063492064
5 0.9560185185185185 0.17113095238095238 0.07738095238095238 0.15426587301587302
5 0.04017857142857143 0.37624007936507936 0.0763888888888889 0.17311507936507936
5 0.10218253968253968 0.37462797619047616 0.09457671957671958 0.1728670634920635
5 0.1734457671957672 0.37450396825396826 0.08895502645502645 0.17212301587301587
5 0.2690145502645503 0.3709077380952381 0.07771164021164022 0.16344246031746032
5 0.3680555555555556 0.37537202380952384 0.08333333333333333 0.16592261904761904
5 0.43187830687830686 0.380828373015873 0.06481481481481481 0.13219246031746032
5 0.48974867724867727 0.37016369047619047 0.056878306878306875 0.15947420634920634
5 0.5500992063492064 0.3655753968253968 0.06117724867724868 0.16170634920634921
5 0.607473544973545 0.3881448412698413 0.05555555555555555 0.125
5 0.6683201058201058 0.3912450396825397 0.06349206349206349 0.13219246031746032
5 0.7299933862433863 0.39211309523809523 0.06382275132275132 0.13392857142857142
5 0.7933201058201058 0.39248511904761907 0.06283068783068783 0.1331845238095238
5 0.8558201058201058 0.39248511904761907 0.06547619047619048 0.1371527777777778
5 0.9242724867724867 0.39112103174603174 0.07341269841269842 0.13343253968253968
5 0.9786706349206349 0.39112103174603174 0.034722222222222224 0.13442460317460317
5 0.04398148148148148 0.5587797619047619 0.07142857142857142 0.13690476190476192
5 0.09623015873015874 0.5582837301587301 0.07142857142857142 0.1378968253968254
5 0.148478835978836 0.5567956349206349 0.06746031746031746 0.1378968253968254
5 0.20386904761904762 0.5550595238095238 0.06911375661375661 0.1433531746031746
5 0.31845238095238093 0.5549355158730159 0.083994708994709 0.1470734126984127
5 0.390707671957672 0.5548115079365079 0.0763888888888889 0.14186507936507936
5 0.47619047619047616 0.5571676587301587 0.06613756613756613 0.14856150793650794
5 0.5454695767195767 0.5544394841269841 0.07175925925925926 0.14657738095238096
5 0.6099537037037037 0.5736607142857143 0.05853174603174603 0.1130952380952381
5 0.6694775132275133 0.5736607142857143 0.05787037037037037 0.11160714285714286
5 0.7290013227513228 0.5751488095238095 0.05919312169312169 0.11458333333333333
5 0.7885251322751323 0.5753968253968254 0.05654761904761905 0.11607142857142858
5 0.8454034391534392 0.5755208333333334 0.05787037037037037 0.11433531746031746
5 0.9085648148148148 0.5757688492063492 0.06448412698412699 0.1158234126984127
5 0.9670965608465608 0.5762648809523809 0.05720899470899471 0.11681547619047619
5 0.3349867724867725 0.7063492063492064 0.057539682539682536 0.10714285714285714
5 0.38955026455026454 0.714905753968254 0.05555555555555555 0.08010912698412699
5 0.43452380952380953 0.7018849206349206 0.03835978835978836 0.10119047619047619
5 0.48412698412698413 0.7151537698412699 0.05423280423280423 0.11235119047619048
5 0.5329034391534392 0.7105654761904762 0.04662698412698413 0.10317460317460317
5 0.5990410052910053 0.7254464285714286 0.049933862433862435 0.10664682539682539
5 0.6512896825396826 0.7271825396825397 0.05324074074074074 0.10367063492063493
5 0.7043650793650794 0.7271825396825397 0.052248677248677246 0.10069444444444445
5 0.7564484126984127 0.730406746031746 0.0539021164021164 0.09970238095238096
5 0.812334656084656 0.7316468253968254 0.05588624338624339 0.10416666666666667
5 0.863260582010582 0.7328869047619048 0.05654761904761905 0.10367063492063493
5 0.9224537037037037 0.7318948412698413 0.060515873015873016 0.0992063492063492
5 0.0355489417989418 0.7087053571428571 0.06712962962962964 0.11929563492063493
5 0.16832010582010581 0.7072172619047619 0.06283068783068783 0.11334325396825397
5 0.24090608465608465 0.7001488095238095 0.05654761904761905 0.10168650793650794
5 0.25793650793650796 0.8439980158730159 0.05886243386243386 0.10069444444444445
5 0.3098544973544973 0.8542906746031746 0.04365079365079365 0.10838293650793651
5 0.36590608465608465 0.8654513888888888 0.05853174603174603 0.10540674603174603
5 0.45105820105820105 0.8854166666666666 0.05555555555555555 0.10813492063492064
5 0.5355489417989417 0.8733878968253969 0.05720899470899471 0.10639880952380952
5 0.6043320105820106 0.8773561507936508 0.05125661375661376 0.09945436507936507
5 0.66005291005291 0.9012896825396826 0.05092592592592592 0.10119047619047619
5 0.7161044973544973 0.9030257936507936 0.05324074074074074 0.0992063492063492
5 0.7709986772486772 0.8983134920634921 0.0539021164021164 0.09176587301587301
5 0.826223544973545 0.9040178571428571 0.05324074074074074 0.0992063492063492
5 0.8784722222222222 0.9015376984126984 0.05654761904761905 0.10119047619047619
5 0.9365079365079365 0.9000496031746031 0.056878306878306875 0.1001984126984127
