2 0.09523809523809523 0.14149305555555555 0.13293650793650794 0.2775297619047619
2 0.20899470899470898 0.14074900793650794 0.13227513227513227 0.27653769841269843
2 0.32589285714285715 0.14124503968253968 0.12400793650793651 0.2785218253968254
2 0.4399801587301587 0.14360119047619047 0.11673280423280423 0.27728174603174605
2 0.5512566137566137 0.1440972222222222 0.11441798941798942 0.27628968253968256
2 0.6643518518518519 0.14434523809523808 0.11574074074074074 0.27132936507936506
2 0.7748015873015873 0.1440972222222222 0.1130952380952381 0.2708333333333333
2 0.8892195767195767 0.14285714285714285 0.11706349206349206 0.2757936507936508
2 0.970568783068783 0.1457093253968254 0.05092592592592592 0.26860119047619047
2 0.18948412698412698 0.48127480158730157 0.15674603174603174 0.2884424603174603
2 0.33134920634920634 0.47780257936507936 0.1388888888888889 0.28249007936507936
2 0.46593915343915343 0.4779265873015873 0.13425925925925927 0.279265873015873
2 0.5995370370370371 0.4789186507936508 0.1349206349206349 0.2802579365079365
2 0.736276455026455 0.4730902777777778 0.13921957671957672 0.28249007936507936
2 0.8745039682539683 0.47470238095238093 0.1359126984126984 0.28521825396825395
2 0.23330026455026456 0.8019593253968254 0.13392857142857142 0.26165674603174605
2 0.359457671957672 0.7969990079365079 0.12764550264550265 0.263640873015873
2 0.486276455026455 0.7947668650793651 0.12863756613756613 0.25818452380952384
2 0.6354166666666666 0.7826140873015873 0.17691798941798942 0.2621527777777778
2 0.8070436507936508 0.7781498015873016 0.1736111111111111 0.25768849206349204
2 0.9444444444444444 0.7745535714285714 0.10185185185185185 0.2564484126984127
