3 0.21302083333333333 0.43046875 0.034375 0.084375
3 0.24739583333333334 0.4296875 0.034375 0.084375
3 0.28020833333333334 0.43046875 0.03125 0.0828125
3 0.30833333333333335 0.430078125 0.027083333333333334 0.08359375
3 0.34322916666666664 0.43046875 0.028125 0.0828125
3 0.4239583333333333 0.433203125 0.0375 0.08515625
3 0.4640625 0.43359375 0.026041666666666668 0.0859375
3 0.48802083333333335 0.43359375 0.030208333333333334 0.090625
3 0.525 0.434375 0.041666666666666664 0.0984375
3 0.5661458333333333 0.43515625 0.03854166666666667 0.103125
3 0.6171875 0.4359375 0.040625 0.103125
3 0.19166666666666668 0.25 0.058333333333333334 0.0828125
3 0.24583333333333332 0.248828125 0.052083333333333336 0.08671875
3 0.3026041666666667 0.24609375 0.059375 0.084375
3 0.35989583333333336 0.244921875 0.06145833333333333 0.08828125
3 0.396875 0.17578125 0.052083333333333336 0.0640625
3 0.421875 0.24609375 0.05416666666666667 0.08125
3 0.49635416666666665 0.17734375 0.05520833333333333 0.08125
3 0.49114583333333334 0.249609375 0.053125 0.06640625
3 0.590625 0.240625 0.05625 0.0796875
3 0.6614583333333334 0.146484375 0.06041666666666667 0.08359375
3 0.7270833333333333 0.143359375 0.06041666666666667 0.08671875
3 0.6609375 0.23671875 0.06354166666666666 0.08125
3 0.7239583333333334 0.232421875 0.06666666666666667 0.08203125
3 0.7885416666666667 0.234765625 0.058333333333333334 0.07421875
3 0.8588541666666667 0.223828125 0.065625 0.08984375
3 0.921875 0.14375 0.058333333333333334 0.0671875
3 0.9260416666666667 0.225390625 0.06666666666666667 0.08515625
3 0.7036458333333333 0.6296875 0.057291666666666664 0.08125
3 0.78125 0.63359375 0.052083333333333336 0.078125
3 0.8442708333333333 0.7828125 0.05520833333333333 0.0828125
