5 0.031746031746031744 0.8802083333333334 0.05886243386243386 0.13988095238095238
5 0.08845899470899471 0.8818204365079365 0.0539021164021164 0.1416170634920635
5 0.14831349206349206 0.8878968253968254 0.06779100529100529 0.14930555555555555
5 0.22321428571428573 0.8725198412698413 0.05357142857142857 0.1324404761904762
5 0.2665343915343915 0.8741319444444444 0.031746031746031744 0.14211309523809523
5 0.3386243386243386 0.8954613095238095 0.06084656084656084 0.14112103174603174
5 0.4039351851851852 0.892609126984127 0.05787037037037037 0.14037698412698413
5 0.5181878306878307 0.8943452380952381 0.06481481481481481 0.14384920634920634
5 0.5871362433862434 0.8999255952380952 0.06183862433862434 0.1480654761904762
5 0.6559193121693122 0.8970734126984127 0.06316137566137567 0.14781746031746032
5 0.7443783068783069 0.8993055555555556 0.05555555555555555 0.14384920634920634
5 0.06332671957671958 0.36160714285714285 0.07308201058201058 0.15674603174603174
5 0.1359126984126984 0.3611111111111111 0.06746031746031746 0.15575396825396826
5 0.2056878306878307 0.36086309523809523 0.07341269841269842 0.15773809523809523
5 0.2777777777777778 0.3619791666666667 0.07076719576719577 0.15550595238095238
5 0.35300925925925924 0.35788690476190477 0.07705026455026455 0.16517857142857142
5 0.421792328042328 0.3559027777777778 0.06117724867724868 0.16964285714285715
5 0.48726851851851855 0.3603670634920635 0.0744047619047619 0.16170634920634921
5 0.5633267195767195 0.3601190476190476 0.07705026455026455 0.16468253968253968
5 0.6296296296296297 0.3645833333333333 0.062169312169312166 0.15674603174603174
5 0.6989087301587301 0.3583829365079365 0.07705026455026455 0.16517857142857142
5 0.7703373015873016 0.3621031746031746 0.05324074074074074 0.1661706349206349
5 0.8232473544973545 0.36731150793650796 0.04728835978835979 0.1527777777777778
5 0.9014550264550265 0.3603670634920635 0.06481481481481481 0.16815476190476192
5 0.966931216931217 0.3601190476190476 0.06084656084656084 0.16964285714285715
5 0.022321428571428572 0.11421130952380952 0.044642857142857144 0.13913690476190477
5 0.07291666666666667 0.11135912698412699 0.05853174603174603 0.14136904761904762
5 0.1335978835978836 0.11272321428571429 0.06349206349206349 0.14558531746031747
5 0.19675925925925927 0.1130952380952381 0.06547619047619048 0.14186507936507936
5 0.2587632275132275 0.11334325396825397 0.06117724867724868 0.14384920634920634
5 0.3255621693121693 0.11929563492063493 0.04398148148148148 0.13045634920634921
5 0.3784722222222222 0.1154513888888889 0.06514550264550265 0.13814484126984128
5 0.4409722222222222 0.11495535714285714 0.06382275132275132 0.140625
5 0.5042989417989417 0.1171875 0.0582010582010582 0.13616071428571427
5 0.5648148148148148 0.11619543650793651 0.06283068783068783 0.14012896825396826
5 0.6266534391534392 0.11222718253968254 0.0667989417989418 0.14310515873015872
5 0.6889880952380952 0.11520337301587301 0.06316137566137567 0.1396329365079365
5 0.7536375661375662 0.11383928571428571 0.0667989417989418 0.14434523809523808
5 0.814318783068783 0.1148313492063492 0.0625 0.1453373015873016
5 0.8792989417989417 0.11607142857142858 0.06547619047619048 0.14434523809523808
5 0.94130291005291 0.11371527777777778 0.0625 0.14360119047619047
