5 0.2804232804232804 0.08432539682539683 0.08531746031746032 0.16121031746031747
5 0.367228835978836 0.0845734126984127 0.07308201058201058 0.16021825396825398
5 0.37351190476190477 0.296875 0.07506613756613757 0.17906746031746032
5 0.4279100529100529 0.08345734126984126 0.06746031746031746 0.16344246031746032
5 0.48826058201058203 0.08320932539682539 0.06580687830687831 0.16245039682539683
5 0.5522486772486772 0.0842013888888889 0.06746031746031746 0.16046626984126985
5 0.23958333333333334 0.5071924603174603 0.05191798941798942 0.13640873015873015
5 0.28174603174603174 0.5250496031746031 0.06481481481481481 0.14285714285714285
5 0.3371362433862434 0.5359623015873016 0.06382275132275132 0.14583333333333334
5 0.39186507936507936 0.5390625 0.06481481481481481 0.14558531746031747
5 0.466765873015873 0.5276537698412699 0.03935185185185185 0.14211309523809523
5 0.5107473544973545 0.5390625 0.055224867724867725 0.1470734126984127
5 0.6083002645502645 0.5383184523809523 0.05125661375661376 0.14360119047619047
5 0.6896494708994709 0.5477430555555556 0.06580687830687831 0.1535218253968254
5 0.03488756613756614 0.5447668650793651 0.06316137566137567 0.11681547619047619
5 0.10962301587301587 0.5481150793650794 0.0710978835978836 0.11458333333333333
5 0.0441468253968254 0.7544642857142857 0.05125661375661376 0.09474206349206349
5 0.10085978835978836 0.753844246031746 0.07605820105820106 0.09300595238095238
5 0.16534391534391535 0.7684771825396826 0.06349206349206349 0.09300595238095238
5 0.2222222222222222 0.7508680555555556 0.07275132275132275 0.11929563492063493
5 0.2873677248677249 0.7511160714285714 0.06349206349206349 0.12276785714285714
5 0.6999007936507936 0.7690972222222222 0.0744047619047619 0.12251984126984126
5 0.7781084656084656 0.769593253968254 0.07142857142857142 0.12549603174603174
5 0.8478835978835979 0.7713293650793651 0.07076719576719577 0.1324404761904762
5 0.9183201058201058 0.7666170634920635 0.06613756613756613 0.12003968253968254
6 0.7562830687830688 0.5487351190476191 0.06415343915343916 0.14657738095238096
6 0.8166335978835979 0.548859126984127 0.06117724867724868 0.14930555555555555
6 0.871031746031746 0.5383184523809523 0.06018518518518518 0.14657738095238096
6 0.4601521164021164 0.3167162698412698 0.06845238095238096 0.1671626984126984
6 0.5558862433862434 0.3167162698412698 0.0667989417989418 0.17261904761904762
6 0.7781084656084656 0.318328373015873 0.0787037037037037 0.1793154761904762
6 0.8473875661375662 0.31907242063492064 0.0744047619047619 0.17683531746031747
6 0.9176587301587301 0.32080853174603174 0.08465608465608465 0.17485119047619047
