0 0.32395833333333335 0.07734375 0.1 0.1515625
0 0.4171875 0.084375 0.09479166666666666 0.1484375
0 0.5036458333333333 0.089453125 0.08854166666666667 0.13984375
0 0.09895833333333333 0.36796875 0.12083333333333333 0.1953125
0 0.21822916666666667 0.3515625 0.13020833333333334 0.2140625
0 0.3375 0.34921875 0.11041666666666666 0.209375
0 0.4432291666666667 0.348828125 0.09895833333333333 0.20859375
0 0.5380208333333333 0.34296875 0.09270833333333334 0.203125
0 0.6255208333333333 0.34609375 0.096875 0.1859375
0 0.08697916666666666 0.644140625 0.15520833333333334 0.23203125
0 0.22291666666666668 0.627734375 0.13958333333333334 0.23046875
0 0.35104166666666664 0.618359375 0.12916666666666668 0.20703125
0 0.465625 0.6046875 0.11875 0.20625
0 0.20520833333333333 0.901171875 0.13958333333333334 0.18203125
0 0.3776041666666667 0.878515625 0.12604166666666666 0.20703125
0 0.48854166666666665 0.85703125 0.11666666666666667 0.184375
0 0.5828125 0.09296875 0.08854166666666667 0.1453125
0 0.6567708333333333 0.1046875 0.078125 0.13125
0 0.7296875 0.10625 0.08020833333333334 0.13125
1 0.21302083333333333 0.108984375 0.06979166666666667 0.07578125
1 0.7140625 0.344921875 0.121875 0.17109375
1 0.7994791666666666 0.344140625 0.08020833333333334 0.17265625
1 0.8010416666666667 0.090234375 0.125 0.16953125
1 0.9057291666666667 0.09453125 0.10520833333333333 0.165625
