0 0.0787037037037037 0.17609126984126985 0.11177248677248677 0.18204365079365079
0 0.2152777777777778 0.18365575396825398 0.10185185185185185 0.1684027777777778
0 0.31646825396825395 0.1853918650793651 0.09788359788359788 0.16245039682539683
0 0.4181547619047619 0.18836805555555555 0.10416666666666667 0.1619543650793651
0 0.5170304232804233 0.18563988095238096 0.09887566137566138 0.1609623015873016
0 0.6150793650793651 0.18191964285714285 0.09722222222222222 0.1708829365079365
0 0.7121362433862434 0.1843998015873016 0.10416666666666667 0.16245039682539683
0 0.8110119047619048 0.1861359126984127 0.09887566137566138 0.16393849206349206
0 0.9365079365079365 0.17522321428571427 0.10978835978835978 0.18129960317460317
0 0.15658068783068782 0.39856150793650796 0.09623015873015874 0.1661706349206349
0 0.2511574074074074 0.3993055555555556 0.09556878306878307 0.16319444444444445
0 0.6087962962962963 0.40153769841269843 0.08333333333333333 0.15228174603174602
0 0.6917989417989417 0.4019097222222222 0.08664021164021164 0.15500992063492064
0 0.7789351851851852 0.40066964285714285 0.08961640211640212 0.15401785714285715
0 0.8683862433862434 0.39880952380952384 0.08664021164021164 0.15625
0 0.14914021164021163 0.6207837301587301 0.08531746031746032 0.1810515873015873
0 0.24702380952380953 0.6045386904761905 0.08465608465608465 0.14905753968253968
0 0.33895502645502645 0.6125992063492064 0.09854497354497355 0.1800595238095238
0 0.4818121693121693 0.6150793650793651 0.09457671957671958 0.17113095238095238
0 0.6015211640211641 0.5863095238095238 0.07804232804232804 0.15575396825396826
0 0.7280092592592593 0.5704365079365079 0.07374338624338625 0.12748015873015872
0 0.8485449735449735 0.5807291666666666 0.07407407407407407 0.15252976190476192
0 0.9310515873015873 0.6019345238095238 0.07771164021164022 0.1324404761904762
0 0.12962962962962962 0.8258928571428571 0.05952380952380952 0.17559523809523808
0 0.21147486772486773 0.8387896825396826 0.10218253968253968 0.1865079365079365
0 0.3343253968253968 0.8375496031746031 0.10846560846560846 0.19642857142857142
0 0.4408068783068783 0.8191964285714286 0.09788359788359788 0.16517857142857142
0 0.5372023809523809 0.8146081349206349 0.09027777777777778 0.16294642857142858
0 0.6276455026455027 0.8125 0.09060846560846561 0.15773809523809523
0 0.720734126984127 0.8165922619047619 0.09887566137566138 0.16889880952380953
0 0.8298611111111112 0.8167162698412699 0.09490740740740741 0.17162698412698413
0 0.9234457671957672 0.8141121031746031 0.09027777777777778 0.1684027777777778
