5 0.16964285714285715 0.16691468253968253 0.11243386243386243 0.1552579365079365
5 0.2855489417989418 0.15178571428571427 0.0916005291005291 0.1949404761904762
5 0.37996031746031744 0.16517857142857142 0.08531746031746032 0.17261904761904762
5 0.4624669312169312 0.1636904761904762 0.09623015873015874 0.18154761904761904
5 0.5648148148148148 0.17547123015873015 0.0873015873015873 0.16889880952380953
5 0.6468253968253969 0.17584325396825398 0.08134920634920635 0.16815476190476192
5 0.7337962962962963 0.17485119047619047 0.09193121693121693 0.1884920634920635
5 0.8273809523809523 0.17609126984126985 0.09457671957671958 0.18303571428571427
5 0.8966600529100529 0.15873015873015872 0.0710978835978836 0.2197420634920635
5 0.9588293650793651 0.16034226190476192 0.06316137566137567 0.2214781746031746
5 0.20982142857142858 0.41455853174603174 0.09556878306878307 0.171875
5 0.3072089947089947 0.41716269841269843 0.09259259259259259 0.17113095238095238
5 0.38921957671957674 0.41592261904761907 0.07671957671957672 0.16418650793650794
5 0.47007275132275134 0.42063492063492064 0.09093915343915344 0.1671626984126984
5 0.5558862433862434 0.4201388888888889 0.08796296296296297 0.16468253968253968
5 0.6339285714285714 0.42137896825396826 0.07076719576719577 0.15625
5 0.7000661375661376 0.42336309523809523 0.0667989417989418 0.15476190476190477
5 0.7743055555555556 0.42472718253968256 0.09424603174603174 0.16393849206349206
5 0.8726851851851852 0.41021825396825395 0.08134920634920635 0.19593253968253968
5 0.9447751322751323 0.4115823412698413 0.07142857142857142 0.19618055555555555
5 0.23660714285714285 0.6372767857142857 0.06580687830687831 0.1505456349206349
5 0.3244047619047619 0.6509176587301587 0.07671957671957672 0.16294642857142858
5 0.4103835978835979 0.6506696428571429 0.07407407407407407 0.15997023809523808
5 0.48214285714285715 0.6526537698412699 0.0701058201058201 0.16145833333333334
5 0.5540674603174603 0.6448412698412699 0.07175925925925926 0.16170634920634921
5 0.6263227513227513 0.6484375 0.08333333333333333 0.1589781746031746
5 0.6951058201058201 0.6498015873015873 0.06283068783068783 0.1552579365079365
6 0.8326719576719577 0.8205605158730159 0.06415343915343916 0.15401785714285715
6 0.8986441798941799 0.8226686507936508 0.060515873015873016 0.14434523809523808
6 0.9565145502645502 0.8182043650793651 0.0625 0.14384920634920634
6 0.8482142857142857 0.6271081349206349 0.06944444444444445 0.15302579365079366
6 0.9117063492063492 0.6256200396825397 0.06415343915343916 0.15203373015873015
6 0.9672619047619048 0.6266121031746031 0.05092592592592592 0.1505456349206349
6 0.23330026455026456 0.8597470238095238 0.0882936507936508 0.14955357142857142
6 0.3490410052910053 0.8603670634920635 0.06977513227513228 0.14583333333333334
6 0.4236111111111111 0.8592509920634921 0.07738095238095238 0.15104166666666666
6 0.5593584656084656 0.8530505952380952 0.07837301587301587 0.14459325396825398
6 0.6412037037037037 0.8541666666666666 0.082010582010582 0.14682539682539683
6 0.7278439153439153 0.8539186507936508 0.0787037037037037 0.14831349206349206
