4 0.026785714285714284 0.28869047619047616 0.05092592592592592 0.09027777777777778
4 0.07837301587301587 0.28583829365079366 0.056216931216931214 0.0920138888888889
4 0.13293650793650794 0.2828621031746032 0.056878306878306875 0.09796626984126984
4 0.19196428571428573 0.2788938492063492 0.06448412698412699 0.09697420634920635
4 0.20188492063492064 0.19543650793650794 0.04794973544973545 0.07738095238095238
4 0.2531415343915344 0.18253968253968253 0.0625 0.10267857142857142
4 0.2552910052910053 0.2803819444444444 0.06349206349206349 0.0954861111111111
4 0.3167989417989418 0.2806299603174603 0.06084656084656084 0.0954861111111111
4 0.3166335978835979 0.18154761904761904 0.06316137566137567 0.10168650793650794
4 0.3794642857142857 0.18353174603174602 0.06580687830687831 0.10267857142857142
4 0.37979497354497355 0.27802579365079366 0.06514550264550265 0.09523809523809523
4 0.4356812169312169 0.2796378968253968 0.049933862433862435 0.09151785714285714
4 0.4905753968253968 0.2744295634920635 0.06580687830687831 0.09895833333333333
4 0.5497685185185185 0.2750496031746032 0.059854497354497355 0.09771825396825397
4 0.4406415343915344 0.18427579365079366 0.05787037037037037 0.09325396825396826
4 0.5494378306878307 0.17956349206349206 0.05720899470899471 0.0992063492063492
4 0.5021494708994709 0.18588789682539683 0.04332010582010582 0.08308531746031746
4 0.6086309523809523 0.16951884920634921 0.06382275132275132 0.10590277777777778
4 0.6106150793650794 0.27306547619047616 0.06580687830687831 0.1001984126984127
4 0.6899801587301587 0.28149801587301587 0.0625 0.0818452380952381
4 0.7581018518518519 0.26785714285714285 0.06911375661375661 0.10317460317460317
4 0.822255291005291 0.2673611111111111 0.06580687830687831 0.10119047619047619
4 0.8832671957671958 0.16951884920634921 0.07142857142857142 0.10044642857142858
4 0.8878968253968254 0.26847718253968256 0.06746031746031746 0.09449404761904762
4 0.9560185185185185 0.2663690476190476 0.07076719576719577 0.09871031746031746
4 0.9383267195767195 0.1736111111111111 0.05191798941798942 0.08134920634920635
4 0.9794973544973545 0.17683531746031747 0.03373015873015873 0.08085317460317461
4 0.05952380952380952 0.5131448412698413 0.061507936507936505 0.12698412698412698
4 0.12582671957671956 0.5150049603174603 0.07374338624338625 0.1277281746031746
4 0.19940476190476192 0.5124007936507936 0.07539682539682539 0.13095238095238096
4 0.271494708994709 0.5130208333333334 0.06812169312169312 0.12723214285714285
4 0.3343253968253968 0.5120287698412699 0.07407407407407407 0.1277281746031746
4 0.4039351851851852 0.511780753968254 0.0744047619047619 0.13020833333333334
4 0.46164021164021163 0.5132688492063492 0.04563492063492063 0.12475198412698413
4 0.5185185185185185 0.5112847222222222 0.07142857142857142 0.13020833333333334
4 0.5831679894179894 0.5094246031746031 0.06183862433862434 0.13095238095238096
4 0.6509589947089947 0.5091765873015873 0.07705026455026455 0.13194444444444445
4 0.7261904761904762 0.5093005952380952 0.07539682539682539 0.1277281746031746
4 0.8230820105820106 0.509796626984127 0.08068783068783068 0.1267361111111111
4 0.9117063492063492 0.5107886904761905 0.08597883597883597 0.13616071428571427
4 0.9713955026455027 0.5089285714285714 0.045965608465608467 0.1378968253968254
4 0.05919312169312169 0.7513640873015873 0.06613756613756613 0.10491071428571429
4 0.14070767195767195 0.7498759920634921 0.05720899470899471 0.10838293650793651
4 0.20205026455026456 0.7491319444444444 0.06547619047619048 0.11036706349206349
4 0.29828042328042326 0.7387152777777778 0.05555555555555555 0.10143849206349206
4 0.3548280423280423 0.7398313492063492 0.05291005291005291 0.10515873015873016
4 0.41451719576719576 0.7434275793650794 0.059854497354497355 0.10491071428571429
4 0.48032407407407407 0.7266865079365079 0.054563492063492064 0.09722222222222222
4 0.5343915343915344 0.7299107142857143 0.05555555555555555 0.09821428571428571
4 0.5911044973544973 0.7349950396825397 0.05787037037037037 0.10044642857142858
4 0.6438492063492064 0.7116815476190477 0.04563492063492063 0.09250992063492064
4 0.75380291005291 0.7472718253968254 0.08234126984126984 0.14484126984126985
4 0.832010582010582 0.7462797619047619 0.08796296296296297 0.15029761904761904
4 0.908234126984127 0.7483878968253969 0.08234126984126984 0.14905753968253968
4 0.9723875661375662 0.7482638888888888 0.044642857142857144 0.1488095238095238
4 0.07093253968253968 0.8718998015873016 0.07506613756613757 0.13120039682539683
4 0.1466600529100529 0.8721478174603174 0.07506613756613757 0.14012896825396826
4 0.22056878306878308 0.8745039682539683 0.07407407407407407 0.13045634920634921
4 0.30654761904761907 0.8656994047619048 0.0582010582010582 0.1371527777777778
4 0.3773148148148148 0.8718998015873016 0.07142857142857142 0.13814484126984128
4 0.4487433862433862 0.8752480158730159 0.06878306878306878 0.13740079365079366
4 0.5224867724867724 0.876984126984127 0.07142857142857142 0.13740079365079366
4 0.5963955026455027 0.8777281746031746 0.0763888888888889 0.1378968253968254
4 0.6732804232804233 0.8830605158730159 0.07473544973544974 0.14508928571428573
4 0.7549603174603174 0.894469246031746 0.08664021164021164 0.1505456349206349
4 0.839781746031746 0.8975694444444444 0.08101851851851852 0.1498015873015873
4 0.9204695767195767 0.8970734126984127 0.08234126984126984 0.14831349206349206
