1 0.1185515873015873 0.8929811507936508 0.02546296296296296 0.17237103174603174
1 0.291005291005291 0.8900049603174603 0.13161375661375663 0.1708829365079365
1 0.4183201058201058 0.8881448412698413 0.12632275132275134 0.16865079365079366
1 0.18336640211640212 0.8684275793650794 0.09623015873015874 0.11979166666666667
1 0.7645502645502645 0.8559027777777778 0.06613756613756613 0.14285714285714285
1 0.8670634920634921 0.8908730158730159 0.08862433862433862 0.13988095238095238
1 0.9575066137566137 0.8901289682539683 0.07705026455026455 0.14484126984126985
1 0.8258928571428571 0.6822916666666666 0.12863756613756613 0.14732142857142858
1 0.916005291005291 0.6759672619047619 0.09523809523809523 0.13467261904761904
1 0.4973544973544973 0.6948164682539683 0.10052910052910052 0.16046626984126985
1 0.5815145502645502 0.6791914682539683 0.06977513227513228 0.14905753968253968
1 0.39798280423280424 0.7015128968253969 0.10284391534391535 0.16691468253968253
1 0.29910714285714285 0.7025049603174603 0.10218253968253968 0.16741071428571427
1 0.2015542328042328 0.7077132936507936 0.09556878306878307 0.14558531746031747
1 0.09771825396825397 0.6995287698412699 0.11474867724867725 0.16939484126984128
1 0.06696428571428571 0.5110367063492064 0.10416666666666667 0.14905753968253968
1 0.1658399470899471 0.5088045634920635 0.09887566137566138 0.14905753968253968
1 0.26587301587301587 0.5078125 0.10119047619047619 0.1470734126984127
1 0.3639219576719577 0.5101686507936508 0.09953703703703703 0.14285714285714285
1 0.4591600529100529 0.5088045634920635 0.09424603174603174 0.14508928571428573
1 0.5562169312169312 0.5100446428571429 0.09854497354497355 0.14360119047619047
1 0.7797619047619048 0.5063244047619048 0.06613756613756613 0.1589781746031746
1 0.8531746031746031 0.5055803571428571 0.08862433862433862 0.16046626984126985
1 0.91005291005291 0.5006200396825397 0.05357142857142857 0.1416170634920635
1 0.03802910052910053 0.3118799603174603 0.07275132275132275 0.13665674603174602
1 0.14401455026455026 0.31200396825396826 0.10615079365079365 0.1453373015873016
1 0.25132275132275134 0.3141121031746032 0.10449735449735449 0.1440972222222222
1 0.3913690476190476 0.3152281746031746 0.10218253968253968 0.14434523809523808
1 0.4801587301587302 0.3194444444444444 0.06944444444444445 0.14087301587301587
1 0.5441468253968254 0.3189484126984127 0.06316137566137567 0.14285714285714285
1 0.6040013227513228 0.3195684523809524 0.0744047619047619 0.14260912698412698
1 0.8548280423280423 0.3289930555555556 0.09788359788359788 0.13368055555555555
1 0.949239417989418 0.31981646825396826 0.08167989417989419 0.15401785714285715
1 0.5871362433862434 0.10602678571428571 0.10813492063492064 0.1545138888888889
1 0.4244378306878307 0.10354662698412699 0.08300264550264551 0.14955357142857142
1 0.35085978835978837 0.11160714285714286 0.09391534391534391 0.1324404761904762
1 0.27215608465608465 0.10602678571428571 0.082010582010582 0.13913690476190477
1 0.056051587301587304 0.10577876984126984 0.07572751322751323 0.1307043650793651
1 0.13128306878306878 0.10404265873015874 0.07738095238095238 0.13566468253968253
1 0.1984126984126984 0.10776289682539683 0.07539682539682539 0.13120039682539683
