5 0.06117724867724868 0.45027281746031744 0.06812169312169312 0.11235119047619048
5 0.12218915343915344 0.43960813492063494 0.05919312169312169 0.13566468253968253
5 0.1746031746031746 0.44072420634920634 0.05886243386243386 0.1388888888888889
5 0.2251984126984127 0.44208829365079366 0.0582010582010582 0.13814484126984128
5 0.2781084656084656 0.4408482142857143 0.05886243386243386 0.13814484126984128
5 0.3290343915343915 0.4428323412698413 0.051587301587301584 0.13665674603174602
5 0.3783068783068783 0.44407242063492064 0.051587301587301584 0.13566468253968253
5 0.4280753968253968 0.44481646825396826 0.05257936507936508 0.13764880952380953
5 0.47966269841269843 0.44494047619047616 0.04927248677248677 0.1378968253968254
5 0.5295965608465608 0.4460565476190476 0.04927248677248677 0.13814484126984128
5 0.5795304232804233 0.4459325396825397 0.05324074074074074 0.13938492063492064
5 0.6306216931216931 0.458953373015873 0.052248677248677246 0.11235119047619048
5 0.687665343915344 0.4469246031746032 0.05324074074074074 0.1388888888888889
5 0.7400793650793651 0.44717261904761907 0.05489417989417989 0.13839285714285715
5 0.7865410052910053 0.4445684523809524 0.04398148148148148 0.13616071428571427
5 0.8569775132275133 0.44642857142857145 0.06977513227513228 0.13839285714285715
5 0.9241071428571429 0.44419642857142855 0.06646825396825397 0.13392857142857142
5 0.03058862433862434 0.5880456349206349 0.054563492063492064 0.125
5 0.07886904761904762 0.5895337301587301 0.06316137566137567 0.12648809523809523
5 0.1324404761904762 0.5927579365079365 0.05720899470899471 0.12400793650793651
5 0.18915343915343916 0.5928819444444444 0.05555555555555555 0.12574404761904762
5 0.23941798941798942 0.5915178571428571 0.057539682539682536 0.1259920634920635
5 0.28852513227513227 0.5928819444444444 0.05324074074074074 0.12524801587301587
5 0.3374669312169312 0.5927579365079365 0.05125661375661376 0.12450396825396826
5 0.3880621693121693 0.5928819444444444 0.050595238095238096 0.12475198412698413
5 0.43584656084656087 0.5933779761904762 0.04828042328042328 0.12574404761904762
5 0.48313492063492064 0.5935019841269841 0.0496031746031746 0.12648809523809523
5 0.5320767195767195 0.5949900793650794 0.04894179894179894 0.125
5 0.5808531746031746 0.5953621031746031 0.04728835978835979 0.12475198412698413
5 0.62880291005291 0.5967261904761905 0.050595238095238096 0.12946428571428573
5 0.6762566137566137 0.5962301587301587 0.0496031746031746 0.12648809523809523
5 0.7222222222222222 0.5912698412698413 0.04298941798941799 0.11755952380952381
5 0.7703373015873016 0.5978422619047619 0.05588624338624339 0.1267361111111111
5 0.8194444444444444 0.6091269841269841 0.046957671957671955 0.10367063492063493
5 0.8668981481481481 0.6092509920634921 0.050595238095238096 0.10094246031746032
5 0.9163359788359788 0.6104910714285714 0.051587301587301584 0.09945436507936507
5 0.9674272486772487 0.6096230158730159 0.05324074074074074 0.10515873015873016
5 0.05704365079365079 0.7278025793650794 0.040013227513227514 0.09300595238095238
5 0.09871031746031746 0.7369791666666666 0.05588624338624339 0.0920138888888889
5 0.14434523809523808 0.7256944444444444 0.05257936507936508 0.11607142857142858
5 0.19692460317460317 0.7276785714285714 0.05787037037037037 0.11408730158730158
5 0.24718915343915343 0.7284226190476191 0.044642857142857144 0.11507936507936507
5 0.29117063492063494 0.7275545634920635 0.04861111111111111 0.11383928571428571
5 0.3374669312169312 0.7276785714285714 0.04662698412698413 0.11160714285714286
5 0.38756613756613756 0.7175099206349206 0.041666666666666664 0.09474206349206349
5 0.4262566137566138 0.7206101190476191 0.04431216931216931 0.10044642857142858
5 0.4728835978835979 0.7282986111111112 0.046296296296296294 0.11731150793650794
5 0.5196759259259259 0.7310267857142857 0.045304232804232805 0.11631944444444445
5 0.5648148148148148 0.7440476190476191 0.04497354497354497 0.09523809523809523
5 0.611276455026455 0.7445436507936508 0.045965608465608467 0.09325396825396826
5 0.6593915343915344 0.7330109126984127 0.046296296296296294 0.1158234126984127
5 0.7003968253968254 0.7261904761904762 0.03439153439153439 0.1001984126984127
5 0.7438822751322751 0.7259424603174603 0.04861111111111111 0.10119047619047619
5 0.7943121693121693 0.7468998015873016 0.04828042328042328 0.08556547619047619
5 0.8427579365079365 0.7459077380952381 0.04927248677248677 0.08506944444444445
5 0.8900462962962963 0.7420634920634921 0.04794973544973545 0.09275793650793651
5 0.937334656084656 0.7434275793650794 0.05257936507936508 0.09995039682539683
5 0.05340608465608466 0.8656994047619048 0.05588624338624339 0.12475198412698413
5 0.09887566137566138 0.8709077380952381 0.056878306878306875 0.11780753968253968
5 0.14947089947089948 0.8550347222222222 0.046296296296296294 0.11135912698412699
5 0.19031084656084657 0.8684275793650794 0.054563492063492064 0.11780753968253968
5 0.23660714285714285 0.8721478174603174 0.05125661375661376 0.11681547619047619
5 0.2843915343915344 0.8714037698412699 0.05026455026455026 0.11433531746031746
5 0.3326719576719577 0.8714037698412699 0.05092592592592592 0.1158234126984127
5 0.37996031746031744 0.8715277777777778 0.04894179894179894 0.11557539682539683
5 0.42509920634920634 0.871031746031746 0.04728835978835979 0.11607142857142858
5 0.47337962962962965 0.8715277777777778 0.04728835978835979 0.11259920634920635
5 0.5205026455026455 0.8700396825396826 0.04894179894179894 0.11805555555555555
5 0.56630291005291 0.8563988095238095 0.045965608465608467 0.11359126984126984
5 0.6106150793650794 0.8556547619047619 0.04861111111111111 0.11557539682539683
5 0.6593915343915344 0.8738839285714286 0.056878306878306875 0.11830357142857142
5 0.7058531746031746 0.8741319444444444 0.050595238095238096 0.12028769841269842
5 0.7556216931216931 0.8762400793650794 0.05489417989417989 0.12053571428571429
5 0.7979497354497355 0.8888888888888888 0.03835978835978836 0.10119047619047619
5 0.8412698412698413 0.8875248015873016 0.05291005291005291 0.10143849206349206
5 0.892526455026455 0.8908730158730159 0.05092592592592592 0.10317460317460317
5 0.9419642857142857 0.8896329365079365 0.050595238095238096 0.10367063492063493
5 0.980489417989418 0.8885168650793651 0.027777777777777776 0.10491071428571429
6 0.03968253968253968 0.29538690476190477 0.06746031746031746 0.10962301587301587
6 0.09623015873015874 0.2748015873015873 0.06812169312169312 0.15376984126984128
6 0.1527777777777778 0.2744295634920635 0.07076719576719577 0.15500992063492064
6 0.20899470899470898 0.27554563492063494 0.06547619047619048 0.1527777777777778
6 0.2647156084656085 0.27641369047619047 0.06382275132275132 0.15500992063492064
6 0.3194444444444444 0.2771577380952381 0.06283068783068783 0.15550595238095238
6 0.37533068783068785 0.2777777777777778 0.05952380952380952 0.1552579365079365
6 0.4305555555555556 0.2796378968253968 0.05952380952380952 0.15500992063492064
6 0.4869378306878307 0.27901785714285715 0.05853174603174603 0.15773809523809523
6 0.5424933862433863 0.28000992063492064 0.05720899470899471 0.15773809523809523
6 0.5968915343915344 0.2864583333333333 0.051587301587301584 0.14682539682539683
6 0.6511243386243386 0.2853422619047619 0.05952380952380952 0.1480654761904762
6 0.7060185185185185 0.28273809523809523 0.04894179894179894 0.15376984126984128
6 0.7504960317460317 0.28447420634920634 0.040674603174603176 0.1463293650793651
6 0.7999338624338624 0.2849702380952381 0.06084656084656084 0.1453373015873016
5 0.8735119047619048 0.28311011904761907 0.06316137566137567 0.15302579365079366
5 0.9641203703703703 0.29290674603174605 0.0625 0.13045634920634921
6 0.074239417989418 0.08903769841269842 0.07572751322751323 0.15773809523809523
6 0.1324404761904762 0.08841765873015874 0.0796957671957672 0.1619543650793651
6 0.19444444444444445 0.08841765873015874 0.07804232804232804 0.1619543650793651
6 0.2566137566137566 0.09424603174603174 0.06746031746031746 0.1552579365079365
6 0.31712962962962965 0.08581349206349206 0.061507936507936505 0.16765873015873015
6 0.37797619047619047 0.09089781746031746 0.056216931216931214 0.1619543650793651
6 0.4340277777777778 0.08742559523809523 0.060515873015873016 0.1708829365079365
6 0.4932208994708995 0.0896577380952381 0.059854497354497355 0.1708829365079365
6 0.5499338624338624 0.0920138888888889 0.05886243386243386 0.16865079365079366
6 0.6084656084656085 0.09275793650793651 0.06084656084656084 0.1701388888888889
6 0.6658399470899471 0.09449404761904762 0.05125661375661376 0.16666666666666666
6 0.7261904761904762 0.09350198412698413 0.05952380952380952 0.1701388888888889
6 0.77744708994709 0.0978422619047619 0.04365079365079365 0.16145833333333334
6 0.8257275132275133 0.09995039682539683 0.056216931216931214 0.15575396825396826
6 0.8950066137566137 0.10974702380952381 0.060515873015873016 0.13864087301587302
6 0.9535383597883598 0.11619543650793651 0.05853174603174603 0.13368055555555555
