4 0.03819444444444445 0.15066964285714285 0.07175925925925926 0.16691468253968253
4 0.10367063492063493 0.15128968253968253 0.09292328042328042 0.16865079365079366
4 0.175760582010582 0.1527777777777778 0.07705026455026455 0.16468253968253968
4 0.24768518518518517 0.1494295634920635 0.08597883597883597 0.17137896825396826
4 0.04811507936507937 0.3117559523809524 0.08432539682539683 0.15426587301587302
4 0.12218915343915344 0.3134920634920635 0.08167989417989419 0.15178571428571427
4 0.19014550264550265 0.3142361111111111 0.08068783068783068 0.15228174603174602
4 0.259755291005291 0.31374007936507936 0.08167989417989419 0.15674603174603174
4 0.3298611111111111 0.3142361111111111 0.07506613756613757 0.15625
4 0.40046296296296297 0.31473214285714285 0.07539682539682539 0.15773809523809523
4 0.32341269841269843 0.15240575396825398 0.07936507936507936 0.16889880952380953
4 0.3955026455026455 0.1531498015873016 0.07738095238095238 0.17038690476190477
4 0.47040343915343913 0.15166170634920634 0.07771164021164022 0.17137896825396826
4 0.5451388888888888 0.15240575396825398 0.07308201058201058 0.17137896825396826
4 0.6198743386243386 0.15004960317460317 0.07771164021164022 0.17311507936507936
4 0.6975859788359788 0.15166170634920634 0.0744047619047619 0.1753472222222222
4 0.7706679894179894 0.18588789682539683 0.05787037037037037 0.1371527777777778
4 0.4705687830687831 0.3160962301587302 0.07076719576719577 0.15600198412698413
4 0.5405092592592593 0.3162202380952381 0.07175925925925926 0.1572420634920635
4 0.6129298941798942 0.3165922619047619 0.07308201058201058 0.15997023809523808
4 0.6889880952380952 0.31646825396825395 0.0763888888888889 0.1597222222222222
4 0.7615740740740741 0.3239087301587302 0.07076719576719577 0.14434523809523808
4 0.8257275132275133 0.3236607142857143 0.06812169312169312 0.14087301587301587
4 0.83994708994709 0.17881944444444445 0.07539682539682539 0.1527777777777778
4 0.9203042328042328 0.21391369047619047 0.0701058201058201 0.12524801587301587
4 0.90244708994709 0.34771825396825395 0.08002645502645503 0.1423611111111111
4 0.9702380952380952 0.35007440476190477 0.05555555555555555 0.14112103174603174
4 0.10598544973544974 0.5685763888888888 0.12466931216931217 0.25768849206349204
4 0.2056878306878307 0.5737847222222222 0.11441798941798942 0.2690972222222222
4 0.3055555555555556 0.5747767857142857 0.10978835978835978 0.2700892857142857
4 0.4103835978835979 0.5775049603174603 0.10317460317460317 0.2770337301587302
4 0.5110780423280423 0.5778769841269841 0.103505291005291 0.2663690476190476
4 0.6195436507936508 0.5844494047619048 0.103505291005291 0.27306547619047616
4 0.7281746031746031 0.5833333333333334 0.10582010582010581 0.27380952380952384
4 0.8869047619047619 0.5891617063492064 0.1078042328042328 0.2750496031746032
4 0.22337962962962962 0.8537946428571429 0.08432539682539683 0.21205357142857142
4 0.3057208994708995 0.855406746031746 0.09027777777777778 0.21428571428571427
4 0.3998015873015873 0.8577628968253969 0.09788359788359788 0.21155753968253968
4 0.509755291005291 0.8563988095238095 0.09358465608465609 0.20535714285714285
4 0.6046626984126984 0.863219246031746 0.09623015873015874 0.21254960317460317
4 0.7025462962962963 0.8712797619047619 0.09623015873015874 0.22172619047619047
4 0.8014219576719577 0.8743799603174603 0.09821428571428571 0.21949404761904762
4 0.9037698412698413 0.8764880952380952 0.09722222222222222 0.22420634920634921
