2 0.06822916666666666 0.623828125 0.12604166666666666 0.20546875
2 0.1015625 0.875390625 0.19895833333333332 0.17109375
2 0.2942708333333333 0.87890625 0.171875 0.175
2 0.4640625 0.8859375 0.16979166666666667 0.18125
2 0.64375 0.875 0.1375 0.2203125
2 0.7932291666666667 0.86484375 0.134375 0.2109375
2 0.940625 0.864453125 0.10833333333333334 0.20859375
2 0.5729166666666666 0.630859375 0.08541666666666667 0.20078125
2 0.9473958333333333 0.601171875 0.09479166666666666 0.17578125
2 0.8390625 0.58046875 0.08229166666666667 0.1515625
2 0.6958333333333333 0.569921875 0.07083333333333333 0.12265625
2 0.7625 0.5734375 0.06041666666666667 0.121875
2 0.39791666666666664 0.620703125 0.12291666666666666 0.20078125
2 0.2864583333333333 0.621875 0.12708333333333333 0.2078125
2 0.19166666666666668 0.623046875 0.0875 0.21328125
2 0.9234375 0.34453125 0.109375 0.209375
2 0.7963541666666667 0.323046875 0.08229166666666667 0.19140625
2 0.0734375 0.08984375 0.13645833333333332 0.178125
2 0.20833333333333334 0.088671875 0.13333333333333333 0.17578125
2 0.3421875 0.08671875 0.128125 0.171875
2 0.4739583333333333 0.0859375 0.12291666666666666 0.1703125
2 0.5817708333333333 0.0859375 0.10104166666666667 0.1703125
2 0.6833333333333333 0.083984375 0.10833333333333334 0.16640625
2 0.7864583333333334 0.08515625 0.11666666666666667 0.1671875
