2 0.21164021164021163 0.8019593253968254 0.13955026455026456 0.23189484126984128
2 0.390707671957672 0.7759176587301587 0.12731481481481483 0.1753472222222222
2 0.5229828042328042 0.8010912698412699 0.12268518518518519 0.13392857142857142
2 0.6732804232804233 0.7836061507936508 0.11507936507936507 0.17733134920634921
2 0.7736441798941799 0.7547123015873016 0.06911375661375661 0.11706349206349206
2 0.9401455026455027 0.8040674603174603 0.10317460317460317 0.21031746031746032
2 0.17923280423280424 0.4408482142857143 0.14616402116402116 0.26612103174603174
2 0.32787698412698413 0.43179563492063494 0.11541005291005291 0.23660714285714285
2 0.4332010582010582 0.4303075396825397 0.10251322751322751 0.22668650793650794
2 0.5185185185185185 0.44047619047619047 0.05952380952380952 0.2058531746031746
2 0.6078042328042328 0.45188492063492064 0.11375661375661375 0.2152777777777778
2 0.7529761904761905 0.4290674603174603 0.1078042328042328 0.21924603174603174
2 0.8510251322751323 0.43080357142857145 0.09093915343915344 0.22073412698412698
2 0.9469246031746031 0.44060019841269843 0.09887566137566138 0.2378472222222222
2 0.18948412698412698 0.16207837301587302 0.10582010582010581 0.22842261904761904
2 0.2875330687830688 0.1644345238095238 0.10085978835978836 0.22916666666666666
2 0.38740079365079366 0.16493055555555555 0.09887566137566138 0.2296626984126984
2 0.4958664021164021 0.18340773809523808 0.08498677248677249 0.1966765873015873
2 0.5537367724867724 0.19146825396825398 0.05257936507936508 0.18055555555555555
2 0.621031746031746 0.19208829365079366 0.082010582010582 0.18030753968253968
2 0.6970899470899471 0.19642857142857142 0.07738095238095238 0.17807539682539683
2 0.7683531746031746 0.19952876984126985 0.06779100529100529 0.1708829365079365
2 0.8411044973544973 0.1987847222222222 0.07705026455026455 0.1708829365079365
2 0.9201388888888888 0.20014880952380953 0.07374338624338625 0.16865079365079366
2 0.9728835978835979 0.1987847222222222 0.03968253968253968 0.16939484126984128
