5 0.09441137566137567 0.14422123015873015 0.055224867724867725 0.1753472222222222
5 0.15674603174603174 0.1579861111111111 0.07275132275132275 0.1597222222222222
5 0.22817460317460317 0.16207837301587302 0.07473544973544974 0.1609623015873016
5 0.29927248677248675 0.16207837301587302 0.07671957671957672 0.17038690476190477
5 0.37450396825396826 0.16083829365079366 0.07903439153439154 0.18625992063492064
5 0.45552248677248675 0.1708829365079365 0.07903439153439154 0.1765873015873016
5 0.533068783068783 0.17857142857142858 0.07473544973544974 0.17162698412698413
5 0.6124338624338624 0.18043154761904762 0.08465608465608465 0.1753472222222222
5 0.6774140211640212 0.19791666666666666 0.055224867724867725 0.15029761904761904
5 0.7290013227513228 0.19903273809523808 0.04398148148148148 0.15500992063492064
5 0.7800925925925926 0.2010168650793651 0.05423280423280423 0.16046626984126985
5 0.83994708994709 0.1987847222222222 0.06812169312169312 0.16939484126984128
5 0.9103835978835979 0.20461309523809523 0.07407407407407407 0.16765873015873015
5 0.1056547619047619 0.4445684523809524 0.103505291005291 0.25223214285714285
5 0.21395502645502645 0.4505208333333333 0.11243386243386243 0.2418154761904762
5 0.3244047619047619 0.4507688492063492 0.11243386243386243 0.23983134920634921
5 0.43005952380952384 0.45436507936507936 0.105489417989418 0.2316468253968254
5 0.5380291005291006 0.4568452380952381 0.10449735449735449 0.2326388888888889
5 0.6374007936507936 0.4615575396825397 0.09623015873015874 0.22172619047619047
5 0.736441798941799 0.4623015873015873 0.09986772486772487 0.22668650793650794
5 0.8359788359788359 0.466765873015873 0.09854497354497355 0.2222222222222222
5 0.9302248677248677 0.47023809523809523 0.08862433862433862 0.21875
5 0.06564153439153439 0.8064236111111112 0.10945767195767196 0.2775297619047619
5 0.1906415343915344 0.798859126984127 0.12400793650793651 0.2698412698412698
5 0.31729497354497355 0.800719246031746 0.11210317460317461 0.27455357142857145
5 0.4320436507936508 0.7958829365079365 0.1173941798941799 0.26884920634920634
5 0.548776455026455 0.7977430555555556 0.10945767195767196 0.265625
5 0.6607142857142857 0.7938988095238095 0.11772486772486772 0.2619047619047619
5 0.7746362433862434 0.7883184523809523 0.10284391534391535 0.2517361111111111
5 0.8850859788359788 0.7916666666666666 0.11607142857142858 0.25595238095238093
