2 0.07572751322751323 0.2340029761904762 0.10052910052910052 0.2269345238095238
2 0.17609126984126985 0.2347470238095238 0.09689153439153439 0.22842261904761904
2 0.2744708994708995 0.23983134920634921 0.09457671957671958 0.22321428571428573
2 0.3644179894179894 0.24144345238095238 0.09193121693121693 0.22395833333333334
2 0.45453042328042326 0.24280753968253968 0.09027777777777778 0.2222222222222222
2 0.5428240740740741 0.24627976190476192 0.09093915343915344 0.21825396825396826
2 0.6302910052910053 0.24764384920634921 0.09193121693121693 0.21850198412698413
2 0.7146164021164021 0.25037202380952384 0.08862433862433862 0.21354166666666666
2 0.7991071428571429 0.2535962301587302 0.08697089947089948 0.2095734126984127
2 0.8845899470899471 0.2543402777777778 0.08928571428571429 0.21254960317460317
2 0.9441137566137566 0.26413690476190477 0.06018518518518518 0.18898809523809523
2 0.02546296296296296 0.5316220238095238 0.05026455026455026 0.23586309523809523
2 0.09970238095238096 0.5306299603174603 0.09755291005291006 0.23635912698412698
2 0.19725529100529102 0.5305059523809523 0.09755291005291006 0.23363095238095238
2 0.2918320105820106 0.5281498015873016 0.09689153439153439 0.22842261904761904
2 0.384755291005291 0.5281498015873016 0.0916005291005291 0.22941468253968253
2 0.4748677248677249 0.5277777777777778 0.09259259259259259 0.2261904761904762
2 0.5653108465608465 0.5266617063492064 0.09424603174603174 0.22842261904761904
2 0.656084656084656 0.5250496031746031 0.08928571428571429 0.22271825396825398
2 0.7427248677248677 0.5231894841269841 0.0873015873015873 0.22098214285714285
2 0.8244047619047619 0.5228174603174603 0.08664021164021164 0.21825396825396826
2 0.9075727513227513 0.5199652777777778 0.08961640211640212 0.21552579365079366
2 0.9679232804232805 0.5186011904761905 0.057539682539682536 0.2152777777777778
2 0.10317460317460317 0.8229166666666666 0.1283068783068783 0.26091269841269843
2 0.2294973544973545 0.8180803571428571 0.1302910052910053 0.26264880952380953
2 0.4705687830687831 0.8072916666666666 0.12169312169312169 0.2534722222222222
2 0.58994708994709 0.8050595238095238 0.11772486772486772 0.25148809523809523
2 0.7043650793650794 0.7999751984126984 0.11177248677248677 0.2527281746031746
2 0.8191137566137566 0.7943948412698413 0.11441798941798942 0.24751984126984128
2 0.93369708994709 0.7919146825396826 0.12665343915343916 0.25
