5 0.028108465608465607 0.08742559523809523 0.05092592592592592 0.17038690476190477
5 0.08878968253968254 0.08531746031746032 0.06382275132275132 0.1636904761904762
5 0.1615410052910053 0.08382936507936507 0.06712962962962964 0.15823412698412698
5 0.23677248677248677 0.08085317460317461 0.07473544973544974 0.15922619047619047
5 0.31729497354497355 0.07824900793650794 0.07771164021164022 0.15550595238095238
5 0.3999669312169312 0.07725694444444445 0.08101851851851852 0.15104166666666666
5 0.48842592592592593 0.07378472222222222 0.06283068783068783 0.14558531746031747
5 0.6455026455026455 0.07316468253968254 0.08134920634920635 0.13839285714285715
5 0.5625 0.07192460317460317 0.08267195767195767 0.14136904761904762
5 0.7374338624338624 0.06783234126984126 0.09325396825396826 0.1307043650793651
5 0.8237433862433863 0.06473214285714286 0.09722222222222222 0.1259920634920635
5 0.9189814814814815 0.06039186507936508 0.10251322751322751 0.12078373015873016
5 0.14203042328042328 0.40637400793650796 0.1001984126984127 0.20262896825396826
5 0.2392526455026455 0.4045138888888889 0.08895502645502645 0.20188492063492064
5 0.33134920634920634 0.40228174603174605 0.09457671957671958 0.20188492063492064
5 0.4280753968253968 0.39967757936507936 0.09755291005291006 0.20858134920634921
5 0.5363756613756614 0.38764880952380953 0.1078042328042328 0.22668650793650794
5 0.6345899470899471 0.3804563492063492 0.10449735449735449 0.23363095238095238
5 0.7250330687830688 0.3864087301587302 0.10615079365079365 0.2197420634920635
5 0.8440806878306878 0.3803323412698413 0.12003968253968254 0.23040674603174602
5 0.9383267195767195 0.3844246031746032 0.10152116402116403 0.22073412698412698
6 0.020833333333333332 0.796875 0.037037037037037035 0.23015873015873015
6 0.08333333333333333 0.8002232142857143 0.07473544973544974 0.24131944444444445
6 0.1982473544973545 0.8009672619047619 0.07572751322751323 0.24280753968253968
6 0.30886243386243384 0.7979910714285714 0.06613756613756613 0.2408234126984127
6 0.3837632275132275 0.8072916666666666 0.07705026455026455 0.251984126984127
6 0.5239748677248677 0.8095238095238095 0.08961640211640212 0.25595238095238093
6 0.6135912698412699 0.810515873015873 0.09755291005291006 0.251984126984127
6 0.7131283068783069 0.8369295634920635 0.09490740740740741 0.21354166666666666
6 0.8083664021164021 0.8395337301587301 0.10152116402116403 0.2152777777777778
6 0.9004629629629629 0.8418898809523809 0.10383597883597884 0.2160218253968254
