1 0.0689484126984127 0.1636904761904762 0.12731481481481483 0.28174603174603174
1 0.20833333333333334 0.16257440476190477 0.18386243386243387 0.29637896825396826
1 0.3792989417989418 0.16319444444444445 0.17063492063492064 0.2986111111111111
1 0.5411706349206349 0.15997023809523808 0.16832010582010581 0.310515873015873
1 0.7223875661375662 0.16170634920634921 0.18485449735449735 0.310515873015873
1 0.9125330687830688 0.17063492063492064 0.15376984126984128 0.2996031746031746
1 0.08697089947089948 0.4696180555555556 0.1712962962962963 0.24578373015873015
1 0.2414021164021164 0.45870535714285715 0.15211640211640212 0.21502976190476192
1 0.40691137566137564 0.4806547619047619 0.1669973544973545 0.24603174603174602
1 0.6294642857142857 0.4849950396825397 0.18154761904761904 0.24379960317460317
1 0.8330026455026455 0.5174851190476191 0.18452380952380953 0.17237103174603174
1 0.7901785714285714 0.8117559523809523 0.15244708994708994 0.21577380952380953
1 0.6418650793650794 0.8125 0.13624338624338625 0.21825396825396826
1 0.4945436507936508 0.8239087301587301 0.12797619047619047 0.22073412698412698
1 0.33035714285714285 0.8332093253968254 0.15145502645502645 0.21205357142857142
1 0.16898148148148148 0.8298611111111112 0.15343915343915343 0.2197420634920635
1 0.0496031746031746 0.8268849206349206 0.09060846560846561 0.21626984126984128
