2 0.07953042328042328 0.2899305555555556 0.15376984126984128 0.39087301587301587
2 0.22784391534391535 0.28794642857142855 0.16534391534391535 0.38740079365079366
2 0.38310185185185186 0.2881944444444444 0.16236772486772486 0.39732142857142855
2 0.5367063492063492 0.29030257936507936 0.1455026455026455 0.3931051587301587
2 0.6891534391534392 0.28782242063492064 0.16732804232804233 0.39806547619047616
2 0.8596230158730159 0.2855902777777778 0.16236772486772486 0.40401785714285715
2 0.09242724867724868 0.7375992063492064 0.13657407407407407 0.36507936507936506
2 0.23032407407407407 0.7384672619047619 0.14054232804232805 0.3603670634920635
2 0.3731812169312169 0.738343253968254 0.1412037037037037 0.3635912698412698
2 0.5158730158730159 0.7419394841269841 0.13822751322751323 0.37276785714285715
2 0.6623677248677249 0.7436755952380952 0.14682539682539683 0.3787202380952381
2 0.8129960317460317 0.7470238095238095 0.1531084656084656 0.3834325396825397
2 0.9421296296296297 0.7485119047619048 0.10912698412698413 0.3898809523809524
