2 0.11656746031746032 0.19407242063492064 0.0744047619047619 0.15848214285714285
2 0.17939814814814814 0.19407242063492064 0.0763888888888889 0.1589781746031746
2 0.24404761904761904 0.19382440476190477 0.07208994708994709 0.16145833333333334
2 0.3330026455026455 0.20151289682539683 0.06415343915343916 0.14260912698412698
2 0.3771494708994709 0.20362103174603174 0.04728835978835979 0.14186507936507936
2 0.4270833333333333 0.20362103174603174 0.0539021164021164 0.13690476190476192
2 0.4808201058201058 0.20399305555555555 0.05357142857142857 0.13764880952380953
2 0.5335648148148148 0.2052331349206349 0.05191798941798942 0.13616071428571427
2 0.5866402116402116 0.20461309523809523 0.05423280423280423 0.13740079365079366
2 0.640542328042328 0.20300099206349206 0.056216931216931214 0.13665674603174602
2 0.6962632275132276 0.20399305555555555 0.054563492063492064 0.13467261904761904
2 0.7495039682539683 0.20337301587301587 0.05654761904761905 0.13690476190476192
2 0.8075396825396826 0.19990079365079366 0.061507936507936505 0.13740079365079366
2 0.8721891534391535 0.19618055555555555 0.06779100529100529 0.14434523809523808
2 0.11755952380952381 0.3763640873015873 0.10284391534391535 0.16344246031746032
2 0.22123015873015872 0.37041170634920634 0.09193121693121693 0.15550595238095238
2 0.3012566137566138 0.37648809523809523 0.082010582010582 0.13690476190476192
2 0.4087301587301587 0.3695436507936508 0.08465608465608465 0.1572420634920635
2 0.4624669312169312 0.3663194444444444 0.0625 0.14682539682539683
2 0.527281746031746 0.36693948412698413 0.06911375661375661 0.1470734126984127
2 0.5853174603174603 0.36594742063492064 0.04431216931216931 0.14310515873015872
2 0.6416997354497355 0.3687996031746032 0.08167989417989419 0.15426587301587302
2 0.7301587301587301 0.36706349206349204 0.062169312169312166 0.1498015873015873
2 0.8080357142857143 0.39533730158730157 0.08961640211640212 0.15327380952380953
2 0.8763227513227513 0.373015873015873 0.05555555555555555 0.17311507936507936
2 0.14599867724867724 0.5877976190476191 0.10085978835978836 0.15476190476190477
2 0.2681878306878307 0.5763888888888888 0.08597883597883597 0.12797619047619047
2 0.3501984126984127 0.5871775793650794 0.08597883597883597 0.10788690476190477
2 0.44775132275132273 0.5752728174603174 0.0787037037037037 0.13268849206349206
2 0.5236441798941799 0.5625 0.07043650793650794 0.10515873015873016
2 0.6104497354497355 0.5838293650793651 0.08267195767195767 0.1463293650793651
2 0.6886574074074074 0.5835813492063492 0.07903439153439154 0.14781746031746032
2 0.777281746031746 0.5992063492063492 0.08300264550264551 0.17609126984126985
2 0.8687169312169312 0.5998263888888888 0.0873015873015873 0.17733134920634921
2 0.9540343915343915 0.6083829365079365 0.083994708994709 0.16517857142857142
2 0.5821759259259259 0.8611111111111112 0.15443121693121692 0.17311507936507936
2 0.7415674603174603 0.8635912698412699 0.14914021164021163 0.16319444444444445
2 0.9045965608465608 0.8740079365079365 0.15178571428571427 0.17261904761904762
