5 0.09441137566137567 0.5011160714285714 0.07374338624338625 0.15699404761904762
5 0.2218915343915344 0.5026041666666666 0.06812169312169312 0.15401785714285715
5 0.2908399470899471 0.5035962301587301 0.06712962962962964 0.15302579365079366
5 0.5067791005291006 0.511656746031746 0.05919312169312169 0.16170634920634921
5 0.5920965608465608 0.5124007936507936 0.05919312169312169 0.15625
5 0.6665013227513228 0.5157490079365079 0.06382275132275132 0.1619543650793651
5 0.7268518518518519 0.5159970238095238 0.056878306878306875 0.16046626984126985
5 0.77744708994709 0.5179811507936508 0.052248677248677246 0.15848214285714285
5 0.8306878306878307 0.519593253968254 0.056878306878306875 0.15773809523809523
5 0.9646164021164021 0.5187251984126984 0.056878306878306875 0.16889880952380953
5 0.07936507936507936 0.683531746031746 0.05886243386243386 0.15575396825396826
5 0.14169973544973544 0.6860119047619048 0.06779100529100529 0.1597222222222222
5 0.20238095238095238 0.703125 0.05291005291005291 0.1349206349206349
5 0.35796957671957674 0.685515873015873 0.04927248677248677 0.13194444444444445
5 0.41980820105820105 0.6964285714285714 0.045304232804232805 0.10813492063492064
5 0.46709656084656087 0.6800595238095238 0.044642857142857144 0.1388888888888889
5 0.5162037037037037 0.6866319444444444 0.05026455026455026 0.1515376984126984
5 0.6107804232804233 0.6958085317460317 0.05489417989417989 0.15947420634920634
5 0.6555886243386243 0.6898561507936508 0.034722222222222224 0.14657738095238096
5 0.708994708994709 0.7078373015873016 0.04497354497354497 0.11805555555555555
5 0.7592592592592593 0.7137896825396826 0.052248677248677246 0.125
5 0.8277116402116402 0.699156746031746 0.05886243386243386 0.15327380952380953
5 0.8826058201058201 0.697296626984127 0.05092592592592592 0.1470734126984127
5 0.9429563492063492 0.7150297619047619 0.0625 0.13095238095238096
5 0.8445767195767195 0.8986855158730159 0.06415343915343916 0.1396329365079365
5 0.9155092592592593 0.9051339285714286 0.06117724867724868 0.1470734126984127
5 0.06018518518518518 0.30778769841269843 0.06613756613756613 0.15178571428571427
5 0.16435185185185186 0.3115079365079365 0.0667989417989418 0.1527777777777778
5 0.23429232804232805 0.314484126984127 0.06977513227513228 0.15079365079365079
5 0.2918320105820106 0.322296626984127 0.05125661375661376 0.1416170634920635
5 0.3505291005291005 0.3062996031746032 0.0701058201058201 0.17212301587301587
5 0.42228835978835977 0.306671626984127 0.06878306878306878 0.17385912698412698
5 0.4905753968253968 0.3118799603174603 0.06580687830687831 0.17137896825396826
5 0.5583664021164021 0.3179563492063492 0.06316137566137567 0.16071428571428573
5 0.6416997354497355 0.31299603174603174 0.07175925925925926 0.17559523809523808
5 0.7124669312169312 0.3125 0.06911375661375661 0.17261904761904762
5 0.783234126984127 0.3167162698412698 0.0744047619047619 0.1736111111111111
5 0.8564814814814815 0.31733630952380953 0.0701058201058201 0.171875
5 0.9229497354497355 0.3275049603174603 0.06415343915343916 0.15401785714285715
5 0.36160714285714285 0.1111111111111111 0.07175925925925926 0.15823412698412698
5 0.49255952380952384 0.1209077380952381 0.06712962962962964 0.14211309523809523
5 0.5661375661375662 0.11669146825396826 0.07341269841269842 0.15401785714285715
5 0.6374007936507936 0.1134672619047619 0.07043650793650794 0.16493055555555555
5 0.7450396825396826 0.1314484126984127 0.06018518518518518 0.13343253968253968
5 0.6909722222222222 0.1277281746031746 0.040674603174603176 0.13839285714285715
5 0.9204695767195767 0.1371527777777778 0.07242063492063493 0.12946428571428573
6 0.2761243386243386 0.11979166666666667 0.07473544973544974 0.1349206349206349
6 0.20651455026455026 0.13988095238095238 0.054563492063492064 0.09176587301587301
6 0.11656746031746032 0.11470734126984126 0.07771164021164022 0.1396329365079365
6 0.02628968253968254 0.10788690476190477 0.04927248677248677 0.15079365079365079
5 0.4125330687830688 0.9011656746031746 0.07506613756613757 0.1817956349206349
5 0.4859457671957672 0.8986855158730159 0.0796957671957672 0.1817956349206349
