5 0.12648809523809523 0.19146825396825398 0.08630952380952381 0.19791666666666666
5 0.199239417989418 0.19952876984126985 0.0539021164021164 0.17981150793650794
5 0.25396825396825395 0.2062251984126984 0.06613756613756613 0.171875
5 0.3272156084656085 0.19853670634920634 0.0916005291005291 0.17485119047619047
5 0.4264219576719577 0.2062251984126984 0.07903439153439154 0.1609623015873016
5 0.5034722222222222 0.20337301587301587 0.07903439153439154 0.16121031746031747
5 0.5707671957671958 0.20597718253968253 0.05489417989417989 0.1609623015873016
5 0.6365740740740741 0.1892361111111111 0.083994708994709 0.18998015873015872
5 0.7309854497354498 0.1857638888888889 0.09093915343915344 0.2013888888888889
5 0.8199404761904762 0.18377976190476192 0.09358465608465609 0.19990079365079366
5 0.906415343915344 0.18799603174603174 0.08664021164021164 0.19246031746031747
5 0.9670965608465608 0.19779265873015872 0.05588624338624339 0.16889880952380953
5 0.7752976190476191 0.48821924603174605 0.08895502645502645 0.2170138888888889
5 0.8650793650793651 0.48586309523809523 0.0992063492063492 0.21875
5 0.2347883597883598 0.8365575396825397 0.07936507936507936 0.20436507936507936
5 0.3167989417989418 0.8288690476190477 0.07804232804232804 0.19295634920634921
5 0.3974867724867725 0.8265128968253969 0.06415343915343916 0.1966765873015873
5 0.4773478835978836 0.839781746031746 0.08300264550264551 0.19791666666666666
5 0.6498015873015873 0.8267609126984127 0.07738095238095238 0.18526785714285715
5 0.7414021164021164 0.8426339285714286 0.09060846560846561 0.20510912698412698
5 0.830026455026455 0.839781746031746 0.09193121693121693 0.20238095238095238
5 0.9206349206349206 0.8531746031746031 0.09259259259259259 0.20436507936507936
6 0.07804232804232804 0.48474702380952384 0.08928571428571429 0.22197420634920634
6 0.16815476190476192 0.4861111111111111 0.08763227513227513 0.21825396825396826
6 0.265707671957672 0.4861111111111111 0.0744047619047619 0.20436507936507936
6 0.3439153439153439 0.4852430555555556 0.08928571428571429 0.21651785714285715
6 0.4353505291005291 0.48747519841269843 0.08697089947089948 0.21651785714285715
6 0.5246362433862434 0.4871031746031746 0.08630952380952381 0.21081349206349206
6 0.607308201058201 0.48821924603174605 0.07903439153439154 0.20163690476190477
6 0.6871693121693122 0.4897073412698413 0.08134920634920635 0.19766865079365079
6 0.9652777777777778 0.48735119047619047 0.052248677248677246 0.2222222222222222
