3 0.0421875 0.151171875 0.07604166666666666 0.14765625
3 0.16302083333333334 0.153515625 0.06145833333333333 0.14140625
3 0.21875 0.15 0.05625 0.1515625
3 0.27239583333333334 0.148046875 0.053125 0.14921875
3 0.32708333333333334 0.1484375 0.0625 0.146875
3 0.3848958333333333 0.14609375 0.06145833333333333 0.15
3 0.44166666666666665 0.14453125 0.06041666666666667 0.1515625
3 0.5375 0.155078125 0.04791666666666667 0.12890625
3 0.06458333333333334 0.329296875 0.03333333333333333 0.14453125
3 0.1 0.341015625 0.04375 0.11484375
3 0.1390625 0.33515625 0.03854166666666667 0.13125
3 0.2125 0.3375 0.052083333333333336 0.1265625
3 0.28020833333333334 0.336328125 0.052083333333333336 0.13515625
3 0.3546875 0.341015625 0.057291666666666664 0.13203125
3 0.42604166666666665 0.34140625 0.04375 0.1296875
3 0.4744791666666667 0.337109375 0.05520833333333333 0.13828125
3 0.06354166666666666 0.47890625 0.035416666666666666 0.125
3 0.11197916666666667 0.487890625 0.06145833333333333 0.13515625
3 0.18802083333333333 0.490234375 0.057291666666666664 0.14140625
3 0.24479166666666666 0.4921875 0.05625 0.13125
3 0.2984375 0.4953125 0.051041666666666666 0.134375
3 0.3494791666666667 0.496484375 0.04895833333333333 0.12734375
3 0.40208333333333335 0.497265625 0.052083333333333336 0.13828125
3 0.4583333333333333 0.49921875 0.04375 0.1421875
3 0.5057291666666667 0.505859375 0.053125 0.14453125
3 0.6317708333333333 0.498046875 0.04895833333333333 0.12890625
3 0.6380208333333334 0.34453125 0.05520833333333333 0.1421875
3 0.6276041666666666 0.140234375 0.057291666666666664 0.15703125
3 0.6885416666666667 0.137109375 0.06458333333333334 0.16328125
3 0.7557291666666667 0.134765625 0.071875 0.16484375
3 0.825 0.128125 0.06458333333333334 0.1734375
3 0.8953125 0.12421875 0.07604166666666666 0.178125
3 0.9546875 0.13359375 0.046875 0.15625
3 0.6921875 0.3453125 0.05520833333333333 0.1375
3 0.7760416666666666 0.33828125 0.058333333333333334 0.153125
3 0.07864583333333333 0.624609375 0.051041666666666666 0.09453125
3 0.1328125 0.62890625 0.059375 0.0984375
3 0.2078125 0.65 0.051041666666666666 0.1265625
3 0.2578125 0.6546875 0.05520833333333333 0.13125
3 0.3776041666666667 0.662109375 0.04895833333333333 0.13984375
3 0.459375 0.6625 0.05416666666666667 0.1234375
3 0.3078125 0.649609375 0.042708333333333334 0.11328125
3 0.6 0.6734375 0.03125 0.125
3 0.6432291666666666 0.684765625 0.057291666666666664 0.14609375
3 0.7072916666666667 0.691015625 0.06041666666666667 0.15546875
3 0.8213541666666667 0.686328125 0.051041666666666666 0.12890625
3 0.8723958333333334 0.688671875 0.051041666666666666 0.11953125
3 0.9395833333333333 0.692578125 0.05416666666666667 0.12578125
3 0.04895833333333333 0.804296875 0.05416666666666667 0.13203125
3 0.10052083333333334 0.808203125 0.051041666666666666 0.13671875
3 0.14791666666666667 0.81015625 0.05 0.1421875
3 0.2 0.816796875 0.05625 0.14453125
3 0.2515625 0.823828125 0.051041666666666666 0.13984375
3 0.309375 0.82421875 0.05416666666666667 0.14375
3 0.3614583333333333 0.83203125 0.052083333333333336 0.14375
3 0.41822916666666665 0.836328125 0.059375 0.14609375
3 0.4791666666666667 0.84296875 0.05416666666666667 0.1390625
3 0.5265625 0.8453125 0.04895833333333333 0.1453125
3 0.7255208333333333 0.88359375 0.06770833333333333 0.175
3 0.79375 0.8890625 0.07083333333333333 0.171875
