2 0.05572089947089947 0.09771825396825397 0.08366402116402116 0.1884920634920635
2 0.12863756613756613 0.09623015873015874 0.082010582010582 0.19047619047619047
2 0.2005621693121693 0.09697420634920635 0.08300264550264551 0.18700396825396826
2 0.27414021164021163 0.09672619047619048 0.082010582010582 0.18601190476190477
2 0.3439153439153439 0.09796626984126984 0.07804232804232804 0.1810515873015873
2 0.41534391534391535 0.09709821428571429 0.07539682539682539 0.18129960317460317
2 0.48544973544973546 0.09685019841269842 0.07738095238095238 0.1783234126984127
2 0.552744708994709 0.09573412698412699 0.07374338624338625 0.18154761904761904
2 0.6233465608465608 0.09573412698412699 0.07341269841269842 0.18055555555555555
2 0.6908068783068783 0.09399801587301587 0.07275132275132275 0.17906746031746032
2 0.7610780423280423 0.09449404761904762 0.06911375661375661 0.17212301587301587
2 0.8296957671957672 0.09312996031746032 0.07407407407407407 0.17385912698412698
2 0.8993055555555556 0.09300595238095238 0.06845238095238096 0.1736111111111111
2 0.9632936507936508 0.09288194444444445 0.05952380952380952 0.17237103174603174
2 0.047453703703703706 0.32254464285714285 0.0916005291005291 0.17435515873015872
2 0.1195436507936508 0.3226686507936508 0.08035714285714286 0.1736111111111111
2 0.1909722222222222 0.32043650793650796 0.0763888888888889 0.17410714285714285
2 0.2594246031746032 0.32006448412698413 0.0796957671957672 0.17137896825396826
2 0.3306878306878307 0.31919642857142855 0.07671957671957672 0.17162698412698413
2 0.39798280423280424 0.3187003968253968 0.07572751322751323 0.1736111111111111
2 0.7984457671957672 0.30964781746031744 0.0763888888888889 0.16741071428571427
2 0.8735119047619048 0.3082837301587302 0.07308201058201058 0.16666666666666666
2 0.9419642857142857 0.306671626984127 0.06977513227513228 0.16592261904761904
2 0.5434854497354498 0.5177331349206349 0.09027777777777778 0.17584325396825398
2 0.6299603174603174 0.5150049603174603 0.0873015873015873 0.17137896825396826
2 0.10251322751322751 0.7445436507936508 0.10582010582010581 0.17708333333333334
2 0.2767857142857143 0.7374751984126984 0.09523809523809523 0.17336309523809523
2 0.36259920634920634 0.7344990079365079 0.09424603174603174 0.17633928571428573
2 0.4489087301587302 0.7275545634920635 0.08961640211640212 0.1728670634920635
2 0.5376984126984127 0.722718253968254 0.08928571428571429 0.17063492063492064
2 0.6537698412698413 0.7170138888888888 0.12037037037037036 0.17261904761904762
2 0.7726521164021164 0.7075892857142857 0.12003968253968254 0.19246031746031747
2 0.8826058201058201 0.6977926587301587 0.10383597883597884 0.18229166666666666
2 0.9656084656084656 0.6958085317460317 0.06547619047619048 0.1902281746031746
2 0.1283068783068783 0.9306795634920635 0.15145502645502645 0.1267361111111111
2 0.26769179894179895 0.9269593253968254 0.1498015873015873 0.1341765873015873
2 0.39269179894179895 0.9212549603174603 0.10813492063492064 0.14558531746031747
2 0.490244708994709 0.9205109126984127 0.09093915343915344 0.14508928571428573
2 0.6360780423280423 0.9063740079365079 0.11607142857142858 0.14211309523809523
2 0.7800925925925926 0.912078373015873 0.11507936507936507 0.16294642857142858
2 0.8951719576719577 0.9067460317460317 0.10714285714285714 0.16517857142857142
2 0.9732142857142857 0.8975694444444444 0.0496031746031746 0.15873015873015872
