1 0.9098875661375662 0.8113839285714286 0.16435185185185186 0.27802579365079366
1 0.7414021164021164 0.8092757936507936 0.18716931216931218 0.2931547619047619
1 0.5659722222222222 0.8044394841269841 0.1498015873015873 0.2854662698412698
1 0.4093915343915344 0.8101438492063492 0.16666666666666666 0.2978670634920635
1 0.2412367724867725 0.8146081349206349 0.16104497354497355 0.29737103174603174
1 0.09755291005291006 0.7793898809523809 0.13293650793650794 0.2353670634920635
1 0.10631613756613757 0.46912202380952384 0.1306216931216931 0.27356150793650796
1 0.2518187830687831 0.470734126984127 0.16633597883597884 0.2906746031746032
1 0.41451719576719576 0.4738343253968254 0.15707671957671956 0.2839781746031746
1 0.5735780423280423 0.4729662698412698 0.16567460317460317 0.283234126984127
1 0.7447089947089947 0.47532242063492064 0.16865079365079366 0.2775297619047619
1 0.894510582010582 0.4800347222222222 0.14484126984126985 0.2681051587301587
1 0.9293981481481481 0.19717261904761904 0.0796957671957672 0.15625
1 0.8234126984126984 0.16145833333333334 0.13095238095238096 0.22470238095238096
1 0.7101521164021164 0.15997023809523808 0.09027777777777778 0.21726190476190477
1 0.611441798941799 0.1552579365079365 0.12896825396825398 0.22073412698412698
1 0.4755291005291005 0.1402529761904762 0.12896825396825398 0.24330357142857142
1 0.32589285714285715 0.1463293650793651 0.12334656084656084 0.22172619047619047
