5 0.1810515873015873 0.12946428571428573 0.10416666666666667 0.1949404761904762
5 0.2824074074074074 0.12909226190476192 0.09986772486772487 0.1932043650793651
5 0.47585978835978837 0.13355654761904762 0.09259259259259259 0.18675595238095238
5 0.5701058201058201 0.13157242063492064 0.09457671957671958 0.1902281746031746
5 0.3835978835978836 0.13132440476190477 0.09126984126984126 0.19270833333333334
5 0.6708002645502645 0.13355654761904762 0.09490740740740741 0.18526785714285715
5 0.7713293650793651 0.13095238095238096 0.09821428571428571 0.19593253968253968
5 0.8680555555555556 0.13231646825396826 0.08994708994708994 0.19370039682539683
5 0.9558531746031746 0.1284722222222222 0.08035714285714286 0.19295634920634921
5 0.20552248677248677 0.5086805555555556 0.1087962962962963 0.23015873015873015
5 0.3705357142857143 0.5076884920634921 0.09358465608465609 0.22718253968253968
5 0.4654431216931217 0.5115327380952381 0.09358465608465609 0.22247023809523808
5 0.6841931216931217 0.5114087301587301 0.09523809523809523 0.2177579365079365
5 0.7789351851851852 0.5091765873015873 0.09226190476190477 0.2078373015873016
5 0.9250992063492064 0.5166170634920635 0.10416666666666667 0.2261904761904762
5 0.1884920634920635 0.8392857142857143 0.08002645502645503 0.17906746031746032
5 0.26256613756613756 0.8509424603174603 0.08796296296296297 0.1775793650793651
5 0.36607142857142855 0.8485863095238095 0.08134920634920635 0.17683531746031747
5 0.43700396825396826 0.8218005952380952 0.08763227513227513 0.16592261904761904
5 0.5684523809523809 0.8609871031746031 0.10317460317460317 0.1827876984126984
5 0.6597222222222222 0.8647073412698413 0.09854497354497355 0.1857638888888889
5 0.9208002645502645 0.8563988095238095 0.08763227513227513 0.18303571428571427
