5 0.6058201058201058 0.8544146825396826 0.07341269841269842 0.19246031746031747
5 0.6755952380952381 0.8531746031746031 0.07605820105820106 0.19543650793650794
5 0.7442129629629629 0.8525545634920635 0.06977513227513228 0.1996527777777778
5 0.5922619047619048 0.6335565476190477 0.07473544973544974 0.20114087301587302
5 0.6620370370370371 0.6462053571428571 0.06944444444444445 0.1644345238095238
5 0.7308201058201058 0.6266121031746031 0.07539682539682539 0.19766865079365079
5 0.5206679894179894 0.8556547619047619 0.10152116402116403 0.1865079365079365
5 0.43270502645502645 0.8443700396825397 0.09027777777777778 0.16294642857142858
5 0.3263888888888889 0.8835565476190477 0.09060846560846561 0.14508928571428573
5 0.2339616402116402 0.8645833333333334 0.09887566137566138 0.18551587301587302
5 0.15492724867724866 0.853546626984127 0.08763227513227513 0.15947420634920634
5 0.48726851851851855 0.6323164682539683 0.103505291005291 0.19618055555555555
5 0.39632936507936506 0.6345486111111112 0.09821428571428571 0.19419642857142858
5 0.3029100529100529 0.6568700396825397 0.09656084656084656 0.1619543650793651
5 0.20618386243386244 0.6439732142857143 0.103505291005291 0.19816468253968253
5 0.10945767195767196 0.6457093253968254 0.10648148148148148 0.20014880952380953
6 0.5003306878306878 0.42150297619047616 0.08597883597883597 0.1654265873015873
6 0.3998015873015873 0.4244791666666667 0.08267195767195767 0.16741071428571427
6 0.33878968253968256 0.42757936507936506 0.06580687830687831 0.16071428571428573
6 0.2726521164021164 0.4303075396825397 0.08234126984126984 0.16121031746031747
6 0.17559523809523808 0.43253968253968256 0.09126984126984126 0.16765873015873015
6 0.09325396825396826 0.4347718253968254 0.08664021164021164 0.1671626984126984
6 0.03009259259259259 0.43526785714285715 0.06018518518518518 0.1636904761904762
6 0.48396164021164023 0.1728670634920635 0.08961640211640212 0.1701388888888889
6 0.3940145502645503 0.1762152777777778 0.0916005291005291 0.16741071428571427
6 0.31531084656084657 0.17906746031746032 0.08895502645502645 0.17113095238095238
6 0.23528439153439154 0.18117559523809523 0.09093915343915344 0.1684027777777778
6 0.15327380952380953 0.18625992063492064 0.08763227513227513 0.16666666666666666
6 0.07027116402116403 0.1884920634920635 0.09292328042328042 0.16765873015873015
5 0.8047288359788359 0.13368055555555555 0.08697089947089948 0.2261904761904762
5 0.8959986772486772 0.13219246031746032 0.09292328042328042 0.22718253968253968
5 0.8012566137566137 0.38777281746031744 0.09193121693121693 0.21552579365079366
5 0.8969907407407407 0.38603670634920634 0.0916005291005291 0.2130456349206349
5 0.8093584656084656 0.6236359126984127 0.08630952380952381 0.2021329365079365
5 0.9002976190476191 0.6287202380952381 0.09027777777777778 0.1865079365079365
5 0.9710648148148148 0.38293650793650796 0.05257936507936508 0.21329365079365079
5 0.972718253968254 0.1310763888888889 0.05125661375661376 0.2204861111111111
5 0.972718253968254 0.6187996031746031 0.04927248677248677 0.20238095238095238
