4 0.06299603174603174 0.26785714285714285 0.08697089947089948 0.14781746031746032
4 0.14203042328042328 0.26847718253968256 0.08763227513227513 0.15104166666666666
4 0.22106481481481483 0.2683531746031746 0.08564814814814815 0.15228174603174602
4 0.3004298941798942 0.2709573412698413 0.08300264550264551 0.15203373015873015
4 0.3812830687830688 0.2710813492063492 0.07936507936507936 0.15327380952380953
4 0.45949074074074076 0.2728174603174603 0.08498677248677249 0.15178571428571427
4 0.5413359788359788 0.27368551587301587 0.07804232804232804 0.15401785714285715
4 0.6172288359788359 0.26438492063492064 0.07771164021164022 0.17410714285714285
4 0.6989087301587301 0.26413690476190477 0.08895502645502645 0.1746031746031746
4 0.6225198412698413 0.09015376984126984 0.08697089947089948 0.17385912698412698
4 0.7080026455026455 0.09114583333333333 0.08002645502645503 0.17584325396825398
4 0.7523148148148148 0.002232142857142857 0.0013227513227513227 0.001984126984126984
4 0.792989417989418 0.0896577380952381 0.08267195767195767 0.17385912698412698
4 0.8826058201058201 0.08903769841269842 0.08862433862433862 0.17410714285714285
4 0.9465939153439153 0.2682291666666667 0.08300264550264551 0.1728670634920635
4 0.8629298941798942 0.2662450396825397 0.08167989417989419 0.17435515873015872
4 0.78125 0.2646329365079365 0.07771164021164022 0.17509920634920634
4 0.1087962962962963 0.5415426587301587 0.13955026455026456 0.2795138888888889
4 0.2222222222222222 0.5414186507936508 0.11838624338624339 0.2837301587301587
4 0.33366402116402116 0.548859126984127 0.10846560846560846 0.2941468253968254
4 0.46296296296296297 0.5550595238095238 0.10912698412698413 0.2906746031746032
4 0.5773809523809523 0.5593998015873016 0.10317460317460317 0.29290674603174605
4 0.6823743386243386 0.5543154761904762 0.10813492063492064 0.2876984126984127
4 0.7986111111111112 0.5567956349206349 0.11044973544973545 0.29117063492063494
4 0.9194775132275133 0.5621279761904762 0.12797619047619047 0.29637896825396826
4 0.13409391534391535 0.8373015873015873 0.1087962962962963 0.22420634920634921
4 0.2318121693121693 0.8452380952380952 0.1111111111111111 0.23313492063492064
4 0.33564814814814814 0.8462301587301587 0.1078042328042328 0.2286706349206349
4 0.43601190476190477 0.8504464285714286 0.10416666666666667 0.23015873015873015
4 0.5317460317460317 0.8530505952380952 0.10185185185185185 0.23139880952380953
4 0.6331018518518519 0.8663194444444444 0.1001984126984127 0.23561507936507936
4 0.8604497354497355 0.8634672619047619 0.10912698412698413 0.23040674603174602
4 0.9442791005291006 0.8649553571428571 0.08895502645502645 0.22743055555555555
