5 0.06746031746031746 0.09474206349206349 0.07407407407407407 0.13442460317460317
5 0.12582671957671956 0.09437003968253968 0.054563492063492064 0.13516865079365079
5 0.20618386243386244 0.09437003968253968 0.06712962962962964 0.13864087301587302
5 0.27529761904761907 0.10081845238095238 0.05787037037037037 0.12723214285714285
5 0.3273809523809524 0.1212797619047619 0.041666666666666664 0.08382936507936507
5 0.37549603174603174 0.10788690476190477 0.05654761904761905 0.11408730158730158
5 0.4289021164021164 0.11185515873015874 0.057539682539682536 0.1076388888888889
5 0.6071428571428571 0.12586805555555555 0.04431216931216931 0.08010912698412699
5 0.9436177248677249 0.11396329365079365 0.06316137566137567 0.11036706349206349
5 0.8630952380952381 0.09957837301587301 0.07076719576719577 0.13814484126984128
5 0.09408068783068783 0.6183035714285714 0.059854497354497355 0.11607142857142858
5 0.148478835978836 0.6227678571428571 0.05952380952380952 0.12053571428571429
5 0.21197089947089948 0.6092509920634921 0.056216931216931214 0.11135912698412699
5 0.35102513227513227 0.6078869047619048 0.036044973544973546 0.10813492063492064
5 0.3817791005291005 0.6016865079365079 0.03273809523809524 0.09871031746031746
5 0.4226190476190476 0.6061507936507936 0.05423280423280423 0.1076388888888889
5 0.47900132275132273 0.6056547619047619 0.04861111111111111 0.11011904761904762
5 0.5264550264550265 0.6066468253968254 0.0496031746031746 0.11359126984126984
5 0.5745701058201058 0.5978422619047619 0.044642857142857144 0.10094246031746032
5 0.6170634920634921 0.5970982142857143 0.04497354497354497 0.1039186507936508
5 0.6612103174603174 0.6098710317460317 0.04927248677248677 0.11755952380952381
5 0.7278439153439153 0.6006944444444444 0.046296296296296294 0.1056547619047619
5 0.7754629629629629 0.5978422619047619 0.05026455026455026 0.10838293650793651
5 0.8277116402116402 0.5992063492063492 0.0496031746031746 0.10615079365079365
5 0.8897156084656085 0.6004464285714286 0.044642857142857144 0.10912698412698413
5 0.9384920634920635 0.6011904761904762 0.05357142857142857 0.10962301587301587
5 0.9289021164021164 0.7445436507936508 0.04365079365079365 0.1056547619047619
5 0.8809523809523809 0.7524801587301587 0.0496031746031746 0.10813492063492064
5 0.8298611111111112 0.7562003968253969 0.04794973544973545 0.10714285714285714
5 0.7701719576719577 0.7464037698412699 0.041005291005291 0.10143849206349206
5 0.7266865079365079 0.7506200396825397 0.049933862433862435 0.10788690476190477
5 0.673941798941799 0.7602926587301587 0.047619047619047616 0.11135912698412699
5 0.5834986772486772 0.7734375 0.04728835978835979 0.10887896825396826
5 0.5261243386243386 0.7627728174603174 0.056216931216931214 0.11086309523809523
5 0.26587301587301587 0.7766617063492064 0.051587301587301584 0.11135912698412699
5 0.19576719576719576 0.7903025793650794 0.056216931216931214 0.11383928571428571
5 0.13921957671957672 0.7931547619047619 0.05555555555555555 0.11507936507936507
5 0.08746693121693122 0.7837301587301587 0.05191798941798942 0.11210317460317461
6 0.051421957671957674 0.28757440476190477 0.06514550264550265 0.13120039682539683
6 0.14814814814814814 0.28893849206349204 0.06084656084656084 0.13194444444444445
6 0.22321428571428573 0.2924107142857143 0.056878306878306875 0.12351190476190477
6 0.27414021164021163 0.29476686507936506 0.056216931216931214 0.11879960317460317
6 0.335978835978836 0.2960069444444444 0.05423280423280423 0.11631944444444445
6 0.39616402116402116 0.2925347222222222 0.0582010582010582 0.12475198412698413
6 0.45419973544973546 0.29191468253968256 0.05720899470899471 0.125
6 0.5109126984126984 0.29389880952380953 0.0582010582010582 0.12400793650793651
6 0.6220238095238095 0.2932787698412698 0.057539682539682536 0.1212797619047619
6 0.5666335978835979 0.2926587301587302 0.0539021164021164 0.12351190476190477
6 0.6843584656084656 0.28893849206349204 0.05588624338624339 0.1314484126984127
6 0.7379298941798942 0.2896825396825397 0.05191798941798942 0.12946428571428573
6 0.796957671957672 0.2906746031746032 0.06084656084656084 0.12748015873015872
6 0.8511904761904762 0.2907986111111111 0.052248677248677246 0.12475198412698413
6 0.9012896825396826 0.29191468253968256 0.05125661375661376 0.12251984126984126
6 0.9403108465608465 0.29402281746031744 0.034722222222222224 0.11830357142857142
6 0.07407407407407407 0.46899801587301587 0.056878306878306875 0.12152777777777778
6 0.15145502645502645 0.47259424603174605 0.06481481481481481 0.12425595238095238
6 0.23346560846560846 0.4711061507936508 0.06018518518518518 0.12872023809523808
6 0.3019179894179894 0.46986607142857145 0.06084656084656084 0.12425595238095238
6 0.35978835978835977 0.47023809523809523 0.05952380952380952 0.125
6 0.41865079365079366 0.46999007936507936 0.056878306878306875 0.12152777777777778
6 0.5874669312169312 0.46986607142857145 0.05853174603174603 0.11879960317460317
6 0.6421957671957672 0.4693700396825397 0.051587301587301584 0.1158234126984127
6 0.6944444444444444 0.4671378968253968 0.05423280423280423 0.1212797619047619
6 0.7506613756613757 0.466765873015873 0.05555555555555555 0.12003968253968254
6 0.8078703703703703 0.4663938492063492 0.056216931216931214 0.1212797619047619
6 0.865244708994709 0.4651537698412698 0.05787037037037037 0.12227182539682539
6 0.9189814814814815 0.4662698412698413 0.04828042328042328 0.12152777777777778
6 0.9747023809523809 0.4646577380952381 0.04398148148148148 0.11979166666666667
