4 0.3968253968253968 0.11135912698412699 0.07076719576719577 0.11061507936507936
4 0.46825396825396826 0.11024305555555555 0.0667989417989418 0.10193452380952381
4 0.5376984126984127 0.1056547619047619 0.07208994708994709 0.1111111111111111
4 0.6129298941798942 0.10255456349206349 0.07705026455026455 0.11383928571428571
4 0.6848544973544973 0.09933035714285714 0.07539682539682539 0.11334325396825397
4 0.7612433862433863 0.0954861111111111 0.07738095238095238 0.11706349206349206
4 0.7508267195767195 0.2718253968253968 0.0916005291005291 0.1498015873015873
4 0.6622023809523809 0.2750496031746032 0.08763227513227513 0.15327380952380953
4 0.578207671957672 0.279265873015873 0.08498677248677249 0.1498015873015873
4 0.492228835978836 0.28881448412698413 0.09027777777777778 0.1371527777777778
4 0.4074074074074074 0.2848462301587302 0.08465608465608465 0.15104166666666666
4 0.32671957671957674 0.2880704365079365 0.08333333333333333 0.14756944444444445
4 0.2457010582010582 0.2890625 0.082010582010582 0.1470734126984127
4 0.16302910052910052 0.2982390873015873 0.08531746031746032 0.13268849206349206
4 0.08019179894179894 0.29476686507936506 0.08234126984126984 0.140625
4 0.7529761904761905 0.474578373015873 0.09060846560846561 0.1470734126984127
4 0.6653439153439153 0.48152281746031744 0.09126984126984126 0.13616071428571427
4 0.5753968253968254 0.4749503968253968 0.09523809523809523 0.15128968253968253
4 0.48842592592592593 0.4837549603174603 0.0873015873015873 0.13219246031746032
4 0.4158399470899471 0.4791666666666667 0.07043650793650794 0.14384920634920634
4 0.3169642857142857 0.47470238095238093 0.08697089947089948 0.15823412698412698
4 0.2286706349206349 0.47507440476190477 0.08961640211640212 0.15649801587301587
4 0.06431878306878307 0.4790426587301587 0.08234126984126984 0.15500992063492064
4 0.14566798941798942 0.4774305555555556 0.07837301587301587 0.15376984126984128
4 0.1410383597883598 0.6774553571428571 0.09358465608465609 0.16592261904761904
4 0.2294973544973545 0.6764632936507936 0.08664021164021164 0.16245039682539683
4 0.31646825396825395 0.6793154761904762 0.0873015873015873 0.16567460317460317
4 0.40492724867724866 0.6775793650793651 0.0916005291005291 0.16468253968253968
4 0.49272486772486773 0.6789434523809523 0.09259259259259259 0.1708829365079365
4 0.5831679894179894 0.6780753968253969 0.09556878306878307 0.1701388888888889
4 0.6752645502645502 0.6783234126984127 0.09325396825396826 0.1775793650793651
4 0.7738095238095238 0.6918402777777778 0.09325396825396826 0.14608134920634921
4 0.7873677248677249 0.9071180555555556 0.10383597883597884 0.18030753968253968
4 0.6884920634920635 0.9216269841269841 0.10119047619047619 0.15228174603174602
4 0.5889550264550265 0.9029017857142857 0.10185185185185185 0.18377976190476192
4 0.4914021164021164 0.9027777777777778 0.09126984126984126 0.18204365079365079
4 0.4001322751322751 0.902281746031746 0.09259259259259259 0.18303571428571427
4 0.26322751322751325 0.8971974206349206 0.08994708994708994 0.17683531746031747
4 0.08068783068783068 0.8720238095238095 0.08333333333333333 0.15575396825396826
4 0.16021825396825398 0.8700396825396826 0.07903439153439154 0.15178571428571427
