5 0.3384589947089947 0.6240079365079365 0.08697089947089948 0.21924603174603174
6 0.07572751322751323 0.38318452380952384 0.0667989417989418 0.19990079365079366
6 0.1593915343915344 0.3898809523809524 0.06415343915343916 0.18948412698412698
6 0.24520502645502645 0.38330853174603174 0.08630952380952381 0.20114087301587302
6 0.32423941798941797 0.37958829365079366 0.06779100529100529 0.21502976190476192
6 0.4383267195767196 0.3881448412698413 0.08432539682539683 0.1984126984126984
6 0.5200066137566137 0.39112103174603174 0.08498677248677249 0.1974206349206349
6 0.7923280423280423 0.39558531746031744 0.0787037037037037 0.18948412698412698
6 0.8622685185185185 0.40153769841269843 0.059854497354497355 0.18204365079365079
6 0.9322089947089947 0.4010416666666667 0.07539682539682539 0.1810515873015873
6 0.041666666666666664 0.6339285714285714 0.07341269841269842 0.16319444444444445
6 0.16220238095238096 0.6060267857142857 0.05787037037037037 0.1728670634920635
6 0.23445767195767195 0.6237599206349206 0.08664021164021164 0.19692460317460317
5 0.5041335978835979 0.6271081349206349 0.0882936507936508 0.2130456349206349
5 0.5942460317460317 0.6531498015873016 0.09325396825396826 0.18824404761904762
5 0.6924603174603174 0.6345486111111112 0.08465608465608465 0.22941468253968253
5 0.7571097883597884 0.6258680555555556 0.05654761904761905 0.2041170634920635
5 0.8287037037037037 0.6231398809523809 0.08796296296296297 0.20758928571428573
5 0.10119047619047619 0.8562748015873016 0.08597883597883597 0.19717261904761904
5 0.18931878306878308 0.8557787698412699 0.08961640211640212 0.19518849206349206
5 0.322255291005291 0.8779761904761905 0.08101851851851852 0.21378968253968253
5 0.4105489417989418 0.8861607142857143 0.08432539682539683 0.2222222222222222
5 0.5006613756613757 0.8870287698412699 0.08664021164021164 0.2204861111111111
5 0.5916005291005291 0.8762400793650794 0.08531746031746032 0.19543650793650794
5 0.6979166666666666 0.8892609126984127 0.09292328042328042 0.21354166666666666
5 0.7926587301587301 0.8921130952380952 0.0958994708994709 0.2113095238095238
5 0.8890542328042328 0.8952132936507936 0.09689153439153439 0.20510912698412698
