2 0.07556216931216932 0.22408234126984128 0.06911375661375661 0.15203373015873015
2 0.13723544973544974 0.22569444444444445 0.06547619047619048 0.1488095238095238
2 0.19775132275132276 0.22941468253968253 0.062169312169312166 0.14583333333333334
2 0.2587632275132275 0.23028273809523808 0.05787037037037037 0.1440972222222222
2 0.31994047619047616 0.23350694444444445 0.059854497354497355 0.14310515873015872
2 0.09507275132275132 0.41393849206349204 0.0916005291005291 0.1488095238095238
2 0.2614087301587302 0.4398561507936508 0.09556878306878307 0.1440972222222222
2 0.33019179894179895 0.41790674603174605 0.06646825396825397 0.15228174603174602
2 0.06646825396825397 0.6521577380952381 0.10383597883597884 0.1470734126984127
2 0.15889550264550265 0.6403769841269841 0.09093915343915344 0.1378968253968254
2 0.2511574074074074 0.6509176587301587 0.08895502645502645 0.16939484126984128
2 0.33912037037037035 0.6413690476190477 0.09027777777777778 0.16815476190476192
2 0.4212962962962963 0.6433531746031746 0.07605820105820106 0.1388888888888889
2 0.23197751322751323 0.9263392857142857 0.18287037037037038 0.13839285714285715
2 0.3855820105820106 0.8967013888888888 0.15079365079365079 0.1297123015873016
2 0.7842261904761905 0.7746775793650794 0.1001984126984127 0.16245039682539683
2 0.9497354497354498 0.7058531746031746 0.04894179894179894 0.08382936507936507
2 0.8794642857142857 0.581969246031746 0.06977513227513228 0.13566468253968253
2 0.7476851851851852 0.5770089285714286 0.06613756613756613 0.10689484126984126
2 0.810681216931217 0.5720486111111112 0.05588624338624339 0.10540674603174603
2 0.6747685185185185 0.5746527777777778 0.06779100529100529 0.08878968253968254
2 0.9398148148148148 0.5654761904761905 0.04034391534391534 0.11011904761904762
2 0.9761904761904762 0.5577876984126984 0.03571428571428571 0.10267857142857142
2 0.9588293650793651 0.4087301587301587 0.04332010582010582 0.13095238095238096
2 0.904265873015873 0.42299107142857145 0.06382275132275132 0.12475198412698413
2 0.8313492063492064 0.4208829365079365 0.07804232804232804 0.14732142857142858
2 0.7433862433862434 0.431671626984127 0.07275132275132275 0.13020833333333334
2 0.94130291005291 0.2523561507936508 0.06712962962962964 0.1535218253968254
2 0.8668981481481481 0.24987599206349206 0.059854497354497355 0.1480654761904762
2 0.8060515873015873 0.24590773809523808 0.06646825396825397 0.1579861111111111
2 0.6117724867724867 0.24206349206349206 0.06944444444444445 0.1378968253968254
2 0.6970899470899471 0.24813988095238096 0.056878306878306875 0.140625
