1 0.10697751322751323 0.13913690476190477 0.10813492063492064 0.17311507936507936
1 0.28273809523809523 0.1474454365079365 0.0958994708994709 0.1619543650793651
1 0.37648809523809523 0.15500992063492064 0.08961640211640212 0.15178571428571427
1 0.4662698412698413 0.1531498015873016 0.08531746031746032 0.15997023809523808
1 0.5459656084656085 0.15674603174603174 0.08068783068783068 0.15327380952380953
1 0.6233465608465608 0.15637400793650794 0.08134920634920635 0.1589781746031746
1 0.7083333333333334 0.15910218253968253 0.09193121693121693 0.15104166666666666
1 0.7951388888888888 0.15438988095238096 0.07771164021164022 0.16294642857142858
1 0.9555224867724867 0.15463789682539683 0.08300264550264551 0.16790674603174602
1 0.11607142857142858 0.3870287698412698 0.09986772486772487 0.16493055555555555
1 0.21726190476190477 0.38913690476190477 0.10119047619047619 0.1671626984126984
1 0.31531084656084657 0.39285714285714285 0.11805555555555555 0.15922619047619047
1 0.4619708994708995 0.38913690476190477 0.11177248677248677 0.16666666666666666
1 0.5813492063492064 0.39558531746031744 0.10052910052910052 0.15575396825396826
1 0.7407407407407407 0.3913690476190476 0.10185185185185185 0.16071428571428573
1 0.8343253968253969 0.3923611111111111 0.08134920634920635 0.16021825396825398
1 0.9107142857142857 0.3912450396825397 0.07208994708994709 0.1619543650793651
1 0.966931216931217 0.3923611111111111 0.062169312169312166 0.1597222222222222
1 0.12913359788359788 0.6158234126984127 0.11342592592592593 0.1765873015873016
1 0.24966931216931218 0.6159474206349206 0.11507936507936507 0.17385912698412698
1 0.3654100529100529 0.6148313492063492 0.11507936507936507 0.17113095238095238
1 0.47900132275132273 0.6137152777777778 0.11276455026455026 0.16989087301587302
1 0.5877976190476191 0.6098710317460317 0.10681216931216932 0.16815476190476192
1 0.6964285714285714 0.6102430555555556 0.10912698412698413 0.16592261904761904
1 0.8019179894179894 0.6066468253968254 0.10714285714285714 0.17113095238095238
1 0.9112103174603174 0.6075148809523809 0.11276455026455026 0.16741071428571427
1 0.144510582010582 0.845734126984127 0.13227513227513227 0.20734126984126985
1 0.27314814814814814 0.8418898809523809 0.12632275132275134 0.20560515873015872
1 0.3968253968253968 0.8322172619047619 0.11838624338624339 0.1956845238095238
1 0.5105820105820106 0.8359375 0.10714285714285714 0.17435515873015872
1 0.6195436507936508 0.8337053571428571 0.10813492063492064 0.19915674603174602
1 0.7286706349206349 0.8286210317460317 0.11342592592592593 0.19345238095238096
1 0.8387896825396826 0.8182043650793651 0.10945767195767196 0.18601190476190477
