5 0.05423280423280423 0.3375496031746032 0.06481481481481481 0.18799603174603174
5 0.11425264550264551 0.3376736111111111 0.06117724867724868 0.18824404761904762
5 0.1734457671957672 0.33804563492063494 0.06712962962962964 0.18948412698412698
5 0.2552910052910053 0.3333333333333333 0.08796296296296297 0.19593253968253968
5 0.341765873015873 0.33482142857142855 0.08763227513227513 0.19642857142857142
5 0.4255952380952381 0.33469742063492064 0.083994708994709 0.19766865079365079
5 0.5092592592592593 0.33370535714285715 0.08531746031746032 0.19766865079365079
5 0.5960648148148148 0.33469742063492064 0.08432539682539683 0.19766865079365079
5 0.6779100529100529 0.3343253968253968 0.08664021164021164 0.19593253968253968
5 0.7650462962962963 0.33544146825396826 0.08167989417989419 0.19469246031746032
5 0.8624338624338624 0.33643353174603174 0.09391534391534391 0.19518849206349206
5 0.07771164021164022 0.5814732142857143 0.06018518518518518 0.17881944444444445
5 0.12979497354497355 0.5808531746031746 0.055224867724867725 0.18303571428571427
5 0.18551587301587302 0.5828373015873016 0.06415343915343916 0.18204365079365079
5 0.02595899470899471 0.5815972222222222 0.040013227513227514 0.17906746031746032
5 0.28587962962962965 0.5745287698412699 0.07903439153439154 0.18675595238095238
5 0.34854497354497355 0.5705605158730159 0.0667989417989418 0.1817956349206349
5 0.41782407407407407 0.5721726190476191 0.0796957671957672 0.19196428571428573
5 0.513558201058201 0.5725446428571429 0.08134920634920635 0.18377976190476192
5 0.5980489417989417 0.5729166666666666 0.08498677248677249 0.1909722222222222
5 0.6886574074074074 0.5735367063492064 0.08498677248677249 0.18973214285714285
5 0.7759589947089947 0.5749007936507936 0.08564814814814815 0.19246031746031747
5 0.8634259259259259 0.5755208333333334 0.08664021164021164 0.19072420634920634
5 0.05588624338624339 0.8277529761904762 0.0873015873015873 0.18526785714285715
5 0.27314814814814814 0.8246527777777778 0.08333333333333333 0.19146825396825398
5 0.3541666666666667 0.8247767857142857 0.08597883597883597 0.18774801587301587
5 0.4386574074074074 0.8245287698412699 0.08234126984126984 0.19072420634920634
5 0.5205026455026455 0.8260168650793651 0.08994708994708994 0.18874007936507936
5 0.6044973544973545 0.8266369047619048 0.07936507936507936 0.1909722222222222
5 0.6886574074074074 0.8256448412698413 0.08697089947089948 0.19543650793650794
5 0.7711640211640212 0.8249007936507936 0.08664021164021164 0.1939484126984127
5 0.8607804232804233 0.8286210317460317 0.08465608465608465 0.1949404761904762
5 0.05572089947089947 0.09350198412698413 0.06183862433862434 0.18501984126984128
5 0.11607142857142858 0.0923859126984127 0.06547619047619048 0.18030753968253968
5 0.17824074074074073 0.09263392857142858 0.06812169312169312 0.18229166666666666
5 0.24933862433862433 0.09250992063492064 0.08994708994708994 0.18204365079365079
5 0.3425925925925926 0.09188988095238096 0.08994708994708994 0.1817956349206349
5 0.47255291005291006 0.12698412698412698 0.0006613756613756613 0.11458333333333333
5 0.6975859788359788 0.09375 0.08697089947089948 0.1810515873015873
5 0.6124338624338624 0.09523809523809523 0.07539682539682539 0.1775793650793651
5 0.7825727513227513 0.09312996031746032 0.08101851851851852 0.18526785714285715
5 0.8796296296296297 0.09312996031746032 0.09325396825396826 0.17782738095238096
