5 0.11921296296296297 0.7635168650793651 0.14649470899470898 0.2978670634920635
5 0.2371031746031746 0.7554563492063492 0.07804232804232804 0.2787698412698413
5 0.3627645502645503 0.7451636904761905 0.11970899470899471 0.26165674603174605
5 0.49636243386243384 0.7473958333333334 0.09126984126984126 0.27455357142857145
5 0.5965608465608465 0.7609126984126984 0.12896825396825398 0.2881944444444444
5 0.8723544973544973 0.7508680555555556 0.11970899470899471 0.2795138888888889
5 0.7660383597883598 0.740203373015873 0.10813492063492064 0.26066468253968256
5 0.14070767195767195 0.19642857142857142 0.12797619047619047 0.31299603174603174
5 0.501984126984127 0.20858134920634921 0.14814814814814814 0.2757936507936508
5 0.6587301587301587 0.20126488095238096 0.15873015873015872 0.2760416666666667
5 0.8171296296296297 0.19010416666666666 0.16534391534391535 0.29092261904761907
