2 0.45208333333333334 0.366015625 0.1125 0.22109375
2 0.5598958333333334 0.3640625 0.109375 0.2234375
2 0.3609375 0.8640625 0.10520833333333333 0.203125
2 0.471875 0.865234375 0.10416666666666667 0.20546875
2 0.5671875 0.858984375 0.10520833333333333 0.20390625
2 0.6666666666666666 0.8546875 0.10833333333333334 0.1953125
2 0.6651041666666667 0.363671875 0.109375 0.21953125
2 0.765625 0.362890625 0.09791666666666667 0.21328125
2 0.4395833333333333 0.09453125 0.11666666666666667 0.1796875
2 0.5520833333333334 0.09375 0.11458333333333333 0.18125
2 0.665625 0.0921875 0.11666666666666667 0.184375
2 0.7791666666666667 0.089453125 0.12083333333333333 0.17578125
2 0.8541666666666666 0.36875 0.07708333333333334 0.2
2 0.9338541666666667 0.36640625 0.08229166666666667 0.2046875
2 0.878125 0.091015625 0.08333333333333333 0.17890625
2 0.95625 0.090625 0.08125 0.175
2 0.8442708333333333 0.864453125 0.09479166666666666 0.19453125
