7 0.015104166666666667 0.18203125 0.023958333333333335 0.0890625
7 0.04583333333333333 0.1796875 0.0375 0.0859375
7 0.08333333333333333 0.175390625 0.0375 0.08671875
7 0.12083333333333333 0.171484375 0.035416666666666666 0.09140625
7 0.15885416666666666 0.166796875 0.03854166666666667 0.09140625
7 0.1984375 0.16328125 0.03854166666666667 0.09375
7 0.2421875 0.159765625 0.04479166666666667 0.09609375
7 0.28802083333333334 0.152734375 0.046875 0.09609375
7 0.3385416666666667 0.145703125 0.04791666666666667 0.10390625
7 0.3875 0.140234375 0.04375 0.10390625
7 0.4328125 0.135546875 0.04895833333333333 0.10546875
7 0.48802083333333335 0.126953125 0.04895833333333333 0.11328125
7 0.5401041666666667 0.121484375 0.051041666666666666 0.11640625
7 0.5953125 0.115234375 0.057291666666666664 0.12109375
7 0.65 0.110546875 0.04375 0.12265625
7 0.025 0.320703125 0.035416666666666666 0.08515625
7 0.058854166666666666 0.31953125 0.036458333333333336 0.0859375
7 0.09427083333333333 0.31796875 0.03854166666666667 0.090625
7 0.13229166666666667 0.31640625 0.0375 0.0921875
7 0.17083333333333334 0.316015625 0.041666666666666664 0.09296875
7 0.21197916666666666 0.31328125 0.042708333333333334 0.096875
7 0.027604166666666666 0.443359375 0.036458333333333336 0.08671875
7 0.0609375 0.444140625 0.036458333333333336 0.08984375
7 0.13177083333333334 0.445703125 0.03854166666666667 0.08671875
7 0.16979166666666667 0.448046875 0.03958333333333333 0.09140625
7 0.22083333333333333 0.446875 0.04583333333333333 0.09375
7 0.25364583333333335 0.312109375 0.04479166666666667 0.09453125
7 0.29583333333333334 0.310546875 0.04375 0.09765625
7 0.33958333333333335 0.305859375 0.041666666666666664 0.10390625
7 0.38645833333333335 0.30546875 0.04791666666666667 0.1109375
7 0.43333333333333335 0.301953125 0.05 0.11015625
7 0.3 0.45 0.035416666666666666 0.0890625
7 0.3333333333333333 0.4515625 0.035416666666666666 0.0921875
7 0.3953125 0.448046875 0.036458333333333336 0.09765625
7 0.459375 0.451953125 0.04583333333333333 0.09765625
7 0.5078125 0.450390625 0.046875 0.10703125
7 0.5369791666666667 0.29921875 0.051041666666666666 0.115625
7 0.5921875 0.296875 0.05520833333333333 0.11875
7 0.6432291666666666 0.295703125 0.04479166666666667 0.12109375
7 0.5557291666666667 0.451171875 0.051041666666666666 0.10859375
7 0.6104166666666667 0.451171875 0.058333333333333334 0.11484375
7 0.028645833333333332 0.56796875 0.03854166666666667 0.0859375
7 0.06458333333333334 0.57109375 0.035416666666666666 0.0875
7 0.10052083333333334 0.583203125 0.036458333333333336 0.06796875
7 0.1375 0.57578125 0.03958333333333333 0.0890625
7 0.17552083333333332 0.578515625 0.03854166666666667 0.09140625
7 0.2140625 0.580859375 0.04479166666666667 0.09296875
7 0.2546875 0.584375 0.042708333333333334 0.096875
7 0.3703125 0.5828125 0.042708333333333334 0.1
7 0.415625 0.58359375 0.04583333333333333 0.103125
7 0.5348958333333333 0.60078125 0.051041666666666666 0.1125
7 0.5864583333333333 0.60625 0.05625 0.1171875
7 0.634375 0.61015625 0.041666666666666664 0.11875
7 0.7104166666666667 0.621484375 0.0625 0.11953125
7 0.7114583333333333 0.461328125 0.052083333333333336 0.11328125
7 0.7286458333333333 0.108984375 0.05520833333333333 0.11484375
7 0.7895833333333333 0.09765625 0.06666666666666667 0.11875
7 0.8583333333333333 0.0890625 0.06458333333333334 0.125
7 0.9286458333333333 0.081640625 0.06770833333333333 0.12734375
7 0.7182291666666667 0.29296875 0.053125 0.128125
7 0.7796875 0.28984375 0.059375 0.121875
7 0.8442708333333333 0.289453125 0.06354166666666666 0.12265625
7 0.9125 0.28515625 0.06666666666666667 0.1234375
7 0.9744791666666667 0.283203125 0.046875 0.12421875
7 0.7703125 0.4609375 0.06354166666666666 0.1171875
7 0.8364583333333333 0.462109375 0.06666666666666667 0.12109375
7 0.903125 0.46328125 0.06875 0.125
7 0.9682291666666667 0.461328125 0.057291666666666664 0.12734375
7 0.7760416666666666 0.614453125 0.05416666666666667 0.11484375
7 0.8359375 0.62109375 0.06354166666666666 0.115625
7 0.9640625 0.6296875 0.065625 0.1203125
