8 0.10666666666666667 0.16875 0.13166666666666665 0.23875
8 0.23083333333333333 0.1671875 0.13166666666666665 0.238125
8 0.355 0.1665625 0.13333333333333333 0.243125
8 0.4775 0.164375 0.13333333333333333 0.24375
8 0.6054166666666667 0.1653125 0.1375 0.245625
8 0.7295833333333334 0.1665625 0.13083333333333333 0.241875
8 0.8520833333333333 0.1665625 0.1275 0.241875
8 0.95375 0.165625 0.08916666666666667 0.24375
8 0.10125 0.494375 0.13083333333333333 0.2425
8 0.22375 0.494375 0.12916666666666668 0.23625
8 0.34708333333333335 0.4975 0.12416666666666666 0.23875
8 0.47208333333333335 0.495 0.1275 0.235
8 0.5929166666666666 0.496875 0.12583333333333332 0.2375
8 0.7095833333333333 0.4934375 0.13416666666666666 0.239375
8 0.83375 0.493125 0.1275 0.24
8 0.9433333333333334 0.4903125 0.11 0.239375
8 0.08958333333333333 0.80375 0.1325 0.25125
8 0.21416666666666667 0.803125 0.13333333333333333 0.24625
8 0.335 0.8025 0.14 0.245
8 0.4633333333333333 0.8021875 0.13333333333333333 0.245625
8 0.5875 0.799375 0.13 0.2425
8 0.7091666666666666 0.799375 0.13 0.2425
8 0.8325 0.7984375 0.13166666666666665 0.240625
8 0.9416666666666667 0.796875 0.11333333333333333 0.24375
