8 0.29791666666666666 0.2590625 0.12916666666666668 0.235625
8 0.4170833333333333 0.2590625 0.12083333333333333 0.238125
8 0.53375 0.2659375 0.12083333333333333 0.230625
8 0.6620833333333334 0.266875 0.12583333333333332 0.235
8 0.7829166666666667 0.2665625 0.12083333333333333 0.236875
8 0.90625 0.2696875 0.12916666666666668 0.236875
8 0.525 0.5703125 0.09666666666666666 0.195625
8 0.6245833333333334 0.57125 0.10083333333333333 0.19125
8 0.7245833333333334 0.575625 0.1075 0.1975
8 0.8283333333333334 0.5815625 0.105 0.201875
8 0.9341666666666667 0.5803125 0.11166666666666666 0.204375
8 0.1325 0.8325 0.11166666666666666 0.15875
8 0.22666666666666666 0.830625 0.10666666666666667 0.15625
8 0.31833333333333336 0.831875 0.1 0.16
8 0.4125 0.8353125 0.09 0.159375
8 0.505 0.839375 0.08833333333333333 0.16125
8 0.6029166666666667 0.839375 0.10083333333333333 0.16375
8 0.6979166666666666 0.844375 0.0925 0.16625
8 0.7945833333333333 0.846875 0.09916666666666667 0.165
8 0.88875 0.8475 0.09083333333333334 0.16375
8 0.9675 0.85 0.06 0.1575
