8 0.0425 0.0971875 0.08333333333333333 0.193125
8 0.13583333333333333 0.1 0.105 0.19625
8 0.2425 0.100625 0.105 0.1975
8 0.3466666666666667 0.100625 0.105 0.1975
8 0.45375 0.1009375 0.1025 0.201875
8 0.55875 0.10125 0.09916666666666667 0.20125
8 0.6641666666666667 0.1028125 0.105 0.201875
8 0.7720833333333333 0.1034375 0.10416666666666667 0.200625
8 0.88 0.1034375 0.10666666666666667 0.203125
8 0.46875 0.1303125 0.9325 0.259375
8 0.04833333333333333 0.36375 0.095 0.2075
8 0.14 0.3634375 0.11666666666666667 0.214375
8 0.245 0.3634375 0.11833333333333333 0.211875
8 0.35333333333333333 0.363125 0.11833333333333333 0.2175
8 0.45875 0.3646875 0.10083333333333333 0.214375
8 0.5625 0.3659375 0.10166666666666667 0.211875
8 0.66375 0.36625 0.10416666666666667 0.2125
8 0.7704166666666666 0.366875 0.10416666666666667 0.21375
8 0.8754166666666666 0.3684375 0.1025 0.213125
8 0.9654166666666667 0.3696875 0.06583333333333333 0.213125
8 0.05291666666666667 0.6275 0.10416666666666667 0.1975
8 0.14625 0.626875 0.10583333333333333 0.195
8 0.245 0.62625 0.10833333333333334 0.19875
8 0.345 0.6253125 0.09833333333333333 0.199375
8 0.4425 0.6278125 0.105 0.200625
8 0.5429166666666667 0.6275 0.10416666666666667 0.2
8 0.64375 0.626875 0.1025 0.2025
8 0.7441666666666666 0.626875 0.1 0.2025
8 0.8445833333333334 0.6259375 0.10416666666666667 0.200625
8 0.9433333333333334 0.625625 0.10333333333333333 0.20375
8 0.05458333333333333 0.9096875 0.1075 0.175625
8 0.15125 0.911875 0.1125 0.16875
8 0.25125 0.911875 0.10583333333333333 0.16875
8 0.345 0.9096875 0.10833333333333334 0.178125
8 0.44166666666666665 0.911875 0.09333333333333334 0.17375
8 0.53625 0.9134375 0.09583333333333334 0.168125
8 0.6345833333333334 0.911875 0.10083333333333333 0.17125
8 0.7316666666666667 0.911875 0.09333333333333334 0.17125
8 0.83 0.911875 0.09666666666666666 0.17375
8 0.93125 0.911875 0.10083333333333333 0.17375
