8 0.10083333333333333 0.825 0.135 0.26375
8 0.22708333333333333 0.8265625 0.13083333333333333 0.264375
8 0.3516666666666667 0.82875 0.13 0.26375
8 0.4775 0.83 0.13 0.26375
8 0.6025 0.8359375 0.13333333333333333 0.265625
8 0.7291666666666666 0.8346875 0.12666666666666668 0.263125
8 0.8525 0.8365625 0.12666666666666668 0.255625
8 0.95375 0.8365625 0.0825 0.255625
8 0.1175 0.49875 0.12166666666666667 0.25
8 0.24083333333333334 0.5034375 0.12833333333333333 0.251875
8 0.36291666666666667 0.503125 0.12416666666666666 0.25
8 0.4820833333333333 0.5065625 0.12083333333333333 0.246875
8 0.6025 0.5075 0.12333333333333334 0.25
8 0.7208333333333333 0.51125 0.12333333333333334 0.24875
8 0.84 0.513125 0.12333333333333334 0.2525
8 0.94625 0.51625 0.0925 0.25
8 0.05708333333333333 0.1928125 0.0825 0.238125
8 0.15166666666666667 0.19625 0.12333333333333334 0.24
8 0.27458333333333335 0.201875 0.11916666666666667 0.2375
8 0.3908333333333333 0.2078125 0.11333333333333333 0.235625
8 0.5054166666666666 0.2109375 0.11916666666666667 0.238125
8 0.6229166666666667 0.2140625 0.11916666666666667 0.235625
8 0.73625 0.2184375 0.11916666666666667 0.238125
8 0.8516666666666667 0.2203125 0.115 0.240625
8 0.9504166666666667 0.2265625 0.08916666666666667 0.238125
