7 0.04791666666666667 0.280859375 0.022916666666666665 0.06328125
7 0.06979166666666667 0.280078125 0.025 0.06484375
7 0.09166666666666666 0.280859375 0.022916666666666665 0.06328125
7 0.025 0.28125 0.025 0.0609375
7 0.11614583333333334 0.2796875 0.028125 0.065625
7 0.14166666666666666 0.279296875 0.027083333333333334 0.06640625
7 0.16770833333333332 0.27734375 0.027083333333333334 0.06875
7 0.19375 0.27734375 0.027083333333333334 0.06875
7 0.21822916666666667 0.2734375 0.036458333333333336 0.075
7 0.2520833333333333 0.27265625 0.03125 0.078125
7 0.06666666666666667 0.374609375 0.022916666666666665 0.06015625
7 0.08854166666666667 0.374609375 0.020833333333333332 0.06015625
7 0.10885416666666667 0.37578125 0.021875 0.0609375
7 0.134375 0.3765625 0.022916666666666665 0.0625
7 0.18072916666666666 0.37890625 0.028125 0.0625
7 0.20625 0.380078125 0.022916666666666665 0.06484375
7 0.22916666666666666 0.380859375 0.022916666666666665 0.06640625
7 0.2520833333333333 0.38125 0.025 0.0671875
7 0.39739583333333334 0.38828125 0.04479166666666667 0.0703125
7 0.46510416666666665 0.39375 0.051041666666666666 0.0703125
7 0.39427083333333335 0.276171875 0.04479166666666667 0.07109375
7 0.44166666666666665 0.27578125 0.04583333333333333 0.0703125
7 0.4890625 0.2734375 0.04895833333333333 0.0765625
7 0.5395833333333333 0.271484375 0.052083333333333336 0.07890625
7 0.5953125 0.272265625 0.05520833333333333 0.08046875
7 0.6572916666666667 0.27265625 0.0625 0.0796875
7 0.7182291666666667 0.27109375 0.06145833333333333 0.0828125
7 0.78125 0.26953125 0.06875 0.0859375
7 0.8526041666666667 0.269140625 0.07604166666666666 0.08828125
7 0.9296875 0.267578125 0.08229166666666667 0.08828125
7 0.528125 0.398046875 0.04791666666666667 0.07265625
7 0.5796875 0.40078125 0.051041666666666666 0.0734375
7 0.6244791666666667 0.40546875 0.046875 0.078125
7 0.671875 0.40625 0.058333333333333334 0.0796875
7 0.7291666666666666 0.4078125 0.06458333333333334 0.084375
7 0.7916666666666666 0.412890625 0.06666666666666667 0.08515625
7 0.859375 0.4171875 0.075 0.090625
7 0.9328125 0.42109375 0.06979166666666667 0.09375
