5 0.06041666666666667 0.196484375 0.06041666666666667 0.13828125
5 0.1171875 0.198046875 0.06145833333333333 0.13671875
5 0.1765625 0.198828125 0.053125 0.13203125
5 0.23541666666666666 0.2015625 0.052083333333333336 0.13125
5 0.29375 0.2015625 0.05416666666666667 0.13125
5 0.3541666666666667 0.20625 0.05416666666666667 0.1234375
5 0.4088541666666667 0.2078125 0.04895833333333333 0.121875
5 0.5239583333333333 0.200390625 0.05625 0.13828125
5 0.7 0.198046875 0.05625 0.14140625
5 0.8010416666666667 0.201171875 0.06041666666666667 0.13671875
5 0.8796875 0.20234375 0.06354166666666666 0.1390625
5 0.9557291666666666 0.201171875 0.059375 0.14140625
5 0.03229166666666667 0.372265625 0.041666666666666664 0.13203125
5 0.071875 0.3703125 0.04583333333333333 0.1359375
5 0.115625 0.373046875 0.04583333333333333 0.13203125
5 0.17395833333333333 0.373828125 0.03958333333333333 0.13359375
5 0.2125 0.373828125 0.03958333333333333 0.13515625
5 0.253125 0.37734375 0.04375 0.1265625
5 0.3390625 0.377734375 0.034375 0.13515625
5 0.37916666666666665 0.378125 0.04375 0.1359375
5 0.41822916666666665 0.37890625 0.03854166666666667 0.1328125
5 0.034375 0.52890625 0.052083333333333336 0.128125
5 0.1375 0.5359375 0.05 0.128125
5 0.20104166666666667 0.536328125 0.04583333333333333 0.12890625
5 0.24635416666666668 0.5359375 0.034375 0.125
5 0.2864583333333333 0.538671875 0.05 0.13046875
5 0.3645833333333333 0.540625 0.04791666666666667 0.125
5 0.4276041666666667 0.544921875 0.046875 0.13046875
5 0.9302083333333333 0.566015625 0.06666666666666667 0.13671875
5 0.07083333333333333 0.687890625 0.04583333333333333 0.12265625
5 0.14635416666666667 0.691015625 0.046875 0.12109375
5 0.22083333333333333 0.69296875 0.05 0.1171875
5 0.2635416666666667 0.6953125 0.03958333333333333 0.1140625
5 0.3463541666666667 0.7015625 0.046875 0.1234375
5 0.41041666666666665 0.703125 0.04583333333333333 0.1171875
5 0.4557291666666667 0.704296875 0.042708333333333334 0.11953125
5 0.03854166666666667 0.835546875 0.03958333333333333 0.10859375
5 0.07447916666666667 0.840234375 0.04479166666666667 0.11328125
5 0.11770833333333333 0.841796875 0.04791666666666667 0.11484375
5 0.1640625 0.84375 0.04895833333333333 0.1109375
5 0.21197916666666666 0.847265625 0.04479166666666667 0.11015625
5 0.28854166666666664 0.853125 0.04583333333333333 0.11875
5 0.3333333333333333 0.853515625 0.04583333333333333 0.10859375
6 0.49947916666666664 0.38203125 0.046875 0.1359375
6 0.5473958333333333 0.383984375 0.051041666666666666 0.13671875
6 0.5994791666666667 0.383203125 0.051041666666666666 0.14140625
6 0.653125 0.3859375 0.05 0.134375
6 0.7005208333333334 0.385546875 0.05520833333333333 0.13984375
6 0.7572916666666667 0.38671875 0.058333333333333334 0.140625
6 0.8109375 0.387109375 0.06354166666666666 0.14609375
6 0.8786458333333333 0.390234375 0.06145833333333333 0.14140625
6 0.4947916666666667 0.5515625 0.052083333333333336 0.1328125
6 0.5432291666666667 0.55078125 0.04895833333333333 0.128125
6 0.6046875 0.555078125 0.04895833333333333 0.13046875
6 0.6640625 0.555078125 0.053125 0.13359375
6 0.7244791666666667 0.55625 0.051041666666666666 0.13125
6 0.7854166666666667 0.5625 0.06041666666666667 0.1375
6 0.8546875 0.5640625 0.06145833333333333 0.1359375
6 0.4973958333333333 0.71484375 0.04895833333333333 0.1296875
6 0.54375 0.721484375 0.04583333333333333 0.13671875
6 0.6807291666666667 0.72578125 0.057291666666666664 0.134375
6 0.7390625 0.729296875 0.057291666666666664 0.13046875
6 0.8442708333333333 0.73515625 0.05520833333333333 0.13125
6 0.9036458333333334 0.737890625 0.053125 0.13359375
6 0.7932291666666667 0.719921875 0.04479166666666667 0.11484375
6 0.38645833333333335 0.85234375 0.041666666666666664 0.096875
6 0.4671875 0.858203125 0.036458333333333336 0.09921875
6 0.5192708333333333 0.862890625 0.028125 0.09453125
6 0.5541666666666667 0.87265625 0.04791666666666667 0.115625
6 0.6046875 0.876953125 0.051041666666666666 0.11484375
6 0.6546875 0.883203125 0.046875 0.11640625
6 0.7041666666666667 0.8859375 0.052083333333333336 0.1171875
6 0.7515625 0.889453125 0.046875 0.11796875
6 0.8026041666666667 0.8953125 0.05520833333333333 0.1203125
6 0.8505208333333333 0.898046875 0.053125 0.12265625
6 0.9489583333333333 0.90234375 0.05 0.1171875
