8 0.035416666666666666 0.0596875 0.06916666666666667 0.119375
8 0.09916666666666667 0.0590625 0.07833333333333334 0.118125
8 0.17166666666666666 0.060625 0.07833333333333334 0.12
8 0.24541666666666667 0.0609375 0.07916666666666666 0.120625
8 0.31875 0.0625 0.07583333333333334 0.125
8 0.39708333333333334 0.0615625 0.08583333333333333 0.121875
8 0.5320833333333334 0.0640625 0.10416666666666667 0.128125
8 0.6279166666666667 0.065625 0.09083333333333334 0.13
8 0.7641666666666667 0.0646875 0.10833333333333334 0.129375
8 0.8729166666666667 0.0659375 0.09583333333333334 0.130625
8 0.9716666666666667 0.0678125 0.05 0.126875
8 0.051666666666666666 0.335 0.095 0.19625
8 0.14083333333333334 0.33625 0.115 0.19625
8 0.24208333333333334 0.334375 0.1125 0.2
8 0.3441666666666667 0.335625 0.10666666666666667 0.1975
8 0.4425 0.3365625 0.09833333333333333 0.195625
8 0.5383333333333333 0.3365625 0.09666666666666666 0.195625
8 0.6375 0.3365625 0.09833333333333333 0.195625
8 0.73375 0.3371875 0.10083333333333333 0.191875
8 0.83375 0.3371875 0.1025 0.189375
8 0.0575 0.615625 0.105 0.18625
8 0.15166666666666667 0.6159375 0.1 0.184375
8 0.24541666666666667 0.6159375 0.09916666666666667 0.186875
8 0.33875 0.614375 0.0975 0.18625
8 0.43333333333333335 0.61625 0.09833333333333333 0.18625
8 0.53125 0.6103125 0.09416666666666666 0.190625
8 0.6241666666666666 0.610625 0.09333333333333334 0.185
8 0.7145833333333333 0.6125 0.0925 0.17875
8 0.8066666666666666 0.6128125 0.095 0.176875
8 0.9025 0.613125 0.09166666666666666 0.18
8 0.975 0.6125 0.04666666666666667 0.18
8 0.05125 0.87125 0.10083333333333333 0.185
8 0.14291666666666666 0.874375 0.10083333333333333 0.1725
8 0.23375 0.8753125 0.10083333333333333 0.169375
8 0.32375 0.8765625 0.0975 0.174375
8 0.4166666666666667 0.871875 0.095 0.17125
8 0.5041666666666667 0.87 0.09666666666666666 0.17375
8 0.5970833333333333 0.86875 0.08916666666666667 0.1725
8 0.6875 0.869375 0.09 0.17375
8 0.7775 0.8678125 0.09 0.170625
