8 0.15291666666666667 0.1034375 0.09083333333333334 0.180625
8 0.23583333333333334 0.105625 0.08666666666666667 0.18375
8 0.32 0.1096875 0.08333333333333333 0.180625
8 0.4008333333333333 0.114375 0.08166666666666667 0.1825
8 0.48125 0.1159375 0.0825 0.180625
8 0.5620833333333334 0.1225 0.0825 0.17875
8 0.6454166666666666 0.1259375 0.08583333333333333 0.176875
8 0.7266666666666667 0.1284375 0.08 0.173125
8 0.80375 0.13 0.0775 0.17
8 0.8808333333333334 0.1321875 0.085 0.169375
8 0.9558333333333333 0.1371875 0.08333333333333333 0.170625
8 0.16458333333333333 0.3496875 0.060833333333333336 0.145625
8 0.23166666666666666 0.355 0.08333333333333333 0.16125
8 0.30875 0.3565625 0.08083333333333333 0.160625
8 0.38666666666666666 0.3571875 0.07833333333333334 0.161875
8 0.46291666666666664 0.359375 0.07416666666666667 0.1625
8 0.54 0.36375 0.07666666666666666 0.15625
8 0.6166666666666667 0.3671875 0.07833333333333334 0.153125
8 0.6920833333333334 0.3671875 0.07583333333333334 0.154375
8 0.7554166666666666 0.364375 0.059166666666666666 0.15125
8 0.8391666666666666 0.3709375 0.08666666666666667 0.146875
8 0.9145833333333333 0.37125 0.0775 0.14875
8 0.9720833333333333 0.3728125 0.05416666666666667 0.148125
8 0.16666666666666666 0.5371875 0.07333333333333333 0.138125
8 0.24 0.54 0.08 0.13875
8 0.31375 0.5396875 0.0775 0.136875
8 0.38708333333333333 0.54375 0.0725 0.1375
8 0.45875 0.541875 0.06916666666666667 0.13625
8 0.5279166666666667 0.54375 0.0675 0.135
8 0.59875 0.548125 0.07083333333333333 0.13125
8 0.6679166666666667 0.5475 0.0775 0.135
8 0.74125 0.5478125 0.0775 0.134375
8 0.8129166666666666 0.550625 0.07416666666666667 0.13375
8 0.8816666666666667 0.5546875 0.08833333333333333 0.131875
8 0.08583333333333333 0.8796875 0.075 0.124375
8 0.16208333333333333 0.8771875 0.0825 0.119375
8 0.23541666666666666 0.876875 0.0775 0.11875
8 0.31083333333333335 0.87875 0.075 0.1175
8 0.38083333333333336 0.879375 0.075 0.1175
8 0.45208333333333334 0.8790625 0.0675 0.118125
8 0.52125 0.88125 0.07083333333333333 0.1225
8 0.5958333333333333 0.8834375 0.07833333333333334 0.109375
8 0.6679166666666667 0.881875 0.0825 0.10875
8 0.7370833333333333 0.880625 0.07916666666666666 0.115
8 0.8079166666666666 0.88125 0.0825 0.11375
8 0.88125 0.8834375 0.07916666666666666 0.118125
8 0.9495833333333333 0.8828125 0.0875 0.114375
8 0.025416666666666667 0.8703125 0.050833333333333335 0.131875
