7 0.18916666666666668 0.1184375 0.075 0.173125
7 0.11625 0.1196875 0.07916666666666666 0.165625
7 0.35833333333333334 0.1396875 0.055 0.135625
7 0.42583333333333334 0.12 0.08666666666666667 0.1725
7 0.50875 0.1246875 0.07916666666666666 0.164375
7 0.5920833333333333 0.128125 0.08416666666666667 0.15875
7 0.6770833333333334 0.12625 0.0925 0.16625
7 0.76875 0.1196875 0.10583333333333333 0.181875
7 0.86875 0.1228125 0.09416666666666666 0.181875
7 0.9566666666666667 0.125 0.08166666666666667 0.17875
7 0.10708333333333334 0.3534375 0.07583333333333334 0.164375
7 0.175 0.3575 0.07 0.1625
7 0.24875 0.3590625 0.08083333333333333 0.169375
7 0.32625 0.3584375 0.07916666666666666 0.175625
7 0.48291666666666666 0.3671875 0.08083333333333333 0.174375
7 0.39916666666666667 0.364375 0.07333333333333333 0.17125
7 0.5683333333333334 0.37 0.09 0.175
7 0.65875 0.3765625 0.08916666666666667 0.175625
7 0.7491666666666666 0.3859375 0.08833333333333333 0.158125
7 0.84375 0.3790625 0.0975 0.181875
7 0.9420833333333334 0.383125 0.09583333333333334 0.1825
7 0.13375 0.569375 0.07416666666666667 0.1575
7 0.20333333333333334 0.5771875 0.08333333333333333 0.166875
7 0.29041666666666666 0.5834375 0.0875 0.171875
7 0.38208333333333333 0.59 0.0825 0.17875
7 0.55125 0.6046875 0.08916666666666667 0.176875
7 0.6383333333333333 0.6096875 0.08833333333333333 0.179375
7 0.7320833333333333 0.6184375 0.09583333333333334 0.180625
7 0.46458333333333335 0.5934375 0.0925 0.184375
7 0.9145833333333333 0.6315625 0.10083333333333333 0.189375
7 0.29875 0.8025 0.0925 0.19125
7 0.41625 0.816875 0.10083333333333333 0.19625
7 0.5458333333333333 0.8178125 0.08166666666666667 0.175625
7 0.6866666666666666 0.8528125 0.09333333333333334 0.210625
7 0.92125 0.8659375 0.10416666666666667 0.208125
