2 0.14417989417989419 0.25471230158730157 0.14285714285714285 0.3368055555555556
2 0.2880291005291005 0.2564484126984127 0.14616402116402116 0.34077380952380953
2 0.4279100529100529 0.2663690476190476 0.12367724867724868 0.32688492063492064
2 0.560515873015873 0.26512896825396826 0.13161375661375663 0.33382936507936506
2 0.6954365079365079 0.2710813492063492 0.13756613756613756 0.32936507936507936
2 0.8343253968253969 0.27380952380952384 0.15013227513227514 0.3318452380952381
2 0.9452711640211641 0.2771577380952381 0.0916005291005291 0.32514880952380953
2 0.04662698412698413 0.6687748015873016 0.0873015873015873 0.37028769841269843
2 0.16435185185185186 0.7105654761904762 0.13822751322751323 0.3740079365079365
2 0.31316137566137564 0.7135416666666666 0.1335978835978836 0.37549603174603174
2 0.4583333333333333 0.7132936507936508 0.12962962962962962 0.37103174603174605
2 0.5907738095238095 0.7130456349206349 0.13657407407407407 0.36160714285714285
2 0.7283399470899471 0.7161458333333334 0.1431878306878307 0.36731150793650796
2 0.8702050264550265 0.7182539682539683 0.15046296296296297 0.3685515873015873
2 0.964781746031746 0.7193700396825397 0.06448412698412699 0.3678075396825397
