8 0.12708333333333333 0.873125 0.12916666666666668 0.25125
8 0.5845833333333333 0.8475 0.13083333333333333 0.245
8 0.06041666666666667 0.525 0.11916666666666667 0.25125
8 0.18041666666666667 0.5240625 0.1325 0.255625
8 0.30791666666666667 0.520625 0.13083333333333333 0.25125
8 0.43375 0.519375 0.1275 0.245
8 0.55375 0.5171875 0.12416666666666666 0.240625
8 0.67375 0.518125 0.12416666666666666 0.2425
8 0.7929166666666667 0.5140625 0.12916666666666668 0.240625
8 0.9108333333333334 0.5134375 0.11833333333333333 0.233125
8 0.0575 0.1475 0.11 0.25125
8 0.17166666666666666 0.14625 0.14833333333333334 0.25625
8 0.43 0.1459375 0.13166666666666665 0.256875
8 0.5566666666666666 0.1478125 0.13 0.259375
8 0.6766666666666666 0.1534375 0.125 0.245625
8 0.7983333333333333 0.1565625 0.125 0.248125
8 0.9104166666666667 0.16 0.1175 0.24375
