1 0.1671875 0.095703125 0.13020833333333334 0.18515625
1 0.29270833333333335 0.1015625 0.125 0.19375
1 0.6005208333333333 0.114453125 0.11979166666666667 0.19921875
1 0.6953125 0.12578125 0.08229166666666667 0.178125
1 0.7697916666666667 0.139453125 0.07916666666666666 0.16015625
1 0.044270833333333336 0.320703125 0.06770833333333333 0.14921875
1 0.11510416666666666 0.323046875 0.08645833333333333 0.15390625
1 0.1953125 0.316796875 0.078125 0.16640625
1 0.2713541666666667 0.31640625 0.08020833333333334 0.1671875
1 0.346875 0.316796875 0.075 0.16953125
1 0.4166666666666667 0.3234375 0.07083333333333333 0.153125
1 0.48125 0.33046875 0.06458333333333334 0.1421875
1 0.5447916666666667 0.330859375 0.06458333333333334 0.14296875
1 0.6083333333333333 0.328515625 0.06875 0.14765625
1 0.6791666666666667 0.329296875 0.06875 0.14921875
1 0.7432291666666667 0.333203125 0.06145833333333333 0.13671875
1 0.8291666666666667 0.3328125 0.07083333333333333 0.1421875
1 0.7416666666666667 0.51640625 0.06875 0.1359375
1 0.8072916666666666 0.510546875 0.0625 0.13671875
1 0.6651041666666667 0.512890625 0.08854166666666667 0.14296875
1 0.5770833333333333 0.5171875 0.09583333333333334 0.1484375
1 0.4901041666666667 0.516796875 0.09895833333333333 0.15078125
1 0.36875 0.516015625 0.12291666666666666 0.16171875
1 0.059375 0.52421875 0.1125 0.15625
1 0.06666666666666667 0.722265625 0.09166666666666666 0.14765625
1 0.159375 0.68828125 0.07708333333333334 0.11875
1 0.2484375 0.701171875 0.078125 0.13203125
1 0.384375 0.68828125 0.09166666666666666 0.13125
1 0.49270833333333336 0.6859375 0.0875 0.1375
1 0.1 0.677734375 0.08541666666666667 0.13515625
1 0.7432291666666667 0.655859375 0.08229166666666667 0.10859375
1 0.665625 0.659375 0.07083333333333333 0.1078125
1 0.7703125 0.848046875 0.121875 0.16953125
1 0.6317708333333333 0.84765625 0.12395833333333334 0.153125
1 0.503125 0.863671875 0.13333333333333333 0.15859375
1 0.3489583333333333 0.871875 0.1375 0.1578125
1 0.16145833333333334 0.889453125 0.15208333333333332 0.16953125
