4 0.05654761904761905 0.2847222222222222 0.11044973544973545 0.23115079365079366
4 0.1703042328042328 0.2883184523809524 0.12764550264550265 0.2269345238095238
4 0.2984457671957672 0.28720238095238093 0.1345899470899471 0.22916666666666666
4 0.4548611111111111 0.3294890873015873 0.09027777777777778 0.15104166666666666
4 0.5765542328042328 0.12450396825396826 0.10284391534391535 0.19146825396825398
4 0.5785383597883598 0.3141121031746032 0.09623015873015874 0.18229166666666666
4 0.6769179894179894 0.30952380952380953 0.10185185185185185 0.18998015873015872
4 0.781415343915344 0.3081597222222222 0.10515873015873016 0.18824404761904762
4 0.6765873015873016 0.11507936507936507 0.10383597883597884 0.1939484126984127
4 0.7809193121693122 0.11793154761904762 0.10482804232804233 0.1892361111111111
4 0.8832671957671958 0.11879960317460317 0.09788359788359788 0.1949404761904762
4 0.8821097883597884 0.3090277777777778 0.09821428571428571 0.18799603174603174
4 0.9619708994708994 0.3062996031746032 0.06018518518518518 0.1909722222222222
4 0.9616402116402116 0.11284722222222222 0.05952380952380952 0.18948412698412698
4 0.919973544973545 0.8485863095238095 0.12037037037037036 0.25967261904761907
4 0.8063822751322751 0.8529265873015873 0.12334656084656084 0.25396825396825395
4 0.6903108465608465 0.8534226190476191 0.12003968253968254 0.2569444444444444
4 0.5692791005291006 0.8549107142857143 0.11474867724867725 0.24801587301587302
4 0.9178240740740741 0.6032986111111112 0.11673280423280423 0.24231150793650794
4 0.8034060846560847 0.6030505952380952 0.1207010582010582 0.2418154761904762
4 0.6827050264550265 0.6030505952380952 0.1259920634920635 0.24280753968253968
4 0.5639880952380952 0.6015625 0.12334656084656084 0.24479166666666666
4 0.4546957671957672 0.8561507936507936 0.1164021164021164 0.23313492063492064
4 0.3386243386243386 0.8516865079365079 0.11243386243386243 0.23115079365079366
4 0.2134589947089947 0.8473462301587301 0.11673280423280423 0.2269345238095238
4 0.09507275132275132 0.849578373015873 0.11607142857142858 0.2279265873015873
