8 0.07416666666666667 0.15125 0.11666666666666667 0.2525
8 0.195 0.14875 0.11833333333333333 0.2525
8 0.31583333333333335 0.1484375 0.12333333333333334 0.253125
8 0.06458333333333334 0.465625 0.1275 0.25375
8 0.18833333333333332 0.4646875 0.12833333333333333 0.258125
8 0.3129166666666667 0.46375 0.1225 0.2525
8 0.9404166666666667 0.1425 0.1125 0.25
8 0.8195833333333333 0.1478125 0.12583333333333332 0.241875
8 0.6929166666666666 0.1484375 0.1275 0.249375
8 0.57375 0.1525 0.12583333333333332 0.24375
8 0.5545833333333333 0.46625 0.12583333333333332 0.2375
8 0.6791666666666667 0.4634375 0.12333333333333334 0.240625
8 0.8058333333333333 0.465625 0.13 0.23625
8 0.9283333333333333 0.4634375 0.13 0.240625
8 0.67375 0.8415625 0.12416666666666666 0.248125
8 0.7958333333333333 0.8353125 0.135 0.256875
8 0.9241666666666667 0.830625 0.13666666666666666 0.25875
8 0.5370833333333334 0.78125 0.12583333333333332 0.22875
8 0.06833333333333333 0.78125 0.135 0.2475
8 0.19291666666666665 0.779375 0.12916666666666668 0.25125
8 0.3358333333333333 0.7565625 0.11 0.214375
