7 0.05291666666666667 0.1290625 0.08916666666666667 0.171875
7 0.14291666666666666 0.1271875 0.09083333333333334 0.178125
7 0.235 0.125625 0.095 0.17625
7 0.07 0.375 0.08333333333333333 0.17
7 0.15166666666666667 0.3734375 0.08333333333333333 0.180625
7 0.2425 0.37125 0.095 0.18125
7 0.035833333333333335 0.6134375 0.06666666666666667 0.171875
7 0.10708333333333334 0.6128125 0.07416666666666667 0.178125
7 0.18125 0.6146875 0.0725 0.178125
7 0.2658333333333333 0.6190625 0.08666666666666667 0.184375
7 0.03 0.8465625 0.05333333333333334 0.179375
7 0.1025 0.8440625 0.08666666666666667 0.173125
7 0.24875 0.8575 0.12416666666666666 0.19
7 0.5583333333333333 0.1253125 0.08333333333333333 0.176875
7 0.65125 0.12625 0.0925 0.175
7 0.7429166666666667 0.12375 0.09083333333333334 0.17875
7 0.5491666666666667 0.37125 0.09166666666666666 0.1925
7 0.64125 0.3725 0.0975 0.19
7 0.73625 0.37375 0.09916666666666667 0.18375
7 0.8379166666666666 0.374375 0.0975 0.18625
7 0.5416666666666666 0.6234375 0.09666666666666666 0.196875
7 0.6341666666666667 0.6228125 0.095 0.198125
7 0.73625 0.62875 0.1075 0.2025
7 0.8404166666666667 0.6284375 0.1025 0.194375
7 0.9175 0.625 0.08 0.1825
7 0.9283333333333333 0.375625 0.09833333333333333 0.1825
7 0.8504166666666667 0.1284375 0.0975 0.175625
7 0.94375 0.12625 0.09916666666666667 0.17
7 0.54125 0.8409375 0.0775 0.146875
7 0.6216666666666667 0.8409375 0.08166666666666667 0.149375
7 0.7029166666666666 0.8428125 0.08416666666666667 0.150625
7 0.8308333333333333 0.8678125 0.06833333333333333 0.171875
7 0.90875 0.866875 0.09083333333333334 0.17875
7 0.975 0.8684375 0.04833333333333333 0.174375
