8 0.03916666666666667 0.166875 0.07833333333333334 0.26
8 0.1425 0.1671875 0.13666666666666666 0.264375
8 0.2683333333333333 0.1653125 0.13666666666666666 0.271875
8 0.40041666666666664 0.16625 0.1375 0.27
8 0.52875 0.164375 0.1275 0.2725
8 0.65625 0.1615625 0.1325 0.273125
8 0.7895833333333333 0.1671875 0.13083333333333333 0.275625
8 0.925 0.1640625 0.13166666666666665 0.274375
8 0.08166666666666667 0.80125 0.16166666666666665 0.2875
8 0.22791666666666666 0.8075 0.1575 0.2875
8 0.37916666666666665 0.8071875 0.145 0.290625
8 0.5245833333333333 0.809375 0.1425 0.2975
8 0.67375 0.814375 0.1475 0.29875
8 0.8475 0.823125 0.15833333333333333 0.29625
8 0.9541666666666667 0.8253125 0.08833333333333333 0.285625
