8 0.10041666666666667 0.2246875 0.09916666666666667 0.181875
8 0.19 0.223125 0.07333333333333333 0.18375
8 0.28291666666666665 0.2015625 0.11916666666666667 0.233125
8 0.4075 0.203125 0.12166666666666667 0.23625
8 0.5254166666666666 0.2015625 0.12916666666666668 0.236875
8 0.6483333333333333 0.2028125 0.12333333333333334 0.236875
8 0.7666666666666667 0.2021875 0.12833333333333333 0.235625
8 0.8845833333333334 0.20125 0.12083333333333333 0.23375
8 0.9695833333333334 0.203125 0.05416666666666667 0.22875
8 0.04625 0.4975 0.09083333333333334 0.2425
8 0.15041666666666667 0.4975 0.1175 0.245
8 0.26916666666666667 0.5 0.11666666666666667 0.24375
8 0.38958333333333334 0.50125 0.1125 0.24625
8 0.5058333333333334 0.503125 0.12 0.245
8 0.6254166666666666 0.5084375 0.13083333333333333 0.240625
8 0.7516666666666667 0.50625 0.13 0.25125
8 0.8745833333333334 0.5084375 0.1275 0.251875
8 0.9683333333333334 0.5084375 0.06 0.249375
8 0.03791666666666667 0.8240625 0.07083333333333333 0.255625
8 0.13125 0.825625 0.12083333333333333 0.25875
8 0.25625 0.82875 0.12916666666666668 0.25875
8 0.3804166666666667 0.830625 0.12583333333333332 0.26
8 0.5041666666666667 0.8309375 0.13 0.259375
8 0.6325 0.83375 0.13333333333333333 0.2625
8 0.765 0.836875 0.14 0.27
8 0.89875 0.8371875 0.13416666666666666 0.266875
