0 0.065625 0.14375 0.07083333333333333 0.1515625
0 0.16770833333333332 0.1515625 0.06041666666666667 0.128125
0 0.22604166666666667 0.14296875 0.07083333333333333 0.1453125
0 0.3416666666666667 0.137890625 0.08333333333333333 0.15078125
0 0.46770833333333334 0.140625 0.075 0.1453125
0 0.5489583333333333 0.128125 0.09375 0.1609375
0 0.6354166666666666 0.126171875 0.09583333333333334 0.16640625
0 0.7286458333333333 0.126171875 0.08854166666666667 0.16328125
0 0.81875 0.127734375 0.0875 0.16796875
0 0.43697916666666664 0.304296875 0.07604166666666666 0.12890625
0 0.5041666666666667 0.2984375 0.06666666666666667 0.1328125
0 0.5880208333333333 0.299609375 0.06770833333333333 0.13515625
0 0.659375 0.3 0.07916666666666666 0.1328125
0 0.7505208333333333 0.30078125 0.09479166666666666 0.1359375
0 0.8421875 0.300390625 0.084375 0.13828125
0 0.515625 0.446484375 0.07291666666666667 0.11484375
0 0.5755208333333334 0.447265625 0.06145833333333333 0.12578125
0 0.6671875 0.450390625 0.06770833333333333 0.13046875
0 0.7411458333333333 0.45078125 0.078125 0.125
0 0.8302083333333333 0.455859375 0.0875 0.13359375
0 0.9223958333333333 0.130078125 0.09895833333333333 0.16640625
0 0.9270833333333334 0.304296875 0.075 0.13671875
0 0.9098958333333333 0.459375 0.084375 0.140625
0 0.06041666666666667 0.3 0.07083333333333333 0.121875
0 0.12552083333333333 0.296875 0.051041666666666666 0.1265625
0 0.17864583333333334 0.301171875 0.06354166666666666 0.12578125
0 0.240625 0.299609375 0.07083333333333333 0.12265625
0 0.30520833333333336 0.29921875 0.06875 0.1265625
0 0.371875 0.3015625 0.06458333333333334 0.1265625
0 0.049479166666666664 0.437109375 0.06979166666666667 0.11796875
0 0.109375 0.435546875 0.06041666666666667 0.11328125
0 0.16510416666666666 0.4375 0.06770833333333333 0.115625
0 0.22135416666666666 0.439453125 0.06354166666666666 0.12109375
0 0.28489583333333335 0.44375 0.065625 0.125
0 0.3390625 0.442578125 0.051041666666666666 0.12265625
0 0.3963541666666667 0.45234375 0.096875 0.1125
0 0.05520833333333333 0.55546875 0.04791666666666667 0.0875
0 0.115625 0.558203125 0.04583333333333333 0.08671875
0 0.1625 0.562890625 0.04583333333333333 0.09765625
0 0.2 0.564453125 0.041666666666666664 0.07890625
0 0.25104166666666666 0.565234375 0.06666666666666667 0.10859375
0 0.3229166666666667 0.5734375 0.06875 0.1
0 0.3734375 0.574609375 0.07395833333333333 0.09921875
0 0.43697916666666664 0.575390625 0.065625 0.10234375
0 0.4942708333333333 0.5796875 0.078125 0.103125
0 0.5578125 0.57890625 0.06979166666666667 0.103125
0 0.024479166666666666 0.67265625 0.04895833333333333 0.109375
0 0.07916666666666666 0.674609375 0.06875 0.11015625
0 0.14166666666666666 0.679296875 0.07083333333333333 0.10859375
0 0.20572916666666666 0.684375 0.06979166666666667 0.1125
0 0.2677083333333333 0.687109375 0.06458333333333334 0.11328125
0 0.3333333333333333 0.69296875 0.06875 0.1125
0 0.4010416666666667 0.698046875 0.06875 0.11640625
0 0.4708333333333333 0.6984375 0.06666666666666667 0.1203125
0 0.5395833333333333 0.70859375 0.07291666666666667 0.1203125
0 0.04375 0.82890625 0.08541666666666667 0.1734375
0 0.12604166666666666 0.835546875 0.08958333333333333 0.17578125
0 0.2140625 0.84765625 0.09479166666666666 0.1796875
0 0.3046875 0.851171875 0.096875 0.18203125
0 0.39114583333333336 0.861328125 0.09479166666666666 0.18984375
0 0.484375 0.869140625 0.09791666666666667 0.18515625
0 0.6786458333333333 0.910546875 0.11770833333333333 0.15546875
0 0.8078125 0.918359375 0.128125 0.15546875
0 0.9380208333333333 0.9265625 0.11354166666666667 0.14375
0 0.8375 0.59453125 0.08333333333333333 0.1109375
0 0.9145833333333333 0.6015625 0.06041666666666667 0.10625
0 0.9703125 0.603125 0.042708333333333334 0.109375
0 0.6114583333333333 0.71328125 0.06041666666666667 0.1125
0 0.6697916666666667 0.717578125 0.0625 0.12734375
0 0.7348958333333333 0.723828125 0.06770833333333333 0.12890625
0 0.7994791666666666 0.726953125 0.071875 0.12421875
0 0.8614583333333333 0.73125 0.07083333333333333 0.125
0 0.9307291666666667 0.7390625 0.071875 0.1234375
