8 0.045 0.1384375 0.08833333333333333 0.214375
8 0.13791666666666666 0.14 0.09583333333333334 0.215
8 0.23458333333333334 0.1425 0.0975 0.20875
8 0.3283333333333333 0.1453125 0.09 0.200625
8 0.42875 0.13 0.09416666666666666 0.2075
8 0.5241666666666667 0.12875 0.095 0.205
8 0.6195833333333334 0.1296875 0.0975 0.209375
8 0.7183333333333334 0.1296875 0.09666666666666666 0.211875
8 0.8195833333333333 0.1296875 0.09083333333333334 0.214375
8 0.9179166666666667 0.131875 0.1025 0.2075
8 0.043333333333333335 0.3871875 0.08166666666666667 0.199375
8 0.13125 0.3878125 0.09916666666666667 0.196875
8 0.22666666666666666 0.389375 0.1 0.195
8 0.32166666666666666 0.390625 0.09 0.2
8 0.0425 0.631875 0.08333333333333333 0.18625
8 0.12875 0.633125 0.1025 0.18875
8 0.22166666666666668 0.6340625 0.095 0.186875
8 0.3204166666666667 0.6346875 0.09916666666666667 0.188125
8 0.5191666666666667 0.3953125 0.09333333333333334 0.194375
8 0.615 0.3940625 0.095 0.194375
8 0.7116666666666667 0.398125 0.095 0.19375
8 0.805 0.396875 0.1 0.2
8 0.04583333333333333 0.859375 0.08666666666666667 0.17125
8 0.13083333333333333 0.8596875 0.09833333333333333 0.176875
8 0.22333333333333333 0.8596875 0.09666666666666666 0.176875
8 0.32916666666666666 0.8415625 0.085 0.138125
8 0.4775 0.8559375 0.095 0.149375
8 0.5745833333333333 0.8996875 0.08916666666666667 0.181875
8 0.6658333333333334 0.9046875 0.09333333333333334 0.174375
8 0.76 0.9096875 0.08666666666666667 0.173125
8 0.84875 0.9090625 0.0825 0.171875
8 0.9425 0.9125 0.085 0.1675
8 0.4975 0.63 0.08666666666666667 0.18
8 0.59125 0.631875 0.0975 0.18
8 0.6883333333333334 0.634375 0.09333333333333334 0.1825
8 0.7775 0.6340625 0.095 0.183125
8 0.8704166666666666 0.6365625 0.09416666666666666 0.180625
8 0.9583333333333334 0.63625 0.08 0.18375
8 0.96875 0.4015625 0.05583333333333333 0.186875
