9 0.10708333333333334 0.1315625 0.16416666666666666 0.169375
9 0.28583333333333333 0.123125 0.185 0.19375
9 0.46541666666666665 0.1309375 0.17083333333333334 0.179375
9 0.6266666666666667 0.1646875 0.15333333333333332 0.118125
9 0.8283333333333334 0.1290625 0.175 0.191875
9 0.8375 0.551875 0.17166666666666666 0.0775
9 0.8408333333333333 0.4721875 0.17666666666666667 0.080625
9 0.8383333333333334 0.3934375 0.175 0.074375
9 0.8425 0.313125 0.17166666666666666 0.07875
9 0.95375 0.1271875 0.07416666666666667 0.189375
9 0.6558333333333334 0.479375 0.17 0.0775
9 0.6575 0.4103125 0.17333333333333334 0.069375
9 0.6654166666666667 0.3371875 0.1675 0.074375
9 0.48083333333333333 0.3378125 0.16 0.076875
9 0.4816666666666667 0.4140625 0.16666666666666666 0.071875
9 0.47791666666666666 0.4834375 0.1725 0.071875
9 0.47625 0.5534375 0.17583333333333334 0.074375
9 0.6583333333333333 0.5559375 0.17 0.075625
9 0.2966666666666667 0.5503125 0.175 0.074375
9 0.2970833333333333 0.4765625 0.17583333333333334 0.073125
9 0.30041666666666667 0.4015625 0.17916666666666667 0.075625
9 0.305 0.331875 0.17666666666666667 0.0725
9 0.11625 0.329375 0.17583333333333334 0.08375
9 0.10708333333333334 0.4121875 0.16916666666666666 0.069375
9 0.11583333333333333 0.4821875 0.165 0.068125
9 0.10708333333333334 0.549375 0.1725 0.07625
9 0.11041666666666666 0.923125 0.16916666666666666 0.0775
9 0.11583333333333333 0.844375 0.17 0.07875
9 0.12083333333333333 0.764375 0.16166666666666665 0.0775
9 0.13541666666666666 0.6865625 0.16916666666666666 0.073125
9 0.31583333333333335 0.6975 0.16333333333333333 0.075
9 0.3120833333333333 0.7715625 0.1675 0.069375
9 0.30125 0.849375 0.15916666666666668 0.07875
9 0.30666666666666664 0.925 0.17166666666666666 0.07625
9 0.48583333333333334 0.925 0.17333333333333334 0.07625
9 0.4920833333333333 0.84875 0.17416666666666666 0.07875
9 0.49875 0.7696875 0.16583333333333333 0.078125
9 0.4995833333333333 0.69125 0.17083333333333334 0.07375
9 0.6666666666666666 0.9228125 0.16833333333333333 0.070625
9 0.67 0.8490625 0.17 0.075625
9 0.6783333333333333 0.7775 0.17 0.07625
9 0.6825 0.700625 0.17333333333333334 0.09125
9 0.8633333333333333 0.6853125 0.17 0.074375
9 0.8583333333333333 0.7628125 0.17166666666666666 0.079375
9 0.8575 0.84375 0.16666666666666666 0.08125
9 0.8554166666666667 0.92 0.1625 0.07625
