7 0.28208333333333335 0.0865625 0.1125 0.151875
7 0.06041666666666667 0.08875 0.10916666666666666 0.14625
7 0.17083333333333334 0.0871875 0.11 0.148125
7 0.3975 0.0871875 0.11666666666666667 0.155625
7 0.5125 0.089375 0.11333333333333333 0.15
7 0.6195833333333334 0.0903125 0.11083333333333334 0.148125
7 0.7325 0.091875 0.11333333333333333 0.1475
7 0.8420833333333333 0.0915625 0.1125 0.145625
7 0.9458333333333333 0.0903125 0.1 0.150625
7 0.05583333333333333 0.3590625 0.11166666666666666 0.154375
7 0.16791666666666666 0.3546875 0.11416666666666667 0.155625
7 0.2808333333333333 0.3559375 0.11333333333333333 0.158125
7 0.3925 0.3603125 0.10833333333333334 0.151875
7 0.50125 0.3596875 0.10916666666666666 0.149375
7 0.615 0.360625 0.115 0.15125
7 0.7316666666666667 0.36 0.115 0.15125
7 0.8458333333333333 0.3625 0.115 0.15125
7 0.95 0.3609375 0.09333333333333334 0.151875
7 0.059166666666666666 0.6209375 0.10666666666666667 0.160625
7 0.1675 0.6196875 0.10833333333333334 0.158125
7 0.275 0.6203125 0.115 0.156875
7 0.38958333333333334 0.625625 0.10916666666666666 0.15
7 0.5 0.6246875 0.115 0.153125
7 0.6129166666666667 0.625 0.1125 0.15
7 0.7225 0.6265625 0.11666666666666667 0.153125
7 0.8379166666666666 0.629375 0.1175 0.1525
7 0.9458333333333333 0.6265625 0.1 0.151875
7 0.052083333333333336 0.880625 0.0925 0.15625
7 0.15541666666666668 0.880625 0.1075 0.15875
7 0.2679166666666667 0.878125 0.10916666666666666 0.165
7 0.37625 0.885 0.10916666666666666 0.1525
7 0.48875 0.8834375 0.1075 0.155625
7 0.5983333333333334 0.885 0.10833333333333334 0.15625
7 0.7066666666666667 0.8884375 0.11666666666666667 0.153125
7 0.81875 0.8903125 0.11083333333333334 0.151875
7 0.93125 0.889375 0.11583333333333333 0.15375
