4 0.06630291005291006 0.1117311507936508 0.10152116402116403 0.21254960317460317
4 0.16782407407407407 0.1080109126984127 0.11607142857142858 0.21254960317460317
4 0.2804232804232804 0.10788690476190477 0.11044973544973545 0.2113095238095238
4 0.06812169312169312 0.32254464285714285 0.10449735449735449 0.20114087301587302
4 0.16997354497354497 0.3167162698412698 0.11706349206349206 0.20982142857142858
4 0.28091931216931215 0.31808035714285715 0.11144179894179894 0.20808531746031747
4 0.38855820105820105 0.3148561507936508 0.10714285714285714 0.2140376984126984
4 0.4932208994708995 0.10478670634920635 0.11276455026455026 0.2021329365079365
4 0.49421296296296297 0.3152281746031746 0.1087962962962963 0.21428571428571427
4 0.38756613756613756 0.10714285714285714 0.09854497354497355 0.2013888888888889
4 0.6030092592592593 0.10577876984126984 0.10945767195767196 0.2041170634920635
4 0.7152777777777778 0.10503472222222222 0.1130952380952381 0.20163690476190477
4 0.6044973544973545 0.31262400793650796 0.10846560846560846 0.2160218253968254
4 0.7144510582010583 0.3133680555555556 0.11011904761904762 0.21552579365079366
4 0.824239417989418 0.10590277777777778 0.1087962962962963 0.2048611111111111
4 0.9285714285714286 0.10751488095238096 0.10251322751322751 0.20709325396825398
4 0.8239087301587301 0.3151041666666667 0.10813492063492064 0.2095734126984127
4 0.9282407407407407 0.3168402777777778 0.10052910052910052 0.2041170634920635
4 0.06316137566137567 0.6330605158730159 0.12235449735449735 0.26264880952380953
4 0.18287037037037038 0.6328125 0.13558201058201058 0.2631448412698413
4 0.31200396825396826 0.6339285714285714 0.12533068783068782 0.26339285714285715
4 0.4399801587301587 0.6325644841269841 0.12003968253968254 0.26413690476190477
4 0.5628306878306878 0.6338045634920635 0.13425925925925927 0.2725694444444444
4 0.6881613756613757 0.6333085317460317 0.12301587301587301 0.26959325396825395
4 0.8166335978835979 0.636656746031746 0.13194444444444445 0.27380952380952384
4 0.935681216931217 0.6357886904761905 0.11937830687830688 0.2720734126984127
4 0.07473544973544974 0.8803323412698413 0.12632275132275134 0.23239087301587302
4 0.19163359788359788 0.8818204365079365 0.13392857142857142 0.23040674603174602
4 0.31646825396825395 0.8805803571428571 0.125 0.2309027777777778
4 0.4396494708994709 0.8809523809523809 0.12136243386243387 0.23412698412698413
4 0.8763227513227513 0.8835565476190477 0.0006613756613756613 0.2269345238095238
4 0.5596891534391535 0.8815724206349206 0.12665343915343916 0.22842261904761904
4 0.6853505291005291 0.8829365079365079 0.12268518518518519 0.22668650793650794
4 0.8096891534391535 0.8805803571428571 0.12466931216931217 0.23288690476190477
