9 0.051666666666666666 0.9409375 0.08166666666666667 0.074375
9 0.19916666666666666 0.9415625 0.18166666666666667 0.080625
9 0.20791666666666667 0.861875 0.18083333333333335 0.08125
9 0.21291666666666667 0.7784375 0.1775 0.081875
9 0.21708333333333332 0.6965625 0.1725 0.079375
9 0.05125 0.8703125 0.09083333333333334 0.066875
9 0.05458333333333333 0.7978125 0.09916666666666667 0.079375
9 0.05458333333333333 0.716875 0.10083333333333333 0.08625
9 0.39416666666666667 0.94625 0.175 0.08375
9 0.39791666666666664 0.8653125 0.17416666666666666 0.083125
9 0.4375 0.7165625 0.13333333333333333 0.066875
9 0.5791666666666667 0.8434375 0.14333333333333334 0.061875
9 0.5804166666666667 0.780625 0.13916666666666666 0.06125
9 0.5783333333333334 0.7171875 0.145 0.064375
9 0.7916666666666666 0.945625 0.17666666666666667 0.08125
9 0.7929166666666667 0.869375 0.17916666666666667 0.0725
9 0.8004166666666667 0.7921875 0.18416666666666667 0.083125
9 0.7970833333333334 0.708125 0.17916666666666667 0.07875
9 0.050833333333333335 0.5575 0.10166666666666667 0.07375
9 0.19125 0.556875 0.18083333333333335 0.08625
9 0.19833333333333333 0.47375 0.17833333333333334 0.0875
9 0.20416666666666666 0.3915625 0.17333333333333334 0.076875
9 0.0475 0.4821875 0.09333333333333334 0.074375
9 0.05333333333333334 0.408125 0.10666666666666667 0.0725
9 0.05625 0.3321875 0.11083333333333334 0.078125
9 0.205 0.3090625 0.17 0.084375
9 0.38875 0.4771875 0.17583333333333334 0.086875
9 0.38625 0.5571875 0.1725 0.080625
9 0.6008333333333333 0.3278125 0.17333333333333334 0.090625
9 0.5879166666666666 0.4109375 0.17083333333333334 0.074375
9 0.5879166666666666 0.485 0.17416666666666666 0.0725
9 0.5845833333333333 0.5603125 0.1725 0.081875
9 0.7795833333333333 0.57125 0.19583333333333333 0.0825
9 0.78375 0.49125 0.18583333333333332 0.0775
9 0.79375 0.4140625 0.1875 0.078125
9 0.8 0.33 0.18 0.085
9 0.05 0.1475 0.095 0.1275
9 0.17708333333333334 0.115625 0.18083333333333335 0.19125
9 0.56625 0.1103125 0.18916666666666668 0.205625
9 0.37833333333333335 0.109375 0.19666666666666666 0.20125
9 0.7583333333333333 0.11 0.19666666666666666 0.20375
