8 0.03916666666666667 0.2153125 0.07666666666666666 0.260625
8 0.14166666666666666 0.2109375 0.12833333333333333 0.261875
8 0.38333333333333336 0.2146875 0.13166666666666665 0.259375
8 0.5066666666666667 0.213125 0.13 0.25625
8 0.6383333333333333 0.210625 0.13333333333333333 0.26125
8 0.7675 0.20875 0.13666666666666666 0.26
8 0.8945833333333333 0.206875 0.13916666666666666 0.26125
8 0.04583333333333333 0.5278125 0.09166666666666666 0.230625
8 0.1425 0.5259375 0.11833333333333333 0.231875
8 0.2575 0.52625 0.12 0.23375
8 0.37666666666666665 0.526875 0.125 0.23375
8 0.4975 0.5271875 0.12333333333333334 0.231875
8 0.6204166666666666 0.5271875 0.12583333333333332 0.235625
8 0.7433333333333333 0.5275 0.12333333333333334 0.2325
8 0.8654166666666666 0.52875 0.12416666666666666 0.235
8 0.9608333333333333 0.52875 0.07166666666666667 0.2325
8 0.04583333333333333 0.8728125 0.08666666666666667 0.218125
8 0.13833333333333334 0.870625 0.12 0.2225
8 0.25666666666666665 0.8728125 0.125 0.220625
8 0.37125 0.8725 0.12583333333333332 0.22625
8 0.4895833333333333 0.8725 0.1275 0.22625
8 0.6075 0.8684375 0.12 0.229375
8 0.71375 0.8309375 0.1025 0.203125
8 0.8525 0.8746875 0.125 0.230625
8 0.9529166666666666 0.875 0.09083333333333334 0.2275
