8 0.042083333333333334 0.186875 0.0825 0.2475
8 0.1425 0.1834375 0.13666666666666666 0.246875
8 0.27666666666666667 0.19 0.145 0.245
8 0.41083333333333333 0.19 0.13166666666666665 0.245
8 0.5329166666666667 0.1940625 0.1275 0.241875
8 0.6558333333333334 0.1984375 0.12 0.233125
8 0.7733333333333333 0.205 0.115 0.23
8 0.885 0.2053125 0.10833333333333334 0.229375
8 0.9675 0.20625 0.06166666666666667 0.22375
8 0.051666666666666666 0.5615625 0.09166666666666666 0.243125
8 0.16166666666666665 0.5546875 0.13333333333333333 0.246875
8 0.28125 0.550625 0.12416666666666666 0.2475
8 0.4033333333333333 0.5515625 0.11166666666666666 0.243125
8 0.51625 0.5478125 0.11583333333333333 0.241875
8 0.6316666666666667 0.5484375 0.115 0.236875
8 0.7508333333333334 0.549375 0.115 0.24
8 0.8604166666666667 0.5434375 0.1075 0.236875
8 0.9558333333333333 0.5440625 0.085 0.239375
8 0.044583333333333336 0.88 0.08916666666666667 0.2325
8 0.15333333333333332 0.8790625 0.115 0.239375
8 0.2733333333333333 0.8828125 0.12833333333333333 0.231875
8 0.3958333333333333 0.88 0.12166666666666667 0.2375
8 0.51375 0.879375 0.12583333333333332 0.23625
8 0.635 0.875 0.12 0.245
8 0.75375 0.87625 0.11416666666666667 0.245
8 0.8633333333333333 0.8734375 0.12333333333333334 0.248125
8 0.9529166666666666 0.865625 0.06416666666666666 0.25625
