8 0.05 0.21 0.09833333333333333 0.225
8 0.13291666666666666 0.210625 0.14083333333333334 0.22375
8 0.24291666666666667 0.2125 0.13083333333333333 0.22875
8 0.34833333333333333 0.208125 0.12 0.22875
8 0.4575 0.2134375 0.115 0.224375
8 0.5645833333333333 0.2090625 0.11083333333333334 0.235625
8 0.6783333333333333 0.2084375 0.10833333333333334 0.236875
8 0.7858333333333334 0.214375 0.115 0.22625
8 0.90125 0.2128125 0.11916666666666667 0.220625
8 0.09041666666666667 0.4796875 0.12083333333333333 0.179375
8 0.18541666666666667 0.469375 0.1125 0.1875
8 0.28541666666666665 0.470625 0.10916666666666666 0.1875
8 0.38375 0.471875 0.10083333333333333 0.1825
8 0.46708333333333335 0.453125 0.0825 0.1575
8 0.5491666666666667 0.4521875 0.08333333333333333 0.154375
8 0.6625 0.4734375 0.095 0.180625
8 0.7683333333333333 0.480625 0.11166666666666666 0.1775
8 0.8716666666666667 0.483125 0.11333333333333333 0.1775
8 0.9575 0.4765625 0.07666666666666666 0.166875
8 0.20083333333333334 0.7328125 0.105 0.164375
8 0.10666666666666667 0.7384375 0.11666666666666667 0.161875
8 0.29375 0.738125 0.1025 0.1625
8 0.38125 0.734375 0.0975 0.1525
8 0.47541666666666665 0.736875 0.0925 0.15375
8 0.5633333333333334 0.73375 0.09166666666666666 0.15375
8 0.6608333333333334 0.7378125 0.09333333333333334 0.150625
8 0.7495833333333334 0.7325 0.0975 0.145
8 0.8375 0.730625 0.09 0.145
8 0.93375 0.730625 0.09583333333333334 0.14
8 0.1525 0.9184375 0.10333333333333333 0.111875
8 0.23458333333333334 0.9196875 0.10083333333333333 0.105625
8 0.32 0.9134375 0.09333333333333334 0.106875
8 0.40125 0.910625 0.08083333333333333 0.1075
8 0.48 0.9103125 0.08166666666666667 0.106875
8 0.5625 0.9078125 0.07833333333333334 0.104375
8 0.6445833333333333 0.90625 0.0775 0.10125
8 0.7275 0.9025 0.085 0.10375
8 0.8079166666666666 0.8996875 0.09083333333333334 0.100625
8 0.8920833333333333 0.8959375 0.08583333333333333 0.098125
8 0.06333333333333334 0.916875 0.10333333333333333 0.10625
