9 0.32 0.9228125 0.22 0.093125
9 0.54875 0.919375 0.2275 0.09
9 0.38708333333333333 0.83875 0.3625 0.075
9 0.38458333333333333 0.76625 0.36916666666666664 0.07875
9 0.3958333333333333 0.671875 0.3566666666666667 0.08875
9 0.37625 0.580625 0.36916666666666664 0.0925
9 0.30375 0.4853125 0.2425 0.088125
9 0.36375 0.3896875 0.3825 0.104375
9 0.30875 0.2815625 0.25916666666666666 0.113125
9 0.5745833333333333 0.29125 0.2725 0.11125
9 0.785 0.919375 0.23333333333333334 0.0925
9 0.73875 0.8340625 0.3358333333333333 0.079375
9 0.7454166666666666 0.7484375 0.35083333333333333 0.079375
9 0.7554166666666666 0.6575 0.3591666666666667 0.07625
9 0.75125 0.574375 0.37083333333333335 0.075
9 0.8170833333333334 0.4821875 0.24083333333333334 0.084375
9 0.5541666666666667 0.4846875 0.23833333333333334 0.089375
9 0.7429166666666667 0.3909375 0.37416666666666665 0.083125
9 0.8466666666666667 0.2953125 0.25333333333333335 0.095625
9 0.7608333333333334 0.1965625 0.365 0.098125
9 0.825 0.08625 0.2633333333333333 0.12
9 0.5541666666666667 0.0859375 0.26166666666666666 0.110625
9 0.37416666666666665 0.18125 0.4 0.11125
