9 0.145 0.8953125 0.29 0.080625
9 0.14791666666666667 0.8284375 0.29583333333333334 0.069375
9 0.14958333333333335 0.76625 0.29583333333333334 0.0625
9 0.14666666666666667 0.7003125 0.29333333333333333 0.069375
9 0.1475 0.628125 0.295 0.0725
9 0.15083333333333335 0.5596875 0.3016666666666667 0.075625
9 0.16708333333333333 0.4896875 0.31416666666666665 0.088125
9 0.16458333333333333 0.4159375 0.31416666666666665 0.080625
9 0.15625 0.34 0.3075 0.08125
9 0.14666666666666667 0.255625 0.29 0.0875
9 0.45208333333333334 0.921875 0.31916666666666665 0.0725
9 0.455 0.8609375 0.31333333333333335 0.059375
9 0.4583333333333333 0.80125 0.31833333333333336 0.065
9 0.45416666666666666 0.73 0.32 0.0675
9 0.4579166666666667 0.6575 0.32083333333333336 0.06875
9 0.4775 0.5771875 0.315 0.071875
9 0.48083333333333333 0.4928125 0.31333333333333335 0.075625
9 0.4845833333333333 0.4096875 0.32416666666666666 0.078125
9 0.4791666666666667 0.32 0.3433333333333333 0.0825
9 0.47125 0.2321875 0.3425 0.078125
9 0.7075 0.920625 0.18166666666666667 0.0775
9 0.9054166666666666 0.924375 0.17916666666666667 0.0675
9 0.9033333333333333 0.8596875 0.185 0.063125
9 0.7145833333333333 0.8446875 0.1825 0.075625
9 0.7129166666666666 0.769375 0.17583333333333334 0.0725
9 0.71375 0.6953125 0.17583333333333334 0.071875
9 0.9020833333333333 0.7946875 0.1875 0.068125
9 0.9020833333333333 0.7278125 0.1875 0.065625
9 0.9054166666666666 0.65875 0.18083333333333335 0.0725
9 0.91375 0.5896875 0.1675 0.064375
9 0.9258333333333333 0.520625 0.14 0.0725
9 0.9295833333333333 0.4421875 0.13083333333333333 0.076875
9 0.7229166666666667 0.6228125 0.1725 0.076875
9 0.7283333333333334 0.5515625 0.17666666666666667 0.075625
9 0.7345833333333334 0.479375 0.17916666666666667 0.0725
9 0.7429166666666667 0.4078125 0.19083333333333333 0.075625
9 0.7658333333333334 0.3321875 0.18833333333333332 0.076875
9 0.7766666666666666 0.25125 0.19 0.07875
9 0.9329166666666666 0.360625 0.1325 0.0775
9 0.9425 0.278125 0.11166666666666666 0.075
9 0.7995833333333333 0.17 0.1825 0.07875
