4 0.027612433862433863 0.8628472222222222 0.05191798941798942 0.21428571428571427
4 0.08978174603174603 0.8611111111111112 0.08564814814814815 0.21081349206349206
4 0.17063492063492064 0.8603670634920635 0.09060846560846561 0.21478174603174602
4 0.25297619047619047 0.8603670634920635 0.08862433862433862 0.21329365079365079
4 0.3687169312169312 0.8732638888888888 0.08465608465608465 0.20287698412698413
4 0.4482473544973545 0.8721478174603174 0.08101851851851852 0.19618055555555555
4 0.5320767195767195 0.8725198412698413 0.08333333333333333 0.19692460317460317
4 0.611276455026455 0.8727678571428571 0.0763888888888889 0.1949404761904762
4 0.6929563492063492 0.8723958333333334 0.08167989417989419 0.1932043650793651
4 0.7759589947089947 0.8737599206349206 0.0744047619047619 0.1939484126984127
4 0.8571428571428571 0.8741319444444444 0.07738095238095238 0.19419642857142858
4 0.939318783068783 0.8722718253968254 0.0796957671957672 0.19444444444444445
4 0.03720238095238095 0.6665426587301587 0.05720899470899471 0.109375
4 0.08862433862433862 0.6677827380952381 0.05291005291005291 0.109375
4 0.1388888888888889 0.6693948412698413 0.05357142857142857 0.11061507936507936
4 0.19113756613756613 0.6675347222222222 0.05886243386243386 0.11185515873015874
4 0.24239417989417988 0.6713789682539683 0.0496031746031746 0.10416666666666667
4 0.2888558201058201 0.6723710317460317 0.045965608465608467 0.10119047619047619
4 0.28604497354497355 0.572296626984127 0.04298941798941799 0.0974702380952381
4 0.03125 0.5575396825396826 0.05588624338624339 0.10912698412698413
4 0.082010582010582 0.5569196428571429 0.05423280423280423 0.10987103174603174
4 0.13425925925925927 0.5570436507936508 0.056216931216931214 0.1111111111111111
4 0.18766534391534392 0.556671626984127 0.059854497354497355 0.11086309523809523
4 0.2542989417989418 0.5682043650793651 0.027116402116402115 0.09722222222222222
4 0.33217592592592593 0.6045386904761905 0.04861111111111111 0.08159722222222222
4 0.3816137566137566 0.6040426587301587 0.051587301587301584 0.08110119047619048
4 0.33812830687830686 0.6922123015873016 0.05588624338624339 0.09474206349206349
4 0.3933531746031746 0.6963045634920635 0.059854497354497355 0.09697420634920635
4 0.4460978835978836 0.603546626984127 0.04894179894179894 0.08308531746031746
4 0.49503968253968256 0.6030505952380952 0.04828042328042328 0.0835813492063492
4 0.45353835978835977 0.6948164682539683 0.05654761904761905 0.10094246031746032
4 0.5105820105820106 0.6966765873015873 0.061507936507936505 0.10416666666666667
4 0.5725859788359788 0.6902281746031746 0.05787037037037037 0.10267857142857142
4 0.628968253968254 0.6912202380952381 0.057539682539682536 0.10466269841269842
4 0.5570436507936508 0.5967261904761905 0.044642857142857144 0.07688492063492064
4 0.6016865079365079 0.5974702380952381 0.04398148148148148 0.07787698412698413
4 0.6491402116402116 0.5974702380952381 0.051587301587301584 0.08134920634920635
4 0.6860119047619048 0.6903521825396826 0.05654761904761905 0.10739087301587301
4 0.7425595238095238 0.6929563492063492 0.05654761904761905 0.10962301587301587
4 0.7992724867724867 0.6915922619047619 0.056878306878306875 0.10739087301587301
4 0.689484126984127 0.5892857142857143 0.03505291005291005 0.07242063492063493
4 0.7318121693121693 0.5892857142857143 0.04497354497354497 0.07539682539682539
4 0.7797619047619048 0.5918898809523809 0.047619047619047616 0.07762896825396826
4 0.8561507936507936 0.6939484126984127 0.05952380952380952 0.10912698412698413
4 0.9212962962962963 0.6985367063492064 0.05952380952380952 0.10689484126984126
4 0.9255952380952381 0.5953621031746031 0.05357142857142857 0.10044642857142858
4 0.9765211640211641 0.5963541666666666 0.04563492063492063 0.10788690476190477
4 0.9751984126984127 0.7021329365079365 0.046957671957671955 0.10317460317460317
4 0.01603835978835979 0.3427579365079365 0.03141534391534392 0.08382936507936507
4 0.05042989417989418 0.34164186507936506 0.045965608465608467 0.08506944444444445
4 0.09474206349206349 0.34226190476190477 0.049933862433862435 0.08531746031746032
4 0.14087301587301587 0.34077380952380953 0.0496031746031746 0.08531746031746032
4 0.18882275132275134 0.3410218253968254 0.047619047619047616 0.08581349206349206
4 0.23561507936507936 0.34151785714285715 0.04927248677248677 0.08680555555555555
4 0.28125 0.3421378968253968 0.05191798941798942 0.08556547619047619
4 0.018187830687830687 0.4279513888888889 0.03571428571428571 0.08705357142857142
4 0.05555555555555555 0.42757936507936506 0.04563492063492063 0.08779761904761904
4 0.09937169312169312 0.4280753968253968 0.049933862433862435 0.08878968253968254
4 0.144510582010582 0.42782738095238093 0.05026455026455026 0.0882936507936508
4 0.19113756613756613 0.4283234126984127 0.05092592592592592 0.08928571428571429
4 0.23842592592592593 0.4279513888888889 0.051587301587301584 0.0900297619047619
4 0.2863756613756614 0.4270833333333333 0.05092592592592592 0.08978174603174603
4 0.37003968253968256 0.4208829365079365 0.056878306878306875 0.10515873015873016
4 0.4260912698412698 0.4201388888888889 0.060515873015873016 0.10317460317460317
4 0.4834656084656085 0.419890873015873 0.05952380952380952 0.1056547619047619
4 0.5393518518518519 0.4201388888888889 0.05489417989417989 0.10515873015873016
4 0.593915343915344 0.41976686507936506 0.056216931216931214 0.10639880952380952
4 0.6514550264550265 0.4177827380952381 0.056878306878306875 0.10739087301587301
4 0.6954365079365079 0.4192708333333333 0.04034391534391534 0.10441468253968254
4 0.7450396825396826 0.4167906746031746 0.057539682539682536 0.10838293650793651
4 0.7944775132275133 0.4175347222222222 0.04728835978835979 0.10342261904761904
4 0.847718253968254 0.4164186507936508 0.06316137566137567 0.1056547619047619
4 0.9145171957671958 0.4150545634920635 0.06911375661375661 0.10639880952380952
4 0.9737103174603174 0.416046626984127 0.050595238095238096 0.10044642857142858
4 0.03306878306878307 0.22581845238095238 0.051587301587301584 0.09300595238095238
4 0.08019179894179894 0.22569444444444445 0.04728835978835979 0.09176587301587301
4 0.12516534391534392 0.22420634920634921 0.050595238095238096 0.09275793650793651
4 0.17311507936507936 0.22532242063492064 0.050595238095238096 0.0920138888888889
4 0.22040343915343916 0.2248263888888889 0.04728835978835979 0.0920138888888889
4 0.029265873015873016 0.13616071428571427 0.05324074074074074 0.08482142857142858
4 0.17179232804232805 0.1331845238095238 0.050595238095238096 0.09176587301587301
4 0.21709656084656084 0.13219246031746032 0.04662698412698413 0.09275793650793651
4 0.26322751322751325 0.13045634920634921 0.051587301587301584 0.09771825396825397
4 0.0775462962962963 0.13231646825396826 0.04728835978835979 0.09300595238095238
4 0.12318121693121693 0.13157242063492064 0.050595238095238096 0.09449404761904762
4 0.32771164021164023 0.22991071428571427 0.05026455026455026 0.08035714285714286
4 0.3804563492063492 0.22879464285714285 0.050595238095238096 0.08159722222222222
4 0.4298941798941799 0.22718253968253968 0.0496031746031746 0.08482142857142858
4 0.47685185185185186 0.14794146825396826 0.052248677248677246 0.0716765873015873
4 0.5315806878306878 0.13975694444444445 0.05654761904761905 0.08903769841269842
4 0.5853174603174603 0.14260912698412698 0.05357142857142857 0.08978174603174603
4 0.5866402116402116 0.22569444444444445 0.05092592592592592 0.0818452380952381
4 0.533234126984127 0.22643849206349206 0.05257936507936508 0.08333333333333333
4 0.48131613756613756 0.2251984126984127 0.05191798941798942 0.08482142857142858
4 0.6369047619047619 0.14322916666666666 0.05357142857142857 0.08754960317460317
4 0.6370701058201058 0.2261904761904762 0.050595238095238096 0.07936507936507936
4 0.6871693121693122 0.14620535714285715 0.047619047619047616 0.0845734126984127
4 0.6832010582010583 0.22705853174603174 0.041005291005291 0.07614087301587301
4 0.7303240740740741 0.22358630952380953 0.05324074074074074 0.08506944444444445
4 0.7333002645502645 0.14608134920634921 0.04332010582010582 0.07192460317460317
4 0.7795965608465608 0.14211309523809523 0.05125661375661376 0.08680555555555555
4 0.8344907407407407 0.13616071428571427 0.055224867724867725 0.08978174603174603
4 0.8318452380952381 0.22333829365079366 0.055224867724867725 0.08655753968253968
4 0.7791005291005291 0.22507440476190477 0.04563492063492063 0.07911706349206349
4 0.8816137566137566 0.23065476190476192 0.04431216931216931 0.07242063492063493
4 0.9469246031746031 0.22507440476190477 0.054563492063492064 0.08258928571428571
4 0.9871031746031746 0.22569444444444445 0.02447089947089947 0.0798611111111111
