9 0.06375 0.2153125 0.11416666666666667 0.181875
9 0.17541666666666667 0.214375 0.13583333333333333 0.1975
9 0.41291666666666665 0.225 0.11416666666666667 0.19625
9 0.5604166666666667 0.2271875 0.17083333333333334 0.193125
9 0.7316666666666667 0.2309375 0.18 0.195625
9 0.905 0.2340625 0.17666666666666667 0.190625
9 0.16208333333333333 0.48375 0.22916666666666666 0.10375
9 0.16916666666666666 0.579375 0.24 0.0925
9 0.18583333333333332 0.6628125 0.22833333333333333 0.070625
9 0.2 0.7415625 0.22 0.074375
9 0.20833333333333334 0.8096875 0.20666666666666667 0.065625
9 0.21166666666666667 0.8909375 0.22 0.076875
9 0.2225 0.96 0.21666666666666667 0.0725
9 0.47041666666666665 0.583125 0.23916666666666667 0.1
9 0.46958333333333335 0.66875 0.22916666666666666 0.0775
9 0.4691666666666667 0.7446875 0.23 0.078125
9 0.46041666666666664 0.8228125 0.2225 0.083125
9 0.4608333333333333 0.896875 0.21333333333333335 0.09125
9 0.48083333333333333 0.9628125 0.20333333333333334 0.060625
9 0.7045833333333333 0.9690625 0.21583333333333332 0.056875
9 0.70875 0.90375 0.20916666666666667 0.07375
9 0.7175 0.835625 0.21833333333333332 0.07125
9 0.7275 0.7603125 0.23166666666666666 0.076875
9 0.7316666666666667 0.68 0.23666666666666666 0.09
9 0.7358333333333333 0.5934375 0.23166666666666666 0.088125
9 0.74875 0.508125 0.24583333333333332 0.08875
9 0.7675 0.4171875 0.26 0.100625
9 0.91 0.9684375 0.17 0.058125
9 0.9183333333333333 0.9025 0.16 0.0775
9 0.9220833333333334 0.830625 0.14916666666666667 0.07
9 0.8558333333333333 0.675 0.011666666666666667 0.08125
9 0.9441666666666667 0.5909375 0.10833333333333334 0.095625
9 0.9495833333333333 0.4925 0.09083333333333334 0.11
