8 0.09041666666666667 0.0653125 0.07583333333333334 0.120625
8 0.15625 0.064375 0.0725 0.125
8 0.2225 0.06375 0.07166666666666667 0.12625
8 0.29125 0.0628125 0.07916666666666666 0.124375
8 0.36 0.0621875 0.07333333333333333 0.120625
8 0.43375 0.064375 0.0775 0.1225
8 0.5054166666666666 0.06125 0.07416666666666667 0.1225
8 0.58625 0.0621875 0.0925 0.120625
8 0.725 0.06125 0.10666666666666667 0.11875
8 0.8183333333333334 0.0621875 0.09666666666666666 0.118125
8 0.9533333333333334 0.06125 0.08666666666666667 0.11875
8 0.12416666666666666 0.345625 0.11666666666666667 0.19125
8 0.22208333333333333 0.3434375 0.11416666666666667 0.193125
8 0.3225 0.34375 0.10666666666666667 0.19875
8 0.425 0.340625 0.11 0.20125
8 0.5254166666666666 0.34 0.1025 0.2025
8 0.6254166666666666 0.34 0.1075 0.2
8 0.7233333333333334 0.33875 0.10666666666666667 0.2
8 0.8275 0.3384375 0.10333333333333333 0.203125
8 0.935 0.339375 0.10833333333333334 0.205
8 0.049166666666666664 0.624375 0.09666666666666666 0.18
8 0.13708333333333333 0.629375 0.1025 0.17875
8 0.22666666666666666 0.63 0.09666666666666666 0.17125
8 0.32083333333333336 0.6290625 0.095 0.176875
8 0.4175 0.6315625 0.09833333333333333 0.176875
8 0.5125 0.6303125 0.095 0.176875
8 0.6091666666666666 0.630625 0.09833333333333333 0.18
8 0.71125 0.6296875 0.09916666666666667 0.175625
8 0.80875 0.6303125 0.10416666666666667 0.179375
8 0.9083333333333333 0.6296875 0.09833333333333333 0.184375
8 0.04666666666666667 0.885625 0.09333333333333334 0.1825
8 0.13041666666666665 0.8875 0.10083333333333333 0.18
8 0.22 0.8884375 0.10333333333333333 0.183125
8 0.3175 0.8925 0.09666666666666666 0.17875
8 0.40625 0.8940625 0.1025 0.175625
8 0.49916666666666665 0.896875 0.09666666666666666 0.1725
8 0.5925 0.894375 0.09333333333333334 0.1775
8 0.6833333333333333 0.8959375 0.09333333333333334 0.174375
8 0.78125 0.8959375 0.10083333333333333 0.179375
8 0.8779166666666667 0.8971875 0.09583333333333334 0.176875
8 0.96125 0.8940625 0.07416666666666667 0.181875
