7 0.04010416666666667 0.3203125 0.036458333333333336 0.065625
7 0.07447916666666667 0.31875 0.036458333333333336 0.06875
7 0.1109375 0.317578125 0.03854166666666667 0.06953125
7 0.1484375 0.31640625 0.042708333333333334 0.0703125
7 0.03958333333333333 0.419140625 0.03958333333333333 0.07265625
7 0.07864583333333333 0.421484375 0.04479166666666667 0.07265625
7 0.159375 0.423046875 0.03958333333333333 0.07421875
7 0.209375 0.421875 0.03125 0.0859375
7 0.23072916666666668 0.315234375 0.034375 0.07421875
7 0.26510416666666664 0.313671875 0.036458333333333336 0.07578125
7 0.2890625 0.42421875 0.03854166666666667 0.0859375
7 0.3234375 0.314453125 0.036458333333333336 0.07109375
7 0.3578125 0.3140625 0.036458333333333336 0.075
7 0.39375 0.311328125 0.0375 0.07734375
7 0.43020833333333336 0.308984375 0.035416666666666666 0.08203125
7 0.35833333333333334 0.425 0.04583333333333333 0.0875
7 0.4109375 0.42421875 0.04895833333333333 0.09375
7 0.5067708333333333 0.297265625 0.04895833333333333 0.10234375
7 0.5552083333333333 0.295703125 0.052083333333333336 0.10234375
7 0.5046875 0.42734375 0.051041666666666666 0.096875
7 0.5614583333333333 0.431640625 0.041666666666666664 0.09765625
7 0.5984375 0.43046875 0.034375 0.096875
7 0.6380208333333334 0.4296875 0.04479166666666667 0.1015625
7 0.6859375 0.430078125 0.053125 0.10703125
7 0.615625 0.298828125 0.04791666666666667 0.09765625
7 0.6869791666666667 0.289453125 0.05520833333333333 0.11171875
7 0.7453125 0.2875 0.059375 0.1140625
7 0.8083333333333333 0.284375 0.05625 0.115625
7 0.75 0.432421875 0.04583333333333333 0.10703125
7 0.8005208333333333 0.43125 0.053125 0.1125
7 0.8682291666666667 0.281640625 0.059375 0.11796875
7 0.9286458333333333 0.27734375 0.06145833333333333 0.1203125
7 0.85625 0.432421875 0.058333333333333334 0.11796875
7 0.9192708333333334 0.43515625 0.065625 0.11875
7 0.9734375 0.434375 0.04895833333333333 0.1203125
7 0.9776041666666667 0.274609375 0.034375 0.12265625
7 0.4979166666666667 0.72265625 0.05625 0.121875
7 0.5520833333333334 0.7265625 0.052083333333333336 0.1203125
7 0.603125 0.736328125 0.052083333333333336 0.12109375
7 0.65625 0.746484375 0.05416666666666667 0.12578125
7 0.7239583333333334 0.741015625 0.052083333333333336 0.11953125
7 0.7817708333333333 0.746484375 0.059375 0.12734375
