2 0.0609375 0.2578125 0.10104166666666667 0.178125
2 0.12916666666666668 0.2671875 0.075 0.159375
2 0.20833333333333334 0.2703125 0.08333333333333333 0.1484375
2 0.3265625 0.28125 0.08020833333333334 0.13125
2 0.3932291666666667 0.281640625 0.057291666666666664 0.12734375
2 0.44947916666666665 0.28125 0.07395833333333333 0.140625
2 0.5244791666666667 0.281640625 0.078125 0.14453125
2 0.6260416666666667 0.260546875 0.10833333333333334 0.18046875
2 0.09322916666666667 0.458984375 0.090625 0.16796875
2 0.18177083333333333 0.47109375 0.08854166666666667 0.1359375
2 0.2708333333333333 0.455859375 0.0875 0.15859375
2 0.3567708333333333 0.454296875 0.084375 0.15546875
2 0.43333333333333335 0.454296875 0.08541666666666667 0.15859375
2 0.559375 0.45546875 0.08125 0.15
2 0.646875 0.068359375 0.11458333333333333 0.13515625
2 0.753125 0.073046875 0.10416666666666667 0.14296875
2 0.8515625 0.07578125 0.096875 0.1484375
2 0.9489583333333333 0.0796875 0.09791666666666667 0.15625
2 0.7380208333333333 0.261328125 0.10729166666666666 0.17734375
2 0.8307291666666666 0.273828125 0.08020833333333334 0.15390625
2 0.9171875 0.27890625 0.08645833333333333 0.1484375
2 0.6640625 0.4484375 0.065625 0.1359375
2 0.7286458333333333 0.449609375 0.06770833333333333 0.13671875
2 0.7895833333333333 0.448828125 0.06458333333333334 0.13515625
2 0.85 0.44609375 0.0625 0.134375
2 0.9145833333333333 0.45 0.07708333333333334 0.1328125
2 0.08020833333333334 0.653515625 0.09375 0.15703125
2 0.16770833333333332 0.65078125 0.0875 0.159375
2 0.25364583333333335 0.64296875 0.08645833333333333 0.1640625
2 0.33697916666666666 0.6390625 0.08229166666666667 0.159375
2 0.42604166666666665 0.635546875 0.08125 0.15703125
2 0.6322916666666667 0.624609375 0.07708333333333334 0.13984375
2 0.703125 0.621875 0.075 0.1421875
2 0.7671875 0.61875 0.06770833333333333 0.140625
2 0.8296875 0.611328125 0.06979166666666667 0.13984375
2 0.8916666666666667 0.608984375 0.07083333333333333 0.13671875
2 0.953125 0.606640625 0.06666666666666667 0.13359375
2 0.04895833333333333 0.8234375 0.07083333333333333 0.1203125
2 0.11145833333333334 0.8203125 0.06875 0.125
2 0.171875 0.805859375 0.058333333333333334 0.09609375
2 0.22447916666666667 0.798046875 0.06145833333333333 0.09921875
2 0.28020833333333334 0.793359375 0.06041666666666667 0.09921875
2 0.3307291666666667 0.788671875 0.051041666666666666 0.09609375
2 0.38229166666666664 0.78359375 0.05625 0.09375
2 0.43645833333333334 0.7796875 0.05625 0.0921875
2 0.5130208333333334 0.78515625 0.053125 0.1078125
2 0.6135416666666667 0.773828125 0.04791666666666667 0.10234375
2 0.6598958333333333 0.77109375 0.053125 0.1109375
2 0.7270833333333333 0.75390625 0.04791666666666667 0.090625
2 0.7697916666666667 0.751953125 0.04375 0.08359375
2 0.8109375 0.747265625 0.04479166666666667 0.08203125
2 0.853125 0.743359375 0.04791666666666667 0.08046875
2 0.89375 0.741015625 0.041666666666666664 0.07890625
2 0.9671875 0.73203125 0.046875 0.0796875
2 0.13802083333333334 0.952734375 0.065625 0.09140625
2 0.19635416666666666 0.94765625 0.06354166666666666 0.0953125
2 0.24947916666666667 0.94375 0.057291666666666664 0.096875
2 0.3046875 0.93828125 0.057291666666666664 0.0984375
2 0.35833333333333334 0.931640625 0.05625 0.10078125
2 0.40729166666666666 0.93046875 0.052083333333333336 0.09375
2 0.46197916666666666 0.92265625 0.053125 0.09375
2 0.5114583333333333 0.915625 0.05416666666666667 0.0921875
2 0.5604166666666667 0.908984375 0.05 0.09140625
2 0.646875 0.92109375 0.05625 0.125
2 0.7078125 0.907421875 0.059375 0.12421875
2 0.7604166666666666 0.9015625 0.052083333333333336 0.1171875
2 0.8015625 0.883203125 0.040625 0.08828125
2 0.8375 0.875390625 0.041666666666666664 0.08203125
2 0.8760416666666667 0.873046875 0.052083333333333336 0.08828125
2 0.9229166666666667 0.866796875 0.04583333333333333 0.09140625
2 0.9640625 0.865234375 0.04895833333333333 0.08515625
