7 0.12083333333333333 0.3165625 0.19333333333333333 0.240625
7 0.26916666666666667 0.29375 0.15833333333333333 0.27625
7 0.4058333333333333 0.294375 0.115 0.23625
7 0.5383333333333333 0.3275 0.12333333333333334 0.2075
7 0.6608333333333334 0.32625 0.11833333333333333 0.20125
7 0.795 0.325 0.10833333333333334 0.205
7 0.8866666666666667 0.2953125 0.07333333333333333 0.238125
7 0.058333333333333334 0.666875 0.11666666666666667 0.17125
7 0.17875 0.6665625 0.16583333333333333 0.179375
7 0.31583333333333335 0.6365625 0.12 0.219375
7 0.4241666666666667 0.6346875 0.12333333333333334 0.220625
7 0.53375 0.6096875 0.1025 0.185625
7 0.63375 0.6090625 0.1025 0.186875
7 0.7595833333333334 0.6340625 0.12916666666666668 0.233125
7 0.8804166666666666 0.636875 0.1275 0.2275
7 0.9695833333333334 0.6415625 0.0575 0.229375
