7 0.04958333333333333 0.1221875 0.09416666666666666 0.188125
7 0.13 0.1190625 0.1 0.188125
7 0.21916666666666668 0.1303125 0.09 0.166875
7 0.03625 0.401875 0.0675 0.16
7 0.105 0.4003125 0.08833333333333333 0.160625
7 0.17708333333333334 0.3996875 0.06916666666666667 0.161875
7 0.23666666666666666 0.41 0.08333333333333333 0.155
7 0.32916666666666666 0.406875 0.115 0.15625
7 0.33208333333333334 0.143125 0.10916666666666666 0.13875
7 0.4404166666666667 0.138125 0.11583333333333333 0.14
7 0.54875 0.13375 0.11416666666666667 0.15
7 0.6695833333333333 0.116875 0.1175 0.1725
7 0.44083333333333335 0.40625 0.11333333333333333 0.15875
7 0.5558333333333333 0.4075 0.11666666666666667 0.16
7 0.66625 0.405625 0.11416666666666667 0.16125
7 0.7929166666666667 0.11375 0.12583333333333332 0.17375
7 0.92125 0.11 0.12583333333333332 0.17375
7 0.7825 0.4025 0.11833333333333333 0.1625
7 0.9020833333333333 0.4015625 0.1225 0.164375
7 0.03 0.650625 0.056666666666666664 0.165
7 0.09375 0.6484375 0.08416666666666667 0.170625
7 0.17333333333333334 0.65 0.08333333333333333 0.17125
7 0.24916666666666668 0.6553125 0.08 0.159375
7 0.34625 0.6403125 0.1025 0.143125
7 0.44708333333333333 0.6415625 0.09916666666666667 0.146875
7 0.5433333333333333 0.643125 0.1 0.14125
7 0.6470833333333333 0.6625 0.11083333333333334 0.15375
7 0.75875 0.6615625 0.1125 0.160625
7 0.8725 0.660625 0.115 0.15625
7 0.5720833333333334 0.8784375 0.09916666666666667 0.155625
7 0.4716666666666667 0.876875 0.09833333333333333 0.1625
7 0.3720833333333333 0.88125 0.10083333333333333 0.15125
7 0.27416666666666667 0.881875 0.09833333333333333 0.1525
7 0.17333333333333334 0.88 0.1 0.14875
7 0.07791666666666666 0.8790625 0.1025 0.149375
7 0.6745833333333333 0.888125 0.10416666666666667 0.15625
7 0.7791666666666667 0.8925 0.10666666666666667 0.1525
7 0.8841666666666667 0.8996875 0.105 0.148125
7 0.9654166666666667 0.89625 0.06583333333333333 0.155
7 0.9666666666666667 0.6590625 0.06 0.163125
