7 0.09166666666666666 0.1346875 0.09333333333333334 0.171875
7 0.18375 0.1321875 0.0925 0.174375
7 0.27625 0.13 0.09916666666666667 0.17875
7 0.37 0.129375 0.09166666666666666 0.1775
7 0.0975 0.38 0.09666666666666666 0.1825
7 0.19208333333333333 0.379375 0.09916666666666667 0.18375
7 0.29 0.37875 0.09666666666666666 0.185
7 0.5304166666666666 0.3928125 0.0825 0.149375
7 0.66375 0.375625 0.09916666666666667 0.18375
7 0.46166666666666667 0.1284375 0.09166666666666666 0.176875
7 0.555 0.1275 0.09666666666666666 0.18125
7 0.6466666666666666 0.13 0.095 0.1725
7 0.7370833333333333 0.1303125 0.09916666666666667 0.166875
7 0.8291666666666667 0.128125 0.10166666666666667 0.17125
7 0.9254166666666667 0.1265625 0.1025 0.174375
7 0.7575 0.375625 0.1 0.18125
7 0.8504166666666667 0.3725 0.10583333333333333 0.185
7 0.9420833333333334 0.373125 0.10083333333333333 0.18
7 0.08166666666666667 0.6325 0.09333333333333334 0.2
7 0.17916666666666667 0.6328125 0.10333333333333333 0.198125
7 0.28125 0.630625 0.09916666666666667 0.2025
7 0.37875 0.63375 0.0925 0.1975
7 0.745 0.620625 0.07833333333333334 0.17125
7 0.8229166666666666 0.6209375 0.09916666666666667 0.174375
7 0.9479166666666666 0.6225 0.0875 0.195
7 0.38416666666666666 0.8828125 0.09166666666666666 0.214375
7 0.5016666666666667 0.8778125 0.09833333333333333 0.205625
7 0.31125 0.8371875 0.050833333333333335 0.130625
7 0.25708333333333333 0.8246875 0.06416666666666666 0.105625
7 0.6720833333333334 0.8840625 0.09916666666666667 0.209375
7 0.7675 0.881875 0.10166666666666667 0.21375
7 0.8645833333333334 0.8815625 0.1025 0.211875
7 0.9533333333333334 0.8809375 0.08833333333333333 0.205625
