5 0.6395833333333333 0.2609375 0.075 0.1890625
5 0.7171875 0.2625 0.078125 0.1890625
5 0.7708333333333334 0.268359375 0.041666666666666664 0.17109375
5 0.8484375 0.26796875 0.06979166666666667 0.178125
5 0.9067708333333333 0.279296875 0.040625 0.15703125
5 0.9546875 0.280078125 0.051041666666666666 0.15703125
5 0.9463541666666667 0.076171875 0.04479166666666667 0.12109375
5 0.9088541666666666 0.072265625 0.03229166666666667 0.11953125
5 0.8734375 0.071484375 0.03854166666666667 0.11953125
5 0.7119791666666667 0.066015625 0.059375 0.11484375
5 0.8265625 0.06875 0.04895833333333333 0.1203125
5 0.6510416666666666 0.059765625 0.06041666666666667 0.11953125
5 0.5864583333333333 0.05859375 0.05625 0.1125
5 0.5239583333333333 0.05546875 0.07083333333333333 0.109375
5 0.4546875 0.05234375 0.06145833333333333 0.1046875
5 0.3932291666666667 0.051171875 0.065625 0.09921875
5 0.3255208333333333 0.04921875 0.06979166666666667 0.096875
5 0.2520833333333333 0.087890625 0.06875 0.00546875
5 0.1015625 0.038671875 0.08020833333333334 0.07578125
5 0.07135416666666666 0.707421875 0.084375 0.11953125
5 0.21302083333333333 0.703125 0.08229166666666667 0.1328125
5 0.28802083333333334 0.69375 0.07604166666666666 0.125
5 0.35572916666666665 0.6875 0.071875 0.125
5 0.42864583333333334 0.680859375 0.06979166666666667 0.12734375
5 0.5020833333333333 0.67890625 0.06875 0.1359375
5 0.6661458333333333 0.840234375 0.04895833333333333 0.11171875
5 0.7119791666666667 0.831640625 0.042708333333333334 0.10703125
5 0.7557291666666667 0.8203125 0.042708333333333334 0.103125
5 0.8026041666666667 0.81875 0.051041666666666666 0.1046875
5 0.8864583333333333 0.8046875 0.052083333333333336 0.096875
5 0.9348958333333334 0.800390625 0.046875 0.10078125
5 0.5630208333333333 0.853515625 0.051041666666666666 0.11328125
5 0.6135416666666667 0.845703125 0.052083333333333336 0.11484375
5 0.5130208333333334 0.846484375 0.04895833333333333 0.09609375
6 0.07916666666666666 0.279296875 0.11041666666666666 0.16328125
6 0.18229166666666666 0.28046875 0.1 0.1625
6 0.27708333333333335 0.25546875 0.10416666666666667 0.209375
6 0.36354166666666665 0.2703125 0.06666666666666667 0.1765625
6 0.42864583333333334 0.268359375 0.065625 0.17734375
6 0.4895833333333333 0.27265625 0.06666666666666667 0.171875
6 0.5609375 0.27265625 0.08229166666666667 0.1734375
6 0.0703125 0.513671875 0.09895833333333333 0.17578125
6 0.1515625 0.509375 0.096875 0.175
6 0.234375 0.4953125 0.0875 0.1671875
6 0.309375 0.492578125 0.07708333333333334 0.15546875
6 0.3802083333333333 0.490234375 0.075 0.15234375
6 0.4588541666666667 0.49375 0.07395833333333333 0.1640625
6 0.5302083333333333 0.493359375 0.07083333333333333 0.15546875
6 0.596875 0.482421875 0.0625 0.16953125
6 0.6640625 0.48046875 0.065625 0.16875
6 0.7265625 0.47578125 0.059375 0.1640625
6 0.7942708333333334 0.4734375 0.071875 0.159375
6 0.8588541666666667 0.47421875 0.059375 0.159375
6 0.9166666666666666 0.469140625 0.06458333333333334 0.15703125
6 0.9708333333333333 0.465234375 0.05 0.15390625
6 0.9619791666666667 0.64765625 0.06354166666666666 0.1078125
6 0.9 0.639453125 0.04583333333333333 0.10546875
6 0.8598958333333333 0.651953125 0.042708333333333334 0.11171875
6 0.8213541666666667 0.661328125 0.042708333333333334 0.11171875
6 0.771875 0.665234375 0.052083333333333336 0.11328125
6 0.7229166666666667 0.67265625 0.04791666666666667 0.1140625
6 0.6520833333333333 0.6625 0.05625 0.115625
6 0.6041666666666666 0.667578125 0.0375 0.11484375
6 0.5682291666666667 0.684765625 0.046875 0.12109375
6 0.0671875 0.93125 0.07395833333333333 0.121875
6 0.12760416666666666 0.925 0.06979166666666667 0.11875
6 0.1875 0.9140625 0.0625 0.1171875
6 0.24635416666666668 0.906640625 0.06145833333333333 0.11796875
6 0.3072916666666667 0.891015625 0.058333333333333334 0.11484375
6 0.3640625 0.8671875 0.051041666666666666 0.103125
6 0.4119791666666667 0.862890625 0.05520833333333333 0.10390625
6 0.46197916666666666 0.87421875 0.051041666666666666 0.1109375
