9 0.06041666666666667 0.3003125 0.12083333333333333 0.103125
9 0.06875 0.4128125 0.1375 0.093125
9 0.07916666666666666 0.5090625 0.15666666666666668 0.085625
9 0.08458333333333333 0.60375 0.1675 0.08875
9 0.09041666666666667 0.69 0.17916666666666667 0.07875
9 0.09958333333333333 0.7671875 0.1975 0.068125
9 0.10541666666666667 0.835625 0.21083333333333334 0.065
9 0.2825 0.3246875 0.29 0.103125
9 0.29833333333333334 0.4265625 0.2633333333333333 0.094375
9 0.30291666666666667 0.5184375 0.2608333333333333 0.084375
9 0.31666666666666665 0.60625 0.25 0.08
9 0.31875 0.6840625 0.23416666666666666 0.071875
9 0.32666666666666666 0.76125 0.22666666666666666 0.0725
9 0.3283333333333333 0.830625 0.22166666666666668 0.0675
9 0.5629166666666666 0.2890625 0.2825 0.110625
9 0.57375 0.403125 0.2725 0.10625
9 0.57 0.495625 0.25666666666666665 0.08125
9 0.5670833333333334 0.583125 0.24416666666666667 0.08875
9 0.5616666666666666 0.668125 0.23666666666666666 0.09
9 0.5558333333333333 0.7478125 0.225 0.084375
9 0.5566666666666666 0.8271875 0.22333333333333333 0.083125
9 0.8508333333333333 0.2846875 0.285 0.119375
9 0.84875 0.3959375 0.26916666666666667 0.096875
9 0.8358333333333333 0.4940625 0.26666666666666666 0.093125
9 0.83 0.5815625 0.25833333333333336 0.098125
9 0.80375 0.6709375 0.24416666666666667 0.091875
9 0.7791666666666667 0.749375 0.225 0.08
9 0.7720833333333333 0.8209375 0.2175 0.069375
