8 0.04 0.17375 0.08 0.26875
8 0.14208333333333334 0.17625 0.12416666666666666 0.2725
8 0.2675 0.18 0.12833333333333333 0.27
8 0.39791666666666664 0.1828125 0.1375 0.274375
8 0.5295833333333333 0.181875 0.12916666666666668 0.27875
8 0.6604166666666667 0.1859375 0.12416666666666666 0.275625
8 0.7908333333333334 0.1846875 0.12166666666666667 0.279375
8 0.925 0.18625 0.12833333333333333 0.27625
8 0.04125 0.51125 0.08083333333333333 0.25
8 0.14 0.514375 0.135 0.255
8 0.2675 0.515 0.13833333333333334 0.25375
8 0.3983333333333333 0.5178125 0.13333333333333333 0.254375
8 0.5308333333333334 0.52 0.135 0.255
8 0.6591666666666667 0.525 0.125 0.2575
8 0.7929166666666667 0.5240625 0.12583333333333332 0.264375
8 0.92375 0.526875 0.12583333333333332 0.26125
8 0.052083333333333336 0.825625 0.09916666666666667 0.2275
8 0.14916666666666667 0.8284375 0.13166666666666665 0.225625
8 0.26375 0.828125 0.12416666666666666 0.23375
8 0.38625 0.831875 0.1225 0.24375
8 0.5095833333333334 0.834375 0.11583333333333333 0.23375
8 0.6270833333333333 0.83875 0.11583333333333333 0.23625
8 0.7579166666666667 0.8415625 0.12583333333333332 0.230625
8 0.87875 0.8421875 0.11583333333333333 0.235625
8 0.9666666666666667 0.8434375 0.056666666666666664 0.231875
