7 0.84875 0.2209375 0.10583333333333333 0.210625
7 0.7541666666666667 0.2209375 0.095 0.203125
7 0.6554166666666666 0.220625 0.10583333333333333 0.23375
7 0.5441666666666667 0.2203125 0.11 0.229375
7 0.4345833333333333 0.2225 0.11416666666666667 0.225
7 0.33 0.2503125 0.11 0.170625
7 0.18666666666666668 0.25 0.10666666666666667 0.15
7 0.875 0.5175 0.1 0.195
7 0.77 0.515625 0.10333333333333333 0.19
7 0.6695833333333333 0.51375 0.10083333333333333 0.18875
7 0.5766666666666667 0.495 0.08666666666666667 0.17375
7 0.4925 0.509375 0.09833333333333333 0.18875
7 0.39666666666666667 0.509375 0.10333333333333333 0.17875
7 0.30625 0.5096875 0.10416666666666667 0.179375
7 0.21708333333333332 0.51 0.11083333333333334 0.17625
7 0.12333333333333334 0.511875 0.11166666666666666 0.17375
