5 0.06822916666666666 0.612890625 0.06770833333333333 0.15078125
5 0.19947916666666668 0.622265625 0.06770833333333333 0.15078125
5 0.26927083333333335 0.621484375 0.06145833333333333 0.14921875
5 0.33229166666666665 0.627734375 0.06666666666666667 0.15234375
5 0.40260416666666665 0.63125 0.071875 0.153125
5 0.471875 0.634765625 0.06458333333333334 0.15703125
5 0.5432291666666667 0.63828125 0.07395833333333333 0.159375
5 0.6140625 0.64296875 0.071875 0.159375
5 0.6864583333333333 0.6484375 0.075 0.1609375
5 0.7609375 0.652734375 0.078125 0.15859375
5 0.8348958333333333 0.65703125 0.06979166666666667 0.1609375
5 0.9135416666666667 0.662109375 0.07916666666666666 0.16484375
5 0.7109375 0.446875 0.08020833333333334 0.1671875
5 0.7927083333333333 0.449609375 0.08125 0.16796875
5 0.9484375 0.455859375 0.06354166666666666 0.16953125
5 0.027083333333333334 0.79296875 0.05416666666666667 0.1421875
5 0.084375 0.796484375 0.06041666666666667 0.14453125
5 0.146875 0.803515625 0.06875 0.14296875
5 0.2140625 0.807421875 0.07395833333333333 0.14140625
5 0.3494791666666667 0.81796875 0.06979166666666667 0.1484375
5 0.415625 0.823828125 0.06458333333333334 0.14609375
5 0.48541666666666666 0.830859375 0.06666666666666667 0.14609375
5 0.55625 0.834375 0.07083333333333333 0.146875
6 0.025520833333333333 0.22734375 0.046875 0.15625
6 0.08645833333333333 0.227734375 0.06666666666666667 0.16015625
6 0.15364583333333334 0.228515625 0.06770833333333333 0.16171875
6 0.221875 0.231640625 0.0625 0.15859375
6 0.28854166666666664 0.229296875 0.07083333333333333 0.16328125
6 0.3614583333333333 0.2328125 0.07291666666666667 0.1640625
6 0.4322916666666667 0.237109375 0.07291666666666667 0.16328125
6 0.5291666666666667 0.238671875 0.05625 0.16171875
6 0.5895833333333333 0.242578125 0.06041666666666667 0.15546875
6 0.07916666666666666 0.4265625 0.06041666666666667 0.15625
6 0.14322916666666666 0.42734375 0.06354166666666666 0.1578125
6 0.20833333333333334 0.430859375 0.07291666666666667 0.16015625
6 0.2786458333333333 0.431640625 0.07395833333333333 0.16328125
6 0.3484375 0.433984375 0.06354166666666666 0.16328125
6 0.4041666666666667 0.438671875 0.04791666666666667 0.15703125
6 0.48125 0.44375 0.06458333333333334 0.153125
6 0.5614583333333333 0.44296875 0.07916666666666666 0.159375
6 0.634375 0.446875 0.07708333333333334 0.1640625
6 0.6578125 0.2359375 0.07395833333333333 0.1671875
6 0.6255208333333333 0.848046875 0.065625 0.13515625
6 0.7776041666666667 0.865625 0.06145833333333333 0.128125
6 0.8786458333333333 0.869921875 0.07395833333333333 0.13203125
5 0.7317708333333334 0.251953125 0.071875 0.13984375
5 0.8052083333333333 0.2515625 0.07708333333333334 0.14375
5 0.8817708333333333 0.251953125 0.078125 0.14453125
5 0.9546875 0.25390625 0.06979166666666667 0.146875
