4 0.06630291005291006 0.8097718253968254 0.12665343915343916 0.283234126984127
4 0.2088293650793651 0.7965029761904762 0.13855820105820105 0.2740575396825397
4 0.3447420634920635 0.7983630952380952 0.1378968253968254 0.27529761904761907
4 0.48991402116402116 0.802703373015873 0.14054232804232805 0.2899305555555556
4 0.5980489417989417 0.7857142857142857 0.11541005291005291 0.26438492063492064
4 0.7326388888888888 0.8019593253968254 0.1498015873015873 0.2864583333333333
4 0.8379629629629629 0.787078373015873 0.13558201058201058 0.2690972222222222
4 0.9422949735449735 0.7932787698412699 0.10747354497354497 0.28000992063492064
4 0.059854497354497355 0.3142361111111111 0.11706349206349206 0.2048611111111111
4 0.18998015873015872 0.31646825396825395 0.11871693121693122 0.1984126984126984
4 0.31828703703703703 0.32006448412698413 0.11871693121693122 0.1932043650793651
4 0.4426256613756614 0.32242063492063494 0.12400793650793651 0.19146825396825398
4 0.5522486772486772 0.32862103174603174 0.09722222222222222 0.1765873015873016
4 0.6653439153439153 0.32341269841269843 0.12698412698412698 0.18601190476190477
4 0.7791005291005291 0.32800099206349204 0.11243386243386243 0.1793154761904762
4 0.9012896825396826 0.32180059523809523 0.1359126984126984 0.20114087301587302
4 0.08482142857142858 0.15091765873015872 0.09027777777777778 0.14756944444444445
4 0.19345238095238096 0.12475198412698413 0.12764550264550265 0.20089285714285715
4 0.3212632275132275 0.12797619047619047 0.11805555555555555 0.19543650793650794
4 0.44576719576719576 0.1331845238095238 0.11838624338624339 0.19642857142857142
4 0.5590277777777778 0.14955357142857142 0.105489417989418 0.18204365079365079
4 0.6613756613756614 0.1576140873015873 0.09060846560846561 0.13219246031746032
4 0.769510582010582 0.13814484126984128 0.12367724867724868 0.1974206349206349
4 0.8946759259259259 0.1267361111111111 0.12996031746031747 0.19444444444444445
