1 0.10166666666666667 0.1740625 0.12333333333333334 0.193125
1 0.22958333333333333 0.1725 0.13583333333333333 0.19375
1 0.37166666666666665 0.1765625 0.10666666666666667 0.188125
1 0.47541666666666665 0.173125 0.1075 0.19125
1 0.5720833333333334 0.178125 0.08916666666666667 0.1825
1 0.6908333333333333 0.1678125 0.13833333333333334 0.198125
1 0.8229166666666666 0.1590625 0.12416666666666666 0.211875
1 0.9366666666666666 0.1621875 0.1 0.204375
1 0.14958333333333335 0.394375 0.08583333333333333 0.1425
1 0.2775 0.3846875 0.07833333333333334 0.159375
1 0.34791666666666665 0.388125 0.07583333333333334 0.155
1 0.41833333333333333 0.393125 0.06833333333333333 0.1425
1 0.4891666666666667 0.3896875 0.07666666666666666 0.148125
1 0.5645833333333333 0.38875 0.0775 0.15125
1 0.6408333333333334 0.38875 0.07833333333333334 0.14875
1 0.7183333333333334 0.404375 0.06833333333333333 0.11875
1 0.7808333333333334 0.3909375 0.07 0.124375
1 0.8658333333333333 0.411875 0.07833333333333334 0.10625
1 0.95875 0.4090625 0.07583333333333334 0.108125
1 0.18791666666666668 0.7321875 0.06583333333333333 0.121875
1 0.25333333333333335 0.7521875 0.07 0.123125
1 0.4125 0.7309375 0.06333333333333334 0.119375
1 0.4870833333333333 0.723125 0.0825 0.1125
1 0.5766666666666667 0.72375 0.08666666666666667 0.12
1 0.6729166666666667 0.7271875 0.0925 0.120625
1 0.7720833333333333 0.738125 0.10083333333333333 0.13625
1 0.8745833333333334 0.7265625 0.0975 0.118125
1 0.83125 0.87375 0.08916666666666667 0.09375
1 0.7320833333333333 0.9109375 0.12916666666666668 0.136875
1 0.605 0.8990625 0.125 0.141875
1 0.24458333333333335 0.870625 0.12583333333333332 0.0925
1 0.16666666666666666 0.5765625 0.115 0.145625
1 0.2608333333333333 0.5771875 0.1 0.143125
1 0.37625 0.5775 0.11583333333333333 0.1475
1 0.4675 0.5765625 0.095 0.145625
1 0.5533333333333333 0.5628125 0.08 0.125625
1 0.6454166666666666 0.5725 0.10083333333333333 0.15
1 0.7433333333333333 0.573125 0.10666666666666667 0.15125
1 0.8225 0.5740625 0.08 0.144375
1 0.9145833333333333 0.5815625 0.10916666666666666 0.146875
