9 0.9133333333333333 0.965625 0.16833333333333333 0.05625
9 0.9179166666666667 0.9075 0.1575 0.06
9 0.9179166666666667 0.844375 0.16083333333333333 0.05875
9 0.9195833333333333 0.7809375 0.1575 0.061875
9 0.92 0.711875 0.15 0.06625
9 0.7208333333333333 0.968125 0.17666666666666667 0.05625
9 0.72375 0.906875 0.18083333333333335 0.05875
9 0.72375 0.84375 0.18416666666666667 0.06375
9 0.7254166666666667 0.7746875 0.18916666666666668 0.064375
9 0.73 0.705625 0.195 0.07125
9 0.735 0.6346875 0.20333333333333334 0.068125
9 0.7433333333333333 0.565 0.20666666666666667 0.07125
9 0.9208333333333333 0.6396875 0.15333333333333332 0.069375
9 0.9308333333333333 0.5640625 0.13166666666666665 0.073125
9 0.53375 0.9678125 0.17416666666666666 0.051875
9 0.5270833333333333 0.906875 0.1775 0.0575
9 0.5229166666666667 0.8390625 0.17583333333333334 0.061875
9 0.5245833333333333 0.7740625 0.1825 0.060625
9 0.5241666666666667 0.710625 0.18666666666666668 0.06375
9 0.37958333333333333 0.49125 0.14416666666666667 0.05875
9 0.3745833333333333 0.5465625 0.14083333333333334 0.053125
9 0.33541666666666664 0.9609375 0.1775 0.060625
9 0.33208333333333334 0.9021875 0.17583333333333334 0.063125
9 0.33125 0.8409375 0.1775 0.063125
9 0.32416666666666666 0.78 0.18166666666666667 0.065
9 0.3175 0.715 0.19166666666666668 0.0675
9 0.14541666666666667 0.96125 0.17916666666666667 0.0575
9 0.13791666666666666 0.900625 0.18083333333333335 0.06
9 0.13083333333333333 0.8365625 0.18166666666666667 0.064375
9 0.13125 0.7734375 0.1775 0.060625
9 0.12416666666666666 0.70875 0.18166666666666667 0.065
9 0.0975 0.5775 0.18166666666666667 0.07625
9 0.11958333333333333 0.6440625 0.1875 0.064375
9 0.125 0.246875 0.10166666666666667 0.04625
9 0.12916666666666668 0.2928125 0.1 0.046875
9 0.13875 0.3340625 0.0975 0.039375
9 0.14166666666666666 0.373125 0.09166666666666666 0.04125
9 0.23416666666666666 0.2459375 0.1 0.048125
9 0.23375 0.29125 0.09916666666666667 0.04375
9 0.23958333333333334 0.33625 0.0975 0.0425
9 0.24291666666666667 0.3759375 0.09416666666666666 0.040625
9 0.34208333333333335 0.2465625 0.10083333333333333 0.045625
9 0.33916666666666667 0.29125 0.09833333333333333 0.04625
9 0.3433333333333333 0.33625 0.095 0.04375
9 0.34541666666666665 0.3771875 0.0925 0.038125
9 0.44416666666666665 0.37625 0.1 0.04125
9 0.4429166666666667 0.3346875 0.0975 0.041875
9 0.44208333333333333 0.2909375 0.09916666666666667 0.045625
9 0.44583333333333336 0.2453125 0.1 0.046875
9 0.54375 0.375 0.09916666666666667 0.04125
9 0.5425 0.334375 0.10333333333333333 0.04125
9 0.5433333333333333 0.2915625 0.10333333333333333 0.043125
9 0.54875 0.2459375 0.10416666666666667 0.049375
9 0.65375 0.2484375 0.10416666666666667 0.045625
9 0.7583333333333333 0.245 0.105 0.05
9 0.75375 0.291875 0.10583333333333333 0.04625
9 0.7483333333333333 0.3340625 0.1 0.045625
9 0.7433333333333333 0.375 0.09833333333333333 0.04125
9 0.6416666666666667 0.374375 0.09833333333333333 0.04
9 0.6445833333333333 0.335 0.10083333333333333 0.03875
9 0.6483333333333333 0.291875 0.10166666666666667 0.04375
9 0.10166666666666667 0.1659375 0.11 0.046875
9 0.09958333333333333 0.12 0.11083333333333334 0.0475
9 0.09666666666666666 0.073125 0.11 0.045
9 0.08541666666666667 0.025625 0.10583333333333333 0.04625
9 0.19416666666666665 0.0259375 0.11166666666666666 0.046875
9 0.20791666666666667 0.07375 0.10583333333333333 0.04875
9 0.2075 0.1203125 0.10666666666666667 0.044375
9 0.21291666666666667 0.165625 0.10916666666666666 0.04375
9 0.3175 0.1171875 0.09833333333333333 0.050625
9 0.32166666666666666 0.165 0.10333333333333333 0.0425
9 0.34458333333333335 0.08375 0.07416666666666667 0.03125
9 0.345 0.045 0.07 0.04375
9 0.43166666666666664 0.023125 0.10833333333333334 0.04375
9 0.43333333333333335 0.07125 0.10666666666666667 0.04875
9 0.4345833333333333 0.118125 0.1075 0.04875
9 0.43416666666666665 0.163125 0.10666666666666667 0.045
9 0.54375 0.163125 0.1075 0.04375
9 0.5433333333333333 0.1165625 0.10833333333333334 0.049375
9 0.545 0.065625 0.10833333333333334 0.05125
9 0.5508333333333333 0.020625 0.115 0.04
9 0.6525 0.1609375 0.11166666666666666 0.046875
9 0.76375 0.16125 0.10916666666666666 0.0475
9 0.7645833333333333 0.1140625 0.1125 0.048125
9 0.6533333333333333 0.109375 0.11 0.05125
9 0.6579166666666667 0.0559375 0.10916666666666666 0.046875
9 0.7708333333333334 0.0634375 0.11166666666666666 0.050625
9 0.665 0.01625 0.11333333333333333 0.03125
9 0.78 0.0178125 0.11666666666666667 0.035625
