9 0.22875 0.1175 0.16416666666666666 0.085
9 0.22583333333333333 0.19625 0.16666666666666666 0.07375
9 0.22833333333333333 0.2590625 0.155 0.063125
9 0.23125 0.3209375 0.15416666666666667 0.063125
9 0.38458333333333333 0.3228125 0.14416666666666667 0.066875
9 0.38333333333333336 0.2559375 0.14833333333333334 0.066875
9 0.3883333333333333 0.18625 0.15166666666666667 0.07375
9 0.38958333333333334 0.1190625 0.1575 0.078125
9 0.5441666666666667 0.129375 0.15333333333333332 0.0825
9 0.54 0.201875 0.15 0.07125
9 0.5366666666666666 0.265 0.16166666666666665 0.07125
9 0.5366666666666666 0.325 0.15666666666666668 0.06375
9 0.6920833333333334 0.3275 0.15916666666666668 0.0675
9 0.6941666666666667 0.26625 0.15666666666666668 0.07125
9 0.69875 0.2021875 0.16083333333333333 0.074375
9 0.7079166666666666 0.131875 0.16416666666666666 0.08125
9 0.26375 0.4325 0.1525 0.0625
9 0.26166666666666666 0.4921875 0.14833333333333334 0.063125
9 0.2604166666666667 0.55125 0.14416666666666667 0.05875
9 0.25666666666666665 0.6065625 0.13333333333333333 0.056875
9 0.3983333333333333 0.6065625 0.13166666666666665 0.055625
9 0.39958333333333335 0.5503125 0.13583333333333333 0.055625
9 0.40541666666666665 0.49625 0.13416666666666666 0.0525
9 0.4058333333333333 0.4425 0.13166666666666665 0.06
9 0.5541666666666667 0.440625 0.14166666666666666 0.05875
9 0.5466666666666666 0.5009375 0.135 0.059375
9 0.5425 0.556875 0.135 0.05875
9 0.5345833333333333 0.606875 0.13416666666666666 0.0575
9 0.8741666666666666 0.115 0.15166666666666667 0.08
9 0.8625 0.1915625 0.14666666666666667 0.074375
9 0.8470833333333333 0.2625 0.14583333333333334 0.0725
9 0.8379166666666666 0.329375 0.14083333333333334 0.06875
9 0.9620833333333333 0.264375 0.0725 0.07
9 0.95875 0.3309375 0.07916666666666666 0.064375
9 0.6975 0.449375 0.13833333333333334 0.07
9 0.6908333333333333 0.5078125 0.135 0.061875
9 0.6816666666666666 0.5578125 0.13166666666666665 0.059375
9 0.6720833333333334 0.6078125 0.1325 0.051875
9 0.8083333333333333 0.60625 0.13 0.05625
9 0.8195833333333333 0.5521875 0.13583333333333333 0.061875
9 0.83125 0.4959375 0.1375 0.061875
9 0.84125 0.438125 0.14083333333333334 0.06125
9 0.9420833333333334 0.5521875 0.1125 0.061875
9 0.9391666666666667 0.609375 0.12 0.0525
10 0.07083333333333333 0.2428125 0.14166666666666666 0.206875
9 0.28583333333333333 0.9628125 0.2966666666666667 0.069375
9 0.6083333333333333 0.9584375 0.3016666666666667 0.078125
9 0.8833333333333333 0.956875 0.22666666666666666 0.08375
