9 0.045 0.14625 0.08333333333333333 0.165
9 0.24583333333333332 0.1725 0.10833333333333334 0.1125
9 0.3516666666666667 0.1578125 0.13166666666666665 0.141875
9 0.4791666666666667 0.154375 0.13 0.14375
9 0.6495833333333333 0.1478125 0.1425 0.160625
9 0.66 0.0353125 0.14333333333333334 0.061875
9 0.80875 0.0525 0.14583333333333334 0.06625
9 0.79875 0.1546875 0.14083333333333334 0.139375
9 0.9433333333333334 0.1515625 0.10333333333333333 0.144375
9 0.9479166666666666 0.0440625 0.0925 0.074375
9 0.043333333333333335 0.42625 0.085 0.1375
9 0.14958333333333335 0.425 0.15416666666666667 0.14125
9 0.31166666666666665 0.4246875 0.14666666666666667 0.140625
9 0.44875 0.425625 0.12583333333333332 0.13125
9 0.57375 0.4246875 0.12583333333333332 0.129375
9 0.30333333333333334 0.3165625 0.13666666666666666 0.069375
9 0.445 0.319375 0.13666666666666666 0.0725
9 0.5791666666666667 0.320625 0.125 0.07
9 0.7008333333333333 0.4184375 0.13333333333333333 0.146875
9 0.8329166666666666 0.4159375 0.13083333333333333 0.149375
9 0.70875 0.311875 0.1275 0.0625
9 0.84 0.3103125 0.13166666666666665 0.060625
9 0.95125 0.3075 0.09416666666666666 0.065
9 0.9483333333333334 0.414375 0.09833333333333333 0.14125
9 0.385 0.7325 0.125 0.11125
9 0.25458333333333333 0.7346875 0.1275 0.108125
9 0.24041666666666667 0.6578125 0.12583333333333332 0.050625
9 0.37875 0.64375 0.11916666666666667 0.0525
9 0.495 0.5940625 0.105 0.053125
9 0.5179166666666667 0.7265625 0.1125 0.115625
9 0.6379166666666667 0.7296875 0.1125 0.105625
9 0.6408333333333334 0.6453125 0.12666666666666668 0.059375
9 0.7641666666666667 0.72125 0.11666666666666667 0.10375
9 0.7641666666666667 0.6378125 0.115 0.061875
9 0.89 0.7165625 0.12166666666666667 0.095625
9 0.9004166666666666 0.6403125 0.1275 0.053125
9 0.89375 0.5775 0.1175 0.05875
9 0.14625 0.894375 0.20416666666666666 0.06875
9 0.37333333333333335 0.8978125 0.19166666666666668 0.074375
9 0.15916666666666668 0.9671875 0.20666666666666667 0.063125
9 0.37583333333333335 0.968125 0.19666666666666666 0.06125
9 0.5729166666666666 0.8521875 0.14916666666666667 0.053125
9 0.8141666666666667 0.8728125 0.18 0.071875
9 0.8079166666666666 0.9396875 0.17083333333333334 0.063125
