9 0.4608333333333333 0.445 0.275 0.245
9 0.72875 0.4415625 0.2991666666666667 0.246875
9 0.20916666666666667 0.4684375 0.22833333333333333 0.248125
9 0.465 0.61875 0.26166666666666666 0.0625
9 0.4725 0.6740625 0.23833333333333334 0.045625
9 0.4716666666666667 0.72625 0.22666666666666666 0.0625
9 0.46375 0.7784375 0.2025 0.048125
9 0.4666666666666667 0.82375 0.195 0.04875
9 0.46875 0.8690625 0.18416666666666667 0.053125
9 0.65 0.86625 0.17 0.0375
9 0.6629166666666667 0.8225 0.18083333333333335 0.0425
9 0.68625 0.7775 0.2025 0.0525
9 0.7108333333333333 0.7215625 0.22333333333333333 0.055625
9 0.7225 0.66375 0.23666666666666666 0.05875
9 0.7354166666666667 0.5984375 0.25416666666666665 0.071875
9 0.20083333333333334 0.6290625 0.26 0.064375
9 0.22125 0.69125 0.24416666666666667 0.055
9 0.24125 0.74875 0.22916666666666666 0.045
9 0.25583333333333336 0.7965625 0.21166666666666667 0.043125
9 0.2725 0.836875 0.19833333333333333 0.04125
9 0.27666666666666667 0.8775 0.185 0.03875
