1 0.0609375 0.141796875 0.10520833333333333 0.16640625
1 0.16197916666666667 0.139453125 0.11145833333333334 0.16484375
1 0.2625 0.1390625 0.10416666666666667 0.16875
1 0.3625 0.13828125 0.10625 0.171875
1 0.4666666666666667 0.135546875 0.11041666666666666 0.16953125
1 0.09479166666666666 0.321484375 0.05625 0.11484375
1 0.19895833333333332 0.315234375 0.0625 0.11953125
1 0.2515625 0.31875 0.051041666666666666 0.1171875
1 0.30364583333333334 0.3125 0.06354166666666666 0.125
1 0.35572916666666665 0.310546875 0.06354166666666666 0.12578125
1 0.42083333333333334 0.327734375 0.04583333333333333 0.08671875
1 0.48020833333333335 0.324609375 0.05416666666666667 0.09296875
1 0.026041666666666668 0.319140625 0.05 0.12265625
1 0.5729166666666666 0.14140625 0.09791666666666667 0.146875
1 0.6692708333333334 0.13671875 0.10729166666666666 0.15
1 0.7776041666666667 0.133984375 0.109375 0.14921875
1 0.8916666666666667 0.126953125 0.11666666666666667 0.16171875
1 0.5427083333333333 0.321875 0.0625 0.1
1 0.6151041666666667 0.321484375 0.057291666666666664 0.09921875
1 0.6645833333333333 0.319140625 0.05 0.09609375
1 0.7135416666666666 0.3265625 0.052083333333333336 0.0828125
1 0.7619791666666667 0.3203125 0.04895833333333333 0.0859375
1 0.8145833333333333 0.3203125 0.058333333333333334 0.0921875
1 0.8645833333333334 0.31953125 0.05 0.078125
1 0.9286458333333333 0.3015625 0.059375 0.1203125
1 0.978125 0.301171875 0.03958333333333333 0.11640625