9 0.1725 0.929375 0.29333333333333333 0.09625
9 0.47833333333333333 0.943125 0.295 0.11125
9 0.7916666666666666 0.9553125 0.2633333333333333 0.084375
9 0.7995833333333333 0.8596875 0.2791666666666667 0.093125
9 0.815 0.76125 0.29 0.09875
9 0.81625 0.66 0.29583333333333334 0.08625
9 0.83125 0.5359375 0.31583333333333335 0.133125
9 0.48875 0.8365625 0.2725 0.104375
9 0.4895833333333333 0.7315625 0.2941666666666667 0.104375
9 0.45916666666666667 0.591875 0.29833333333333334 0.1175
9 0.14541666666666667 0.5728125 0.29083333333333333 0.120625
9 0.16833333333333333 0.8146875 0.28833333333333333 0.110625
9 0.15208333333333332 0.698125 0.2925 0.10875
9 0.15625 0.190625 0.19916666666666666 0.24625
9 0.36666666666666664 0.1890625 0.21833333333333332 0.258125
9 0.60125 0.1940625 0.23416666666666666 0.254375
9 0.8416666666666667 0.195625 0.24333333333333335 0.265
