8 0.26666666666666666 0.1259375 0.125 0.245625
8 0.38666666666666666 0.124375 0.13 0.24875
8 0.51625 0.1265625 0.12583333333333332 0.249375
8 0.6454166666666666 0.1259375 0.1225 0.250625
8 0.7725 0.12875 0.12 0.2575
8 0.9004166666666666 0.1271875 0.1275 0.254375
8 0.0875 0.474375 0.155 0.295
8 0.23166666666666666 0.47375 0.14833333333333334 0.29625
8 0.37416666666666665 0.479375 0.155 0.305
8 0.5254166666666666 0.475625 0.1525 0.315
8 0.6725 0.475 0.13666666666666666 0.29625
8 0.81375 0.479375 0.14583333333333334 0.29
8 0.9416666666666667 0.4815625 0.11333333333333333 0.289375
8 0.10125 0.83625 0.14583333333333334 0.27375
8 0.23791666666666667 0.835625 0.1475 0.28
8 0.3745833333333333 0.835625 0.14416666666666667 0.27625
8 0.5125 0.83375 0.13166666666666665 0.26625
8 0.6516666666666666 0.83875 0.14333333333333334 0.265
8 0.7925 0.8415625 0.13 0.264375
8 0.92875 0.840625 0.12416666666666666 0.25875
