7 0.09375 0.2796875 0.18583333333333332 0.375625
7 0.26458333333333334 0.2734375 0.1925 0.380625
7 0.4716666666666667 0.3025 0.23 0.325
7 0.09333333333333334 0.7346875 0.02666666666666667 0.278125
7 0.24541666666666667 0.736875 0.009166666666666667 0.29125
7 0.41041666666666665 0.7521875 0.019166666666666665 0.266875
7 0.61375 0.7546875 0.0008333333333333334 0.265625
7 0.81 0.76125 0.016666666666666666 0.26125
7 0.9125 0.5090625 0.17166666666666666 0.779375
7 0.7920833333333334 0.30625 0.4058333333333333 0.32625
