7 0.03208333333333333 0.1059375 0.05416666666666667 0.170625
7 0.0975 0.1015625 0.09166666666666666 0.175625
7 0.18666666666666668 0.0984375 0.095 0.179375
7 0.27541666666666664 0.098125 0.08916666666666667 0.18
7 0.3620833333333333 0.0953125 0.09083333333333334 0.176875
7 0.44708333333333333 0.10375 0.08083333333333333 0.15625
7 0.54375 0.1053125 0.11416666666666667 0.148125
7 0.034166666666666665 0.373125 0.06833333333333333 0.17375
7 0.10625 0.37125 0.0875 0.17375
7 0.1925 0.3715625 0.09 0.173125
7 0.27875 0.3690625 0.08916666666666667 0.178125
7 0.36333333333333334 0.3675 0.09166666666666666 0.1775
7 0.44583333333333336 0.38 0.08166666666666667 0.15
7 0.06625 0.62 0.0775 0.16125
7 0.1425 0.6196875 0.07666666666666666 0.164375
7 0.21958333333333332 0.6190625 0.0775 0.166875
7 0.29833333333333334 0.620625 0.08333333333333333 0.16625
7 0.37583333333333335 0.6221875 0.07166666666666667 0.165625
7 0.4475 0.6384375 0.07166666666666667 0.169375
7 0.53875 0.645 0.10916666666666666 0.1625
7 0.6508333333333334 0.6453125 0.11833333333333333 0.168125
7 0.7716666666666666 0.6478125 0.12333333333333334 0.173125
7 0.8916666666666667 0.65 0.11833333333333333 0.16875
7 0.5375 0.3865625 0.10833333333333334 0.143125
7 0.6466666666666666 0.3853125 0.11166666666666666 0.141875
7 0.7595833333333334 0.3840625 0.10916666666666666 0.141875
7 0.8941666666666667 0.376875 0.125 0.155
7 0.6570833333333334 0.0996875 0.1175 0.148125
7 0.77375 0.094375 0.12583333333333332 0.15625
7 0.895 0.0909375 0.12333333333333334 0.156875
7 0.03916666666666667 0.883125 0.06833333333333333 0.1825
7 0.115 0.883125 0.08333333333333333 0.185
7 0.19625 0.8865625 0.08083333333333333 0.184375
7 0.28 0.8890625 0.08666666666666667 0.183125
7 0.36375 0.8915625 0.08416666666666667 0.185625
7 0.44375 0.8971875 0.07916666666666666 0.181875
7 0.5325 0.8734375 0.105 0.160625
7 0.6366666666666667 0.875 0.10666666666666667 0.16375
7 0.7429166666666667 0.8759375 0.10416666666666667 0.169375
7 0.8629166666666667 0.913125 0.11916666666666667 0.16875
