9 0.05520833333333333 0.36796875 0.10833333333333334 0.1265625
9 0.16197916666666667 0.36640625 0.103125 0.1296875
9 0.27239583333333334 0.364453125 0.11770833333333333 0.12890625
9 0.0234375 0.26328125 0.046875 0.0546875
9 0.078125 0.2609375 0.06458333333333334 0.05625
9 0.140625 0.260546875 0.0625 0.05234375
9 0.20520833333333333 0.26015625 0.06458333333333334 0.0484375
9 0.2734375 0.26484375 0.05520833333333333 0.040625
9 0.32916666666666666 0.258203125 0.06666666666666667 0.05390625
9 0.39947916666666666 0.26171875 0.059375 0.04375
9 0.4630208333333333 0.255859375 0.06354166666666666 0.05234375
9 0.515625 0.25703125 0.04583333333333333 0.0484375
9 0.4901041666666667 0.358984375 0.10104166666666667 0.13359375
9 0.40208333333333335 0.376953125 0.08125 0.10078125
9 0.1015625 0.531640625 0.103125 0.12578125
9 0.19427083333333334 0.53203125 0.08854166666666667 0.125
9 0.3328125 0.52109375 0.09270833333333334 0.1078125
9 0.42552083333333335 0.479296875 0.07604166666666666 0.03828125
9 0.4244791666666667 0.5171875 0.06979166666666667 0.0359375
9 0.43072916666666666 0.554296875 0.06145833333333333 0.03203125
9 0.5026041666666666 0.530859375 0.084375 0.13046875
9 0.14635416666666667 0.74453125 0.07395833333333333 0.134375
9 0.2171875 0.743359375 0.08020833333333334 0.13203125
9 0.290625 0.742578125 0.07916666666666666 0.13671875
9 0.3645833333333333 0.7421875 0.08333333333333333 0.134375
9 0.4390625 0.742578125 0.08020833333333334 0.13828125
9 0.0390625 0.88203125 0.07395833333333333 0.1296875
9 0.11354166666666667 0.8828125 0.07708333333333334 0.1328125
9 0.18802083333333333 0.88046875 0.08020833333333334 0.13125
9 0.2984375 0.880078125 0.121875 0.13515625
9 0.42083333333333334 0.8765625 0.12291666666666666 0.1328125
9 0.016666666666666666 0.70546875 0.03125 0.075
9 0.05364583333333333 0.703515625 0.04479166666666667 0.07421875
9 0.06614583333333333 0.77265625 0.057291666666666664 0.0625
9 0.01875 0.77421875 0.035416666666666666 0.0578125
9 0.6541666666666667 0.2453125 0.06875 0.06875
9 0.7177083333333333 0.24921875 0.06041666666666667 0.0578125
9 0.7859375 0.244921875 0.065625 0.06328125
9 0.8578125 0.236328125 0.07604166666666666 0.07890625
9 0.9307291666666667 0.23984375 0.06979166666666667 0.071875
9 0.959375 0.356640625 0.07291666666666667 0.13203125
9 0.88125 0.46953125 0.08958333333333333 0.0421875
9 0.8833333333333333 0.508984375 0.08333333333333333 0.03828125
9 0.8901041666666667 0.5484375 0.08229166666666667 0.0359375
9 0.9651041666666667 0.54765625 0.06354166666666666 0.040625
9 0.9614583333333333 0.50859375 0.07083333333333333 0.0359375
9 0.9614583333333333 0.46953125 0.06875 0.040625
