8 0.059895833333333336 0.183984375 0.059375 0.11796875
8 0.1140625 0.18515625 0.06145833333333333 0.121875
8 0.17291666666666666 0.184375 0.06666666666666667 0.1234375
8 0.32708333333333334 0.190625 0.05625 0.11875
8 0.3807291666666667 0.19140625 0.05520833333333333 0.11875
8 0.434375 0.18828125 0.05625 0.1234375
8 0.03125 0.335546875 0.05416666666666667 0.10390625
8 0.07864583333333333 0.334765625 0.053125 0.11015625
8 0.171875 0.338671875 0.04375 0.10703125
8 0.21770833333333334 0.338671875 0.05625 0.11015625
8 0.2713541666666667 0.341015625 0.057291666666666664 0.11171875
8 0.32395833333333335 0.340625 0.05625 0.1125
8 0.37604166666666666 0.340625 0.05625 0.1140625
8 0.4270833333333333 0.34140625 0.05416666666666667 0.1140625
8 0.48072916666666665 0.341796875 0.053125 0.11328125
8 0.165625 0.4765625 0.05416666666666667 0.1046875
8 0.215625 0.475390625 0.052083333333333336 0.11015625
8 0.265625 0.478515625 0.05416666666666667 0.10390625
8 0.32135416666666666 0.480859375 0.053125 0.09921875
8 0.075 0.608203125 0.05625 0.09921875
8 0.13020833333333334 0.608203125 0.05625 0.09921875
8 0.17916666666666667 0.608984375 0.058333333333333334 0.09921875
8 0.22864583333333333 0.609375 0.057291666666666664 0.1
8 0.27708333333333335 0.609765625 0.05625 0.10234375
8 0.3765625 0.609765625 0.04895833333333333 0.10078125
8 0.4234375 0.61015625 0.051041666666666666 0.1
8 0.0265625 0.609765625 0.053125 0.09453125
8 0.6364583333333333 0.1984375 0.05625 0.115625
8 0.6927083333333334 0.19765625 0.06041666666666667 0.1203125
8 0.7645833333333333 0.19765625 0.06041666666666667 0.1203125
8 0.85 0.201171875 0.06041666666666667 0.11796875
8 0.9145833333333333 0.203125 0.06041666666666667 0.11875
8 0.6197916666666666 0.34453125 0.041666666666666664 0.109375
8 0.6635416666666667 0.34453125 0.05625 0.1109375
8 0.7166666666666667 0.345703125 0.05416666666666667 0.11484375
8 0.7635416666666667 0.348046875 0.052083333333333336 0.11171875
8 0.8161458333333333 0.34921875 0.06145833333333333 0.1046875
8 0.6114583333333333 0.488671875 0.04791666666666667 0.10390625
8 0.6578125 0.48828125 0.057291666666666664 0.1015625
8 0.7104166666666667 0.4875 0.05625 0.10625
8 0.7640625 0.49140625 0.057291666666666664 0.0984375
8 0.8166666666666667 0.491796875 0.05625 0.09765625
8 0.8713541666666667 0.49375 0.05520833333333333 0.1
8 0.6041666666666666 0.61796875 0.04583333333333333 0.096875
8 0.65 0.6171875 0.05625 0.096875
8 0.7984375 0.622265625 0.04895833333333333 0.09609375
8 0.8442708333333333 0.621484375 0.05520833333333333 0.09296875
8 0.8942708333333333 0.62109375 0.05520833333333333 0.0984375
8 0.9463541666666667 0.623828125 0.057291666666666664 0.09609375
8 0.59375 0.78046875 0.041666666666666664 0.0984375
8 0.6369791666666667 0.785546875 0.04895833333333333 0.09453125
8 0.6848958333333334 0.782421875 0.05520833333333333 0.09453125
8 0.7338541666666667 0.787890625 0.053125 0.09453125
8 0.7807291666666667 0.785546875 0.05520833333333333 0.09453125
8 0.8260416666666667 0.785546875 0.04791666666666667 0.09140625
8 0.8661458333333333 0.77265625 0.040625 0.0859375
8 0.9114583333333334 0.777734375 0.052083333333333336 0.08984375
8 0.959375 0.7796875 0.052083333333333336 0.090625
8 0.5859375 0.9140625 0.03854166666666667 0.09375
8 0.6255208333333333 0.91796875 0.051041666666666666 0.090625
8 0.6744791666666666 0.919921875 0.05520833333333333 0.09609375
8 0.721875 0.925 0.04791666666666667 0.0875
8 0.7697916666666667 0.92265625 0.052083333333333336 0.0953125
8 0.8203125 0.92265625 0.057291666666666664 0.096875
8 0.8697916666666666 0.927734375 0.05625 0.08671875
8 0.9140625 0.93046875 0.051041666666666666 0.0875
8 0.965625 0.932421875 0.05625 0.08828125
8 0.3265625 0.885546875 0.06354166666666666 0.13984375
8 0.484375 0.7359375 0.0375 0.0984375
8 0.44583333333333336 0.733203125 0.03958333333333333 0.10078125
8 0.4046875 0.71796875 0.03854166666666667 0.0859375
8 0.3651041666666667 0.719140625 0.03854166666666667 0.08828125
8 0.325 0.71875 0.041666666666666664 0.0890625
8 0.28489583333333335 0.7171875 0.042708333333333334 0.0859375
8 0.053125 0.718359375 0.06666666666666667 0.10078125
8 0.14114583333333333 0.716796875 0.06145833333333333 0.09140625
8 0.05572916666666667 0.84765625 0.06145833333333333 0.1203125
8 0.10833333333333334 0.8484375 0.05416666666666667 0.121875
8 0.1578125 0.85078125 0.05520833333333333 0.128125
8 0.2125 0.853125 0.05625 0.128125
8 0.2671875 0.859375 0.053125 0.1203125
