8 0.09333333333333334 0.8203125 0.13166666666666665 0.240625
8 0.21583333333333332 0.8240625 0.13333333333333333 0.245625
8 0.36333333333333334 0.79 0.10333333333333333 0.195
8 0.47541666666666665 0.820625 0.12583333333333332 0.24375
8 0.6004166666666667 0.8190625 0.12416666666666666 0.244375
8 0.7295833333333334 0.8225 0.13083333333333333 0.245
8 0.8670833333333333 0.8246875 0.1325 0.249375
8 0.11 0.5009375 0.13666666666666666 0.246875
8 0.23833333333333334 0.4990625 0.14 0.248125
8 0.36541666666666667 0.498125 0.14083333333333334 0.25
8 0.495 0.5015625 0.13333333333333333 0.248125
8 0.6204166666666666 0.4996875 0.1325 0.251875
8 0.73 0.49375 0.09666666666666666 0.22625
8 0.11333333333333333 0.12 0.13333333333333333 0.23625
8 0.24416666666666667 0.1221875 0.135 0.240625
8 0.37583333333333335 0.1209375 0.135 0.238125
8 0.5075 0.1215625 0.135 0.236875
8 0.6366666666666667 0.1215625 0.135 0.239375
8 0.7675 0.1209375 0.13 0.240625
8 0.8979166666666667 0.1221875 0.13083333333333333 0.240625
8 0.02375 0.4925 0.0425 0.2325
