7 0.08416666666666667 0.37 0.09833333333333333 0.13125
7 0.18583333333333332 0.366875 0.10833333333333334 0.1325
7 0.29375 0.356875 0.11583333333333333 0.135
7 0.40291666666666665 0.3546875 0.11916666666666667 0.138125
7 0.5133333333333333 0.3490625 0.11666666666666667 0.139375
7 0.625 0.33875 0.12333333333333334 0.13875
7 0.7425 0.33 0.13 0.14375
7 0.85875 0.3228125 0.13083333333333333 0.149375
7 0.95625 0.3175 0.08416666666666667 0.1525
7 0.10208333333333333 0.5975 0.1025 0.14375
7 0.2075 0.5934375 0.10833333333333334 0.146875
7 0.3233333333333333 0.5896875 0.12166666666666667 0.145625
7 0.4404166666666667 0.584375 0.11583333333333333 0.15
7 0.5583333333333333 0.581875 0.12666666666666668 0.15125
7 0.6775 0.5790625 0.13166666666666665 0.153125
7 0.03333333333333333 0.824375 0.065 0.1525
7 0.12583333333333332 0.8396875 0.10833333333333334 0.158125
7 0.23875 0.835625 0.1125 0.1675
7 0.36 0.834375 0.12 0.16375
7 0.4766666666666667 0.8296875 0.12333333333333334 0.164375
7 0.5970833333333333 0.818125 0.1225 0.155
7 0.7116666666666667 0.8153125 0.13 0.158125
7 0.8216666666666667 0.7965625 0.12166666666666667 0.144375
7 0.9291666666666667 0.79375 0.13166666666666665 0.14375
7 0.8058333333333333 0.5725 0.13666666666666666 0.155
7 0.9295833333333333 0.5678125 0.13083333333333333 0.159375
