7 0.034375 0.133984375 0.03125 0.06171875
7 0.06875 0.122265625 0.041666666666666664 0.08671875
7 0.10364583333333334 0.120703125 0.042708333333333334 0.08671875
7 0.1421875 0.119140625 0.040625 0.08984375
7 0.18177083333333333 0.120703125 0.04479166666666667 0.08984375
7 0.22395833333333334 0.119140625 0.04375 0.08984375
7 0.26510416666666664 0.119140625 0.04479166666666667 0.08984375
7 0.3072916666666667 0.119140625 0.04583333333333333 0.09140625
7 0.3489583333333333 0.11796875 0.04375 0.0921875
7 0.03697916666666667 0.234375 0.042708333333333334 0.084375
7 0.07395833333333333 0.233984375 0.03958333333333333 0.08359375
7 0.11041666666666666 0.233984375 0.041666666666666664 0.08359375
7 0.146875 0.23515625 0.041666666666666664 0.0859375
7 0.18802083333333333 0.233984375 0.040625 0.08828125
7 0.22708333333333333 0.23515625 0.041666666666666664 0.0859375
7 0.2671875 0.2375 0.040625 0.0859375
7 0.3098958333333333 0.2375 0.04479166666666667 0.0859375
7 0.35104166666666664 0.238671875 0.041666666666666664 0.08515625
7 0.3885416666666667 0.23828125 0.041666666666666664 0.0875
7 0.03333333333333333 0.343359375 0.03958333333333333 0.08359375
7 0.0703125 0.343359375 0.03854166666666667 0.08046875
7 0.10677083333333333 0.34609375 0.042708333333333334 0.08125
7 0.14479166666666668 0.345703125 0.041666666666666664 0.08046875
7 0.18125 0.346875 0.041666666666666664 0.0828125
7 0.22083333333333333 0.346875 0.03958333333333333 0.0828125
7 0.2578125 0.3484375 0.040625 0.084375
7 0.2947916666666667 0.348828125 0.041666666666666664 0.08203125
7 0.33541666666666664 0.350390625 0.04375 0.08359375
7 0.37447916666666664 0.35078125 0.03854166666666667 0.08125
7 0.41354166666666664 0.351171875 0.03958333333333333 0.08203125
7 0.0296875 0.446875 0.034375 0.0796875
7 0.07916666666666666 0.4484375 0.03958333333333333 0.0765625
7 0.11458333333333333 0.448046875 0.035416666666666666 0.08203125
7 0.15104166666666666 0.450390625 0.0375 0.07890625
7 0.18854166666666666 0.45078125 0.041666666666666664 0.08125
7 0.228125 0.452734375 0.0375 0.07890625
7 0.2635416666666667 0.451953125 0.03958333333333333 0.07890625
7 0.31145833333333334 0.455859375 0.041666666666666664 0.07890625
7 0.35260416666666666 0.45625 0.040625 0.08125
7 0.3875 0.45703125 0.035416666666666666 0.0765625
7 0.4234375 0.458203125 0.036458333333333336 0.07890625
7 0.45625 0.459765625 0.029166666666666667 0.07734375
7 0.4895833333333333 0.46015625 0.03958333333333333 0.078125
7 0.5265625 0.461328125 0.042708333333333334 0.08515625
7 0.5682291666666667 0.46171875 0.040625 0.08125
7 0.49635416666666665 0.3546875 0.03854166666666667 0.0796875
7 0.4552083333333333 0.352734375 0.041666666666666664 0.08203125
7 0.534375 0.354296875 0.041666666666666664 0.08359375
7 0.5723958333333333 0.354296875 0.04479166666666667 0.08515625
7 0.3921875 0.118359375 0.042708333333333334 0.09140625
7 0.4354166666666667 0.117578125 0.04375 0.09140625
7 0.478125 0.117578125 0.04791666666666667 0.09296875
7 0.5244791666666667 0.116796875 0.046875 0.09453125
7 0.5703125 0.115234375 0.042708333333333334 0.09453125
7 0.6135416666666667 0.116015625 0.041666666666666664 0.09453125
7 0.43072916666666666 0.238671875 0.040625 0.08515625
7 0.4734375 0.237890625 0.04895833333333333 0.08828125
7 0.5609375 0.244921875 0.036458333333333336 0.07421875
7 0.5979166666666667 0.24453125 0.0375 0.075
7 0.678125 0.116796875 0.04583333333333333 0.09140625
7 0.7244791666666667 0.116015625 0.04895833333333333 0.09609375
7 0.7713541666666667 0.115625 0.04479166666666667 0.09375
7 0.81875 0.1140625 0.04791666666666667 0.096875
7 0.7125 0.237890625 0.04375 0.08828125
7 0.75625 0.239453125 0.041666666666666664 0.08671875
7 0.7994791666666666 0.2375 0.046875 0.0890625
7 0.7119791666666667 0.354296875 0.04479166666666667 0.08515625
7 0.753125 0.355078125 0.03958333333333333 0.08203125
7 0.7942708333333334 0.35546875 0.042708333333333334 0.08125
7 0.709375 0.46640625 0.041666666666666664 0.0828125
7 0.7505208333333333 0.466015625 0.040625 0.08359375
7 0.7927083333333333 0.464453125 0.041666666666666664 0.08515625
7 0.9052083333333333 0.115234375 0.04791666666666667 0.09140625
7 0.9541666666666667 0.11484375 0.04791666666666667 0.09375
7 0.8927083333333333 0.235546875 0.04791666666666667 0.08984375
7 0.9390625 0.23359375 0.04895833333333333 0.090625
7 0.98125 0.233984375 0.03333333333333333 0.08984375
7 0.8791666666666667 0.3546875 0.04583333333333333 0.0859375
7 0.9270833333333334 0.354296875 0.04583333333333333 0.08984375
7 0.971875 0.354296875 0.04375 0.08828125
7 0.8630208333333333 0.466796875 0.051041666666666666 0.08515625
7 0.909375 0.466796875 0.041666666666666664 0.08671875
7 0.9520833333333333 0.467578125 0.04375 0.08515625