7 0.07416666666666667 0.1996875 0.10833333333333334 0.223125
7 0.17708333333333334 0.1921875 0.11916666666666667 0.226875
7 0.29375 0.1871875 0.1225 0.231875
7 0.04791666666666667 0.513125 0.08083333333333333 0.20375
7 0.13333333333333333 0.50875 0.09833333333333333 0.2075
7 0.22875 0.5071875 0.1075 0.219375
7 0.33625 0.5096875 0.11083333333333334 0.228125
7 0.04625 0.7821875 0.09083333333333334 0.210625
7 0.14708333333333334 0.7796875 0.1025 0.203125
7 0.3 0.795625 0.085 0.2325
7 0.6620833333333334 0.771875 0.0925 0.1725
7 0.7545833333333334 0.7728125 0.10083333333333333 0.176875
7 0.85 0.775 0.09666666666666666 0.18125
7 0.8108333333333333 0.3865625 0.14666666666666667 0.003125
7 0.7470833333333333 0.5084375 0.2475 0.235625
7 0.68875 0.3415625 0.1125 0.569375
7 0.75375 0.181875 0.005833333333333334 0.24125
7 0.8716666666666667 0.1815625 0.0016666666666666668 0.238125
