7 0.07083333333333333 0.155625 0.07166666666666667 0.155
7 0.15583333333333332 0.1559375 0.07333333333333333 0.154375
7 0.23 0.1534375 0.075 0.156875
7 0.30875 0.1515625 0.07916666666666666 0.155625
7 0.49333333333333335 0.175 0.06166666666666667 0.105
7 0.5625 0.1584375 0.08 0.134375
7 0.6495833333333333 0.1484375 0.08416666666666667 0.154375
7 0.06541666666666666 0.3803125 0.06416666666666666 0.138125
7 0.24 0.3825 0.07333333333333333 0.125
7 0.31 0.3821875 0.07333333333333333 0.123125
7 0.3695833333333333 0.3809375 0.050833333333333335 0.123125
7 0.44625 0.3746875 0.07416666666666667 0.146875
7 0.5229166666666667 0.3671875 0.0825 0.163125
7 0.6020833333333333 0.3678125 0.0775 0.166875
7 0.6816666666666666 0.375 0.07166666666666667 0.15375
7 0.7929166666666667 0.381875 0.10916666666666666 0.12875
7 0.9354166666666667 0.3703125 0.11416666666666667 0.151875
7 0.28041666666666665 0.785625 0.08083333333333333 0.16375
7 0.36375 0.7921875 0.08083333333333333 0.169375
7 0.4454166666666667 0.5753125 0.06583333333333333 0.144375
7 0.5204166666666666 0.5765625 0.05416666666666667 0.138125
7 0.5770833333333333 0.57875 0.060833333333333336 0.1475
7 0.8525 0.8315625 0.11833333333333333 0.150625
7 0.95625 0.8334375 0.07416666666666667 0.148125
7 0.9475 0.614375 0.09 0.1525
7 0.8154166666666667 0.6128125 0.12083333333333333 0.154375
