8 0.04083333333333333 0.105625 0.08166666666666667 0.185
8 0.11041666666666666 0.1025 0.10416666666666667 0.1875
8 0.195 0.1040625 0.10166666666666667 0.184375
8 0.2833333333333333 0.1040625 0.09666666666666666 0.186875
8 0.36791666666666667 0.1040625 0.09583333333333334 0.188125
8 0.45875 0.10375 0.09916666666666667 0.18625
8 0.5458333333333333 0.10375 0.09166666666666666 0.1875
8 0.6333333333333333 0.1028125 0.09 0.188125
8 0.8033333333333333 0.1034375 0.09333333333333334 0.188125
8 0.7204166666666667 0.1046875 0.09083333333333334 0.188125
8 0.8883333333333333 0.1040625 0.09333333333333334 0.185625
8 0.9608333333333333 0.101875 0.075 0.1875
8 0.057916666666666665 0.3353125 0.10583333333333333 0.165625
8 0.14125 0.3371875 0.09916666666666667 0.165625
8 0.22083333333333333 0.3359375 0.09166666666666666 0.163125
8 0.30083333333333334 0.3353125 0.08666666666666667 0.165625
8 0.3754166666666667 0.33375 0.08916666666666667 0.16625
8 0.45625 0.335625 0.08083333333333333 0.16625
8 0.5358333333333334 0.3321875 0.08 0.164375
8 0.61625 0.3309375 0.0825 0.164375
8 0.6945833333333333 0.3303125 0.08416666666666667 0.165625
8 0.77625 0.32875 0.08416666666666667 0.16625
8 0.8566666666666667 0.3284375 0.085 0.165625
8 0.93625 0.32625 0.0875 0.16375
8 0.2325 0.564375 0.09 0.14375
8 0.15375 0.565625 0.0925 0.1425
8 0.07458333333333333 0.5678125 0.08916666666666667 0.140625
8 0.30791666666666667 0.5646875 0.08583333333333333 0.143125
8 0.385 0.565625 0.08166666666666667 0.1425
8 0.4625 0.561875 0.07833333333333334 0.14375
8 0.53375 0.55875 0.07416666666666667 0.14375
8 0.6054166666666667 0.5590625 0.0775 0.144375
8 0.6816666666666666 0.55875 0.075 0.14625
8 0.75875 0.560625 0.08083333333333333 0.1475
8 0.8320833333333333 0.559375 0.07416666666666667 0.1425
8 0.9083333333333333 0.556875 0.08333333333333333 0.14375
8 0.9704166666666667 0.556875 0.050833333333333335 0.14375
8 0.07416666666666667 0.9034375 0.085 0.133125
8 0.14708333333333334 0.9075 0.08416666666666667 0.1325
8 0.22208333333333333 0.9078125 0.08416666666666667 0.130625
8 0.29791666666666666 0.9053125 0.08083333333333333 0.129375
8 0.37125 0.9059375 0.07916666666666666 0.131875
8 0.44416666666666665 0.9078125 0.07666666666666666 0.133125
8 0.5179166666666667 0.909375 0.07416666666666667 0.13
8 0.5933333333333334 0.905 0.075 0.13625
8 0.6704166666666667 0.9059375 0.07916666666666666 0.135625
8 0.7441666666666666 0.9078125 0.07666666666666666 0.129375
8 0.8191666666666667 0.905 0.08 0.13125
8 0.8941666666666667 0.9009375 0.07833333333333334 0.131875
8 0.9645833333333333 0.8990625 0.0625 0.136875
