8 0.08458333333333333 0.1084375 0.11083333333333334 0.208125
8 0.19125 0.110625 0.10583333333333333 0.2125
8 0.28875 0.1128125 0.10416666666666667 0.215625
8 0.39125 0.1128125 0.10416666666666667 0.213125
8 0.49541666666666667 0.1128125 0.10083333333333333 0.216875
8 0.5970833333333333 0.1146875 0.10583333333333333 0.220625
8 0.69875 0.11625 0.1075 0.22375
8 0.7970833333333334 0.11875 0.10416666666666667 0.225
8 0.895 0.1203125 0.10333333333333333 0.219375
8 0.9716666666666667 0.124375 0.05333333333333334 0.21375
8 0.027916666666666666 0.37375 0.05416666666666667 0.20625
8 0.09666666666666666 0.3746875 0.11 0.209375
8 0.19708333333333333 0.37125 0.11083333333333334 0.21375
8 0.30083333333333334 0.375 0.11 0.20625
8 0.39958333333333335 0.374375 0.10416666666666667 0.21
8 0.4970833333333333 0.3765625 0.1025 0.204375
8 0.595 0.3778125 0.09666666666666666 0.205625
8 0.6958333333333333 0.3771875 0.105 0.203125
8 0.7916666666666666 0.3796875 0.105 0.203125
8 0.8908333333333334 0.3771875 0.10166666666666667 0.196875
8 0.9629166666666666 0.38 0.06583333333333333 0.19875
8 0.02875 0.6278125 0.05583333333333333 0.193125
8 0.09666666666666666 0.62625 0.10666666666666667 0.18875
8 0.19375 0.62875 0.10416666666666667 0.18625
8 0.2945833333333333 0.6259375 0.10916666666666666 0.189375
8 0.3904166666666667 0.6240625 0.09916666666666667 0.184375
8 0.48333333333333334 0.62125 0.09833333333333333 0.18875
8 0.57875 0.62 0.08916666666666667 0.18875
8 0.6729166666666667 0.62 0.09083333333333334 0.18625
8 0.7666666666666667 0.61875 0.08833333333333333 0.18
8 0.86 0.6190625 0.08666666666666667 0.184375
8 0.9325 0.60375 0.06166666666666667 0.16125
8 0.06041666666666667 0.8996875 0.019166666666666665 0.169375
8 0.15458333333333332 0.899375 0.009166666666666667 0.1725
8 0.24583333333333332 0.90125 0.011666666666666667 0.1725
8 0.3408333333333333 0.9040625 0.011666666666666667 0.169375
8 0.4345833333333333 0.8953125 0.009166666666666667 0.178125
8 0.5241666666666667 0.8959375 0.0016666666666666668 0.170625
8 0.6145833333333334 0.8909375 0.0025 0.169375
8 0.7070833333333333 0.888125 0.005833333333333334 0.1725
8 0.7966666666666666 0.8840625 0.0016666666666666668 0.176875
8 0.8904166666666666 0.8859375 0.0008333333333333334 0.165625
