9 0.13125 0.695 0.2608333333333333 0.1
9 0.4041666666666667 0.7165625 0.25333333333333335 0.103125
9 0.6233333333333333 0.6153125 0.175 0.076875
9 0.6154166666666666 0.6846875 0.15916666666666668 0.063125
9 0.13041666666666665 0.7965625 0.25583333333333336 0.096875
9 0.41541666666666666 0.8096875 0.25416666666666665 0.091875
9 0.12166666666666667 0.9040625 0.23833333333333334 0.100625
9 0.12458333333333334 0.9790625 0.2475 0.039375
9 0.4033333333333333 0.9040625 0.24 0.091875
9 0.39791666666666664 0.975 0.24583333333333332 0.045
9 0.6666666666666666 0.9771875 0.24166666666666667 0.038125
9 0.67 0.9134375 0.23666666666666666 0.093125
9 0.8970833333333333 0.9015625 0.19916666666666666 0.084375
9 0.895 0.975 0.20333333333333334 0.0475
9 0.035 0.303125 0.06833333333333333 0.05625
9 0.03791666666666667 0.3553125 0.0725 0.055625
9 0.03625 0.405625 0.06916666666666667 0.0525
9 0.03333333333333333 0.4559375 0.065 0.048125
9 0.12958333333333333 0.4575 0.10916666666666666 0.05375
9 0.13125 0.4109375 0.11083333333333334 0.055625
9 0.18583333333333332 0.3684375 0.09666666666666666 0.049375
9 0.18833333333333332 0.3221875 0.09666666666666666 0.048125
9 0.28208333333333335 0.326875 0.08916666666666667 0.0475
9 0.28208333333333335 0.373125 0.0925 0.045
9 0.28125 0.4171875 0.09083333333333334 0.043125
9 0.27791666666666665 0.4578125 0.08916666666666667 0.041875
9 0.37916666666666665 0.466875 0.11666666666666667 0.05
9 0.38166666666666665 0.419375 0.11666666666666667 0.0475
9 0.38416666666666666 0.3715625 0.11666666666666667 0.055625
9 0.38458333333333333 0.3203125 0.1175 0.054375
9 0.13125 0.1628125 0.12416666666666666 0.059375
9 0.12875 0.2165625 0.1175 0.056875
9 0.0325 0.0453125 0.06333333333333334 0.059375
9 0.03208333333333333 0.1025 0.06416666666666666 0.05625
9 0.028333333333333332 0.1575 0.055 0.0575
9 0.027916666666666666 0.2115625 0.05583333333333333 0.054375
9 0.26916666666666667 0.070625 0.115 0.06875
9 0.2633333333333333 0.1265625 0.115 0.055625
9 0.2608333333333333 0.1740625 0.11166666666666666 0.051875
9 0.25708333333333333 0.224375 0.11416666666666667 0.055
9 0.37916666666666665 0.2328125 0.13333333333333333 0.056875
9 0.38208333333333333 0.18125 0.11916666666666667 0.0525
9 0.39 0.13375 0.11333333333333333 0.05625
9 0.3879166666666667 0.078125 0.1125 0.05875
9 0.5129166666666667 0.08875 0.11083333333333334 0.05875
9 0.5125 0.144375 0.10833333333333334 0.055
9 0.5054166666666666 0.190625 0.1125 0.0525
9 0.5054166666666666 0.2384375 0.1175 0.054375
9 0.6229166666666667 0.2440625 0.11583333333333333 0.053125
9 0.6266666666666667 0.1946875 0.115 0.056875
9 0.6183333333333333 0.13625 0.09 0.05
9 0.5120833333333333 0.3275 0.1175 0.055
9 0.50375 0.378125 0.10916666666666666 0.05125
9 0.5008333333333334 0.4275 0.11 0.05125
9 0.4975 0.4753125 0.11166666666666666 0.046875
9 0.62875 0.33375 0.11416666666666667 0.05375
9 0.6191666666666666 0.3840625 0.11 0.049375
9 0.6170833333333333 0.431875 0.10583333333333333 0.04875
9 0.6141666666666666 0.4778125 0.105 0.045625
9 0.725 0.480625 0.11166666666666666 0.05
9 0.72875 0.4340625 0.10916666666666666 0.048125
9 0.735 0.386875 0.10666666666666667 0.0525
9 0.7433333333333333 0.338125 0.10833333333333334 0.0525
9 0.8566666666666667 0.3434375 0.11333333333333333 0.054375
9 0.84875 0.3928125 0.11083333333333334 0.051875
9 0.8420833333333333 0.439375 0.1075 0.05
9 0.8383333333333334 0.484375 0.105 0.04625
9 0.9441666666666667 0.486875 0.10333333333333333 0.0475
9 0.9475 0.4434375 0.09666666666666666 0.044375
9 0.9516666666666667 0.3978125 0.08833333333333333 0.048125
9 0.955 0.3509375 0.08 0.050625
9 0.7570833333333333 0.1046875 0.11083333333333334 0.056875
9 0.7529166666666667 0.1559375 0.1075 0.053125
9 0.7491666666666666 0.20375 0.10833333333333334 0.055
9 0.7445833333333334 0.25 0.1125 0.0525
9 0.8591666666666666 0.2565625 0.115 0.053125
9 0.8641666666666666 0.2103125 0.11333333333333333 0.054375
9 0.8708333333333333 0.16 0.11333333333333333 0.05125
9 0.88 0.1103125 0.10833333333333334 0.058125
9 0.9670833333333333 0.108125 0.059166666666666666 0.05
9 0.965 0.1603125 0.06333333333333334 0.051875
9 0.9616666666666667 0.2096875 0.07 0.051875
9 0.9591666666666666 0.2603125 0.075 0.046875
