9 0.14791666666666667 0.84375 0.15916666666666668 0.17875
9 0.31583333333333335 0.853125 0.15666666666666668 0.1825
9 0.5075 0.8475 0.16 0.17375
9 0.19958333333333333 0.55625 0.17083333333333334 0.145
9 0.19208333333333333 0.4396875 0.17083333333333334 0.073125
9 0.43333333333333335 0.5271875 0.10833333333333334 0.130625
9 0.5545833333333333 0.530625 0.1325 0.1575
9 0.6983333333333334 0.5375 0.14666666666666667 0.155
9 0.6670833333333334 0.8575 0.15583333333333332 0.1775
9 0.6754166666666667 0.7303125 0.15916666666666668 0.084375
9 0.5091666666666667 0.721875 0.165 0.075
9 0.82625 0.8571875 0.16083333333333333 0.174375
9 0.8341666666666666 0.731875 0.16 0.07875
9 0.9195833333333333 0.55 0.15416666666666667 0.16875
9 0.92875 0.425 0.13583333333333333 0.07875
9 0.95125 0.2109375 0.08916666666666667 0.164375
9 0.94875 0.086875 0.09083333333333334 0.0725
9 0.8195833333333333 0.089375 0.1625 0.055
9 0.82875 0.2090625 0.1625 0.169375
9 0.66625 0.2228125 0.15583333333333332 0.146875
9 0.6716666666666666 0.043125 0.15 0.06875
9 0.6608333333333334 0.114375 0.13833333333333334 0.04625
9 0.5145833333333333 0.1046875 0.14916666666666667 0.059375
9 0.5120833333333333 0.0403125 0.15083333333333335 0.063125
9 0.50125 0.218125 0.1525 0.15875
9 0.35041666666666665 0.12375 0.1525 0.06375
9 0.34 0.22875 0.15833333333333333 0.145
9 0.17458333333333334 0.2234375 0.1675 0.150625
9 0.18958333333333333 0.1265625 0.15916666666666668 0.065625
9 0.2175 0.0540625 0.155 0.068125
9 0.8445833333333334 0.02875 0.1625 0.05125
