4 0.06283068783068783 0.21341765873015872 0.11970899470899471 0.24032738095238096
4 0.16319444444444445 0.21391369047619047 0.1292989417989418 0.23983134920634921
4 0.2736441798941799 0.21316964285714285 0.12136243386243387 0.2408234126984127
4 0.08564814814814815 0.44035218253968256 0.11904761904761904 0.21006944444444445
4 0.18501984126984128 0.4383680555555556 0.12136243386243387 0.21106150793650794
4 0.28918650793650796 0.4388640873015873 0.11210317460317461 0.21106150793650794
4 0.38591269841269843 0.4477926587301587 0.09523809523809523 0.18824404761904762
4 0.4740410052910053 0.4469246031746032 0.08697089947089948 0.18799603174603174
4 0.4720568783068783 0.2542162698412698 0.09556878306878307 0.2013888888888889
4 0.3966600529100529 0.25967261904761907 0.07175925925925926 0.1875
4 0.11607142857142858 0.7775297619047619 0.16335978835978837 0.34771825396825395
4 0.2524801587301587 0.7797619047619048 0.1703042328042328 0.3531746031746032
4 0.39302248677248675 0.7750496031746031 0.15707671957671956 0.35267857142857145
4 0.59375 0.7872023809523809 0.12136243386243387 0.32142857142857145
4 0.7296626984126984 0.7836061507936508 0.12533068783068782 0.3162202380952381
4 0.8647486772486772 0.7779017857142857 0.125 0.30927579365079366
4 0.9644510582010583 0.7764136904761905 0.06448412698412699 0.31026785714285715
4 0.5739087301587301 0.30778769841269843 0.09093915343915344 0.1636904761904762
4 0.6704695767195767 0.30617559523809523 0.09226190476190477 0.16245039682539683
4 0.5714285714285714 0.47941468253968256 0.10119047619047619 0.18055555555555555
4 0.6752645502645502 0.4806547619047619 0.10052910052910052 0.17708333333333334
4 0.7891865079365079 0.48127480158730157 0.09821428571428571 0.18377976190476192
4 0.7875330687830688 0.30443948412698413 0.09821428571428571 0.15947420634920634
4 0.964781746031746 0.3071676587301587 0.05853174603174603 0.1470734126984127
4 0.8893849206349206 0.30654761904761907 0.08630952380952381 0.15922619047619047
