7 0.029166666666666667 0.229375 0.051666666666666666 0.14125
7 0.0925 0.223125 0.07 0.14125
7 0.1825 0.2196875 0.07666666666666666 0.136875
7 0.26208333333333333 0.2153125 0.08083333333333333 0.139375
7 0.3383333333333333 0.2096875 0.08333333333333333 0.143125
7 0.07833333333333334 0.4340625 0.075 0.159375
7 0.16541666666666666 0.4303125 0.0775 0.161875
7 0.24458333333333335 0.428125 0.0825 0.15875
7 0.32666666666666666 0.4259375 0.085 0.161875
7 0.4191666666666667 0.4215625 0.085 0.164375
7 0.5025 0.4203125 0.09 0.159375
7 0.5870833333333333 0.41625 0.0925 0.1675
7 0.019166666666666665 0.4303125 0.03666666666666667 0.165625
7 0.0775 0.658125 0.08333333333333333 0.1775
7 0.16458333333333333 0.6553125 0.07416666666666667 0.179375
7 0.24625 0.65375 0.0825 0.18375
7 0.32916666666666666 0.6534375 0.08666666666666667 0.185625
7 0.42875 0.653125 0.09083333333333334 0.18375
7 0.5125 0.653125 0.09333333333333334 0.18375
7 0.6004166666666667 0.6509375 0.0975 0.186875
7 0.023333333333333334 0.855625 0.043333333333333335 0.1425
7 0.07666666666666666 0.856875 0.06833333333333333 0.14875
7 0.21 0.8746875 0.075 0.163125
7 0.28791666666666665 0.8734375 0.07916666666666666 0.164375
7 0.35625 0.8740625 0.0625 0.165625
7 0.4529166666666667 0.8778125 0.09416666666666666 0.171875
7 0.53875 0.881875 0.09083333333333334 0.1675
7 0.6220833333333333 0.8796875 0.09416666666666666 0.169375
7 0.70875 0.196875 0.09416666666666666 0.16375
7 0.7908333333333334 0.201875 0.085 0.1625
7 0.8708333333333333 0.2053125 0.085 0.160625
7 0.9479166666666666 0.210625 0.08583333333333333 0.16
7 0.7154166666666667 0.4075 0.0925 0.17125
7 0.8 0.4059375 0.095 0.176875
7 0.8795833333333334 0.40875 0.0975 0.17125
7 0.9583333333333334 0.409375 0.075 0.17125
7 0.7920833333333334 0.6403125 0.10083333333333333 0.178125
7 0.8729166666666667 0.63125 0.07416666666666667 0.15125
