4 0.03455687830687831 0.16517857142857142 0.05654761904761905 0.11507936507936507
4 0.09176587301587301 0.1644345238095238 0.06911375661375661 0.11706349206349206
4 0.1509589947089947 0.1657986111111111 0.06448412698412699 0.11383928571428571
4 0.20982142857142858 0.1650545634920635 0.06580687830687831 0.1158234126984127
4 0.26851851851851855 0.16530257936507936 0.06415343915343916 0.11334325396825397
4 0.3316798941798942 0.16629464285714285 0.06349206349206349 0.11383928571428571
4 0.41203703703703703 0.18340773809523808 0.0496031746031746 0.0845734126984127
4 0.46593915343915343 0.08209325396825397 0.047619047619047616 0.1001984126984127
4 0.5143849206349206 0.08110119047619048 0.05324074074074074 0.10069444444444445
4 0.5651455026455027 0.08246527777777778 0.04894179894179894 0.09945436507936507
4 0.6129298941798942 0.08035714285714286 0.04927248677248677 0.10218253968253968
4 0.6646825396825397 0.08023313492063493 0.04894179894179894 0.10143849206349206
4 0.4661044973544973 0.17956349206349206 0.04728835978835979 0.09325396825396826
4 0.5138888888888888 0.1783234126984127 0.05092592592592592 0.09672619047619048
4 0.5631613756613757 0.17894345238095238 0.0496031746031746 0.09598214285714286
4 0.611441798941799 0.17956349206349206 0.047619047619047616 0.09474206349206349
4 0.6603835978835979 0.17919146825396826 0.05026455026455026 0.09697420634920635
4 0.7093253968253969 0.17956349206349206 0.0496031746031746 0.09821428571428571
4 0.7581018518518519 0.17919146825396826 0.045965608465608467 0.09449404761904762
4 0.8053902116402116 0.18018353174603174 0.04861111111111111 0.09846230158730158
4 0.8523478835978836 0.18092757936507936 0.04927248677248677 0.09399801587301587
4 0.9006283068783069 0.18092757936507936 0.05324074074074074 0.09449404761904762
4 0.9541997354497355 0.18043154761904762 0.054563492063492064 0.09796626984126984
4 0.7151124338624338 0.07936507936507936 0.04861111111111111 0.10069444444444445
4 0.7627314814814815 0.0818452380952381 0.04332010582010582 0.0992063492063492
4 0.8098544973544973 0.08060515873015874 0.05423280423280423 0.09672619047619048
4 0.8609457671957672 0.08370535714285714 0.04728835978835979 0.09796626984126984
4 0.9097222222222222 0.08159722222222222 0.05489417989417989 0.0992063492063492
4 0.9639550264550265 0.08035714285714286 0.05026455026455026 0.09970238095238096
4 0.07622354497354497 0.43539186507936506 0.05654761904761905 0.09895833333333333
4 0.13111772486772486 0.435515873015873 0.05919312169312169 0.09970238095238096
4 0.1865079365079365 0.43625992063492064 0.05886243386243386 0.10168650793650794
4 0.24388227513227514 0.43762400793650796 0.05787037037037037 0.10243055555555555
4 0.29910714285714285 0.4383680555555556 0.05588624338624339 0.10143849206349206
4 0.3544973544973545 0.4383680555555556 0.057539682539682536 0.10193452380952381
4 0.4083994708994709 0.4401041666666667 0.05423280423280423 0.10342261904761904
4 0.45849867724867727 0.32217261904761907 0.05787037037037037 0.1195436507936508
4 0.5132275132275133 0.3227926587301587 0.056216931216931214 0.11830357142857142
4 0.5677910052910053 0.3227926587301587 0.05489417989417989 0.11979166666666667
4 0.6235119047619048 0.32428075396825395 0.05125661375661376 0.11731150793650794
4 0.4603174603174603 0.4375 0.05291005291005291 0.1111111111111111
4 0.5130621693121693 0.4388640873015873 0.05324074074074074 0.11036706349206349
4 0.5666335978835979 0.43874007936507936 0.05125661375661376 0.11210317460317461
4 0.6190476190476191 0.43799603174603174 0.05357142857142857 0.1130952380952381
4 0.6793981481481481 0.32428075396825395 0.05720899470899471 0.11731150793650794
4 0.6721230158730159 0.44072420634920634 0.05125661375661376 0.11210317460317461
4 0.7256944444444444 0.4399801587301587 0.05588624338624339 0.11259920634920635
4 0.734457671957672 0.32328869047619047 0.05291005291005291 0.11879960317460317
4 0.791005291005291 0.3240327380952381 0.0582010582010582 0.11879960317460317
4 0.781415343915344 0.4392361111111111 0.06018518518518518 0.11359126984126984
4 0.8369708994708994 0.44060019841269843 0.05489417989417989 0.11433531746031746
4 0.8915343915343915 0.43973214285714285 0.05357142857142857 0.11607142857142858
4 0.947255291005291 0.4418402777777778 0.05919312169312169 0.11731150793650794
4 0.8485449735449735 0.32490079365079366 0.061507936507936505 0.11904761904761904
4 0.9055886243386243 0.3246527777777778 0.05654761904761905 0.11755952380952381
4 0.9631283068783069 0.32415674603174605 0.06117724867724868 0.11805555555555555
4 0.09904100529100529 0.6282242063492064 0.09623015873015874 0.2003968253968254
4 0.18270502645502645 0.6268601190476191 0.08366402116402116 0.2065972222222222
4 0.26339285714285715 0.6295882936507936 0.08432539682539683 0.21254960317460317
4 0.35813492063492064 0.6360367063492064 0.08002645502645503 0.20610119047619047
4 0.44047619047619047 0.6324404761904762 0.08465608465608465 0.21378968253968253
4 0.5171957671957672 0.6304563492063492 0.07804232804232804 0.20634920634920634
4 0.595568783068783 0.6316964285714286 0.07936507936507936 0.2113095238095238
4 0.6765873015873016 0.6345486111111112 0.08068783068783068 0.21006944444444445
4 0.7610780423280423 0.6383928571428571 0.09027777777777778 0.21478174603174602
4 0.8430886243386243 0.6370287698412699 0.07572751322751323 0.20758928571428573
4 0.9274140211640212 0.6387648809523809 0.09093915343915344 0.21205357142857142
4 0.11623677248677249 0.8506944444444444 0.08101851851851852 0.17559523809523808
4 0.19163359788359788 0.8541666666666666 0.08300264550264551 0.1810515873015873
4 0.26769179894179895 0.8508184523809523 0.07771164021164022 0.1783234126984127
4 0.34408068783068785 0.8557787698412699 0.08498677248677249 0.18129960317460317
4 0.4184854497354497 0.8577628968253969 0.08167989417989419 0.18377976190476192
4 0.48974867724867727 0.8700396825396826 0.08002645502645503 0.17311507936507936
4 0.6550925925925926 0.8604910714285714 0.07671957671957672 0.1827876984126984
4 0.7318121693121693 0.8618551587301587 0.07473544973544974 0.18055555555555555
4 0.81630291005291 0.8594990079365079 0.07705026455026455 0.17336309523809523
4 0.8971560846560847 0.8668154761904762 0.08664021164021164 0.18601190476190477
4 0.9662698412698413 0.8669394841269841 0.056878306878306875 0.18129960317460317
