9 0.14875 0.869375 0.2891666666666667 0.085
9 0.14958333333333335 0.7909375 0.2875 0.075625
9 0.14958333333333335 0.723125 0.2891666666666667 0.07875
9 0.15125 0.6571875 0.29083333333333333 0.084375
9 0.14916666666666667 0.5796875 0.2866666666666667 0.081875
9 0.15625 0.5015625 0.3125 0.081875
9 0.16041666666666668 0.416875 0.32083333333333336 0.08375
9 0.14666666666666667 0.3284375 0.29333333333333333 0.083125
9 0.4633333333333333 0.875 0.3233333333333333 0.08
9 0.47541666666666665 0.8115625 0.3375 0.066875
9 0.47375 0.74625 0.3308333333333333 0.07125
9 0.4766666666666667 0.6746875 0.345 0.080625
9 0.48083333333333333 0.595625 0.35333333333333333 0.07625
9 0.4970833333333333 0.508125 0.35583333333333333 0.0875
9 0.5175 0.429375 0.37166666666666665 0.09375
9 0.4995833333333333 0.3425 0.38083333333333336 0.0925
9 0.48333333333333334 0.2475 0.38333333333333336 0.08875
9 0.49125 0.150625 0.3775 0.1
9 0.7908333333333334 0.8953125 0.33666666666666667 0.086875
9 0.8225 0.68875 0.33666666666666667 0.0825
9 0.8166666666666667 0.7603125 0.3466666666666667 0.078125
9 0.8104166666666667 0.8271875 0.3375 0.076875
9 0.82375 0.609375 0.3358333333333333 0.085
9 0.83625 0.5309375 0.3258333333333333 0.090625
9 0.8508333333333333 0.4490625 0.2916666666666667 0.100625
9 0.8491666666666666 0.3640625 0.295 0.093125
9 0.8458333333333333 0.271875 0.3016666666666667 0.09875
9 0.8416666666666667 0.1725 0.30833333333333335 0.115
