9 0.14083333333333334 0.518125 0.18833333333333332 0.08125
9 0.14875 0.58875 0.1775 0.065
9 0.15375 0.6546875 0.1725 0.064375
9 0.3433333333333333 0.5303125 0.18166666666666667 0.068125
9 0.34291666666666665 0.6028125 0.1775 0.066875
9 0.54125 0.5365625 0.17916666666666667 0.073125
9 0.5370833333333334 0.6071875 0.17916666666666667 0.070625
9 0.5295833333333333 0.678125 0.17583333333333334 0.0675
9 0.5295833333333333 0.74125 0.1725 0.0625
9 0.34125 0.670625 0.17416666666666666 0.06625
9 0.33875 0.73375 0.17416666666666666 0.06375
9 0.15166666666666667 0.719375 0.17666666666666667 0.06625
9 0.14791666666666667 0.78375 0.17416666666666666 0.0625
9 0.14833333333333334 0.845625 0.17 0.05875
9 0.14875 0.9075 0.16916666666666666 0.05625
9 0.33416666666666667 0.79875 0.175 0.06
9 0.33 0.8578125 0.17166666666666666 0.054375
9 0.3279166666666667 0.9159375 0.16583333333333333 0.055625
9 0.5195833333333333 0.8015625 0.1725 0.060625
9 0.5129166666666667 0.86125 0.17083333333333334 0.06
9 0.5083333333333333 0.921875 0.16666666666666666 0.05875
9 0.6983333333333334 0.9246875 0.155 0.058125
9 0.06458333333333334 0.045625 0.10083333333333333 0.055
9 0.0675 0.0940625 0.10166666666666667 0.048125
9 0.07125 0.1365625 0.1025 0.048125
9 0.17208333333333334 0.018125 0.09916666666666667 0.0275
9 0.175 0.0578125 0.09666666666666666 0.050625
9 0.17541666666666667 0.1 0.09916666666666667 0.045
9 0.17083333333333334 0.140625 0.095 0.045
9 0.2758333333333333 0.1453125 0.10166666666666667 0.046875
9 0.27541666666666664 0.1 0.09916666666666667 0.0475
9 0.2775 0.0571875 0.1 0.046875
9 0.27875 0.01875 0.09583333333333334 0.035
9 0.38166666666666665 0.0140625 0.10166666666666667 0.025625
9 0.38083333333333336 0.05125 0.09166666666666666 0.04625
9 0.37333333333333335 0.1 0.09333333333333334 0.0475
9 0.3775 0.145625 0.09666666666666666 0.0475
9 0.48291666666666666 0.10375 0.09583333333333334 0.04875
9 0.48083333333333333 0.1496875 0.09666666666666666 0.048125
9 0.585 0.1546875 0.09833333333333333 0.049375
9 0.5854166666666667 0.1090625 0.10083333333333333 0.043125
9 0.58875 0.0653125 0.09916666666666667 0.044375
9 0.5995833333333334 0.0240625 0.10083333333333333 0.044375
9 0.025 0.214375 0.04833333333333333 0.045
9 0.025 0.259375 0.04666666666666667 0.04125
9 0.024583333333333332 0.3009375 0.04583333333333333 0.041875
9 0.023333333333333334 0.341875 0.043333333333333335 0.04
9 0.09708333333333333 0.2253125 0.09416666666666666 0.041875
9 0.09625 0.265 0.0925 0.04125
9 0.09583333333333334 0.3053125 0.09166666666666666 0.044375
9 0.19458333333333333 0.225 0.09583333333333334 0.045
9 0.19333333333333333 0.2675 0.09333333333333334 0.04625
9 0.19333333333333333 0.31 0.095 0.04125
9 0.1925 0.3471875 0.1 0.040625
9 0.28958333333333336 0.2321875 0.09583333333333334 0.051875
9 0.29083333333333333 0.275625 0.095 0.04375
9 0.28833333333333333 0.3121875 0.09333333333333334 0.041875
9 0.28708333333333336 0.35 0.09083333333333334 0.04
9 0.3825 0.35125 0.095 0.0425
9 0.3854166666666667 0.31125 0.09416666666666666 0.0425
9 0.3883333333333333 0.2696875 0.09166666666666666 0.043125
9 0.38875 0.2253125 0.09416666666666666 0.048125
9 0.48125 0.3159375 0.09083333333333334 0.044375
9 0.47708333333333336 0.3571875 0.08583333333333333 0.041875
9 0.49 0.27375 0.08333333333333333 0.04125
9 0.49125 0.2334375 0.08083333333333333 0.043125
9 0.5775 0.2359375 0.08333333333333333 0.040625
9 0.57375 0.2765625 0.0825 0.039375
9 0.5708333333333333 0.3134375 0.08 0.036875
9 0.57 0.35 0.07666666666666666 0.03375
9 0.675 0.3609375 0.09666666666666666 0.041875
9 0.6779166666666666 0.3215625 0.09416666666666666 0.039375
9 0.6825 0.28125 0.09833333333333333 0.045
9 0.6858333333333333 0.2375 0.09666666666666666 0.04375
9 0.6866666666666666 0.160625 0.10666666666666667 0.045
9 0.69125 0.116875 0.1075 0.0475
9 0.69875 0.0703125 0.10916666666666666 0.043125
9 0.7058333333333333 0.024375 0.105 0.04375
9 0.8133333333333334 0.0275 0.105 0.0525
9 0.8075 0.0765625 0.1 0.045625
9 0.8 0.1203125 0.10166666666666667 0.041875
9 0.7966666666666666 0.1628125 0.10166666666666667 0.043125
9 0.8983333333333333 0.16625 0.105 0.0425
9 0.9041666666666667 0.1175 0.10333333333333333 0.0475
9 0.7729166666666667 0.3671875 0.0975 0.039375
9 0.7775 0.326875 0.09666666666666666 0.04
9 0.7845833333333333 0.2840625 0.09916666666666667 0.040625
9 0.7941666666666667 0.24125 0.09666666666666666 0.04125
9 0.8929166666666667 0.2428125 0.10416666666666667 0.044375
9 0.8820833333333333 0.2865625 0.0975 0.043125
9 0.875 0.33 0.1 0.03875
9 0.8683333333333333 0.368125 0.09333333333333334 0.04
9 0.9558333333333333 0.37 0.07833333333333334 0.04
9 0.9595833333333333 0.3303125 0.07083333333333333 0.040625
9 0.9629166666666666 0.2890625 0.0625 0.044375
9 0.9695833333333334 0.2459375 0.0475 0.044375
9 0.7070833333333333 0.865 0.1675 0.06
9 0.7120833333333333 0.800625 0.17083333333333334 0.065
9 0.7208333333333333 0.7375 0.17666666666666667 0.05875
9 0.73875 0.6815625 0.16583333333333333 0.061875
9 0.7479166666666667 0.6184375 0.1725 0.066875
9 0.74125 0.5525 0.1875 0.07125
9 0.8775 0.9278125 0.175 0.059375
9 0.8916666666666667 0.86875 0.17333333333333334 0.05875
9 0.8970833333333333 0.81125 0.1625 0.0575
9 0.90125 0.753125 0.15416666666666667 0.06625
9 0.9075 0.6903125 0.14166666666666666 0.066875
9 0.8633333333333333 0.4815625 0.13333333333333333 0.054375
9 0.86625 0.5334375 0.09083333333333334 0.051875
