9 0.235 0.8703125 0.195 0.064375
9 0.4370833333333333 0.8790625 0.18916666666666668 0.063125
9 0.44083333333333335 0.8225 0.19666666666666666 0.07375
9 0.4404166666666667 0.7546875 0.20916666666666667 0.074375
9 0.42583333333333334 0.6803125 0.21166666666666667 0.086875
9 0.42875 0.59375 0.21416666666666667 0.08375
9 0.22541666666666665 0.8121875 0.19583333333333333 0.070625
9 0.2075 0.7375 0.21333333333333335 0.0775
9 0.19458333333333333 0.6634375 0.2075 0.075625
9 0.18041666666666667 0.574375 0.21583333333333332 0.09
9 0.30583333333333335 0.3965625 0.145 0.136875
9 0.45416666666666666 0.395625 0.14666666666666667 0.14625
9 0.29125 0.2846875 0.15583333333333332 0.083125
9 0.45 0.2871875 0.14833333333333334 0.078125
9 0.60875 0.391875 0.1475 0.14875
9 0.5866666666666667 0.2690625 0.125 0.071875
9 0.5833333333333334 0.191875 0.11333333333333333 0.07375
9 0.7558333333333334 0.4003125 0.14666666666666667 0.139375
9 0.9079166666666667 0.3990625 0.15416666666666667 0.150625
9 0.91625 0.2825 0.15583333333333332 0.08375
9 0.76125 0.2896875 0.14416666666666667 0.080625
9 0.88 0.88625 0.2 0.06625
9 0.8854166666666666 0.8234375 0.19583333333333333 0.075625
9 0.8895833333333333 0.74875 0.19416666666666665 0.075
9 0.90375 0.6775 0.1875 0.07625
9 0.9079166666666667 0.59875 0.17916666666666667 0.08375
9 0.6641666666666667 0.8853125 0.19166666666666668 0.063125
9 0.6666666666666666 0.81875 0.195 0.06875
9 0.6404166666666666 0.6178125 0.1625 0.056875
9 0.6433333333333333 0.5596875 0.16166666666666665 0.068125
9 0.7045833333333333 0.1946875 0.12083333333333333 0.063125
9 0.83125 0.1965625 0.11916666666666667 0.068125
9 0.4691666666666667 0.0375 0.0 0.07375
9 0.54875 0.040625 0.15416666666666667 0.0775
9 0.7054166666666667 0.0421875 0.15416666666666667 0.080625
9 0.8695833333333334 0.0453125 0.16583333333333333 0.085625
9 0.1975 0.0365625 0.17833333333333334 0.073125
