0 0.3729166666666667 0.740625 0.1 0.1828125
0 0.46041666666666664 0.7328125 0.09375 0.1828125
0 0.546875 0.729296875 0.0875 0.18671875
0 0.6473958333333333 0.726953125 0.10729166666666666 0.18515625
0 0.3536458333333333 0.508984375 0.10520833333333333 0.20390625
0 0.45260416666666664 0.503515625 0.09270833333333334 0.19765625
0 0.5380208333333333 0.503515625 0.08645833333333333 0.19140625
0 0.6380208333333334 0.499609375 0.11145833333333334 0.19609375
0 0.7432291666666667 0.499609375 0.11145833333333334 0.18828125
0 0.85625 0.496875 0.11458333333333333 0.1828125
0 0.9604166666666667 0.490625 0.075 0.184375
0 0.8119791666666667 0.271484375 0.103125 0.18515625
0 0.9119791666666667 0.266015625 0.090625 0.18671875
2 0.051041666666666666 0.275 0.09791666666666667 0.2046875
2 0.0828125 0.5265625 0.10520833333333333 0.1828125
2 0.05 0.76328125 0.08333333333333333 0.1765625
2 0.12083333333333333 0.756640625 0.08541666666666667 0.17421875
0 0.7244791666666667 0.925 0.12604166666666666 0.1453125
2 0.1296875 0.27578125 0.09479166666666666 0.2015625
2 0.21666666666666667 0.272265625 0.09583333333333334 0.19765625
2 0.16770833333333332 0.523046875 0.09166666666666666 0.18359375
2 0.24739583333333334 0.51953125 0.08229166666666667 0.1828125
2 0.19947916666666668 0.75546875 0.08020833333333334 0.1765625
2 0.2755208333333333 0.75078125 0.07604166666666666 0.1734375
