9 0.07708333333333334 0.515 0.1525 0.0825
9 0.26958333333333334 0.5096875 0.20083333333333334 0.078125
9 0.4775 0.51 0.195 0.08375
9 0.6883333333333334 0.519375 0.19166666666666668 0.07125
9 0.8991666666666667 0.5165625 0.18833333333333332 0.076875
9 0.07791666666666666 0.59375 0.15416666666666667 0.0725
9 0.26958333333333334 0.5925 0.20083333333333334 0.07875
9 0.4795833333333333 0.5853125 0.1875 0.066875
9 0.6883333333333334 0.595625 0.18833333333333332 0.0725
9 0.89875 0.5940625 0.1875 0.073125
9 0.0775 0.6703125 0.155 0.074375
9 0.2708333333333333 0.669375 0.19166666666666668 0.07
9 0.48333333333333334 0.6571875 0.18333333333333332 0.070625
9 0.68625 0.6684375 0.1925 0.076875
9 0.8929166666666667 0.67 0.1875 0.07375
9 0.08083333333333333 0.745625 0.14666666666666667 0.065
9 0.2679166666666667 0.7396875 0.20083333333333334 0.073125
9 0.08 0.8175 0.16 0.06375
9 0.2654166666666667 0.81125 0.19083333333333333 0.0675
9 0.26708333333333334 0.8875 0.18583333333333332 0.0775
9 0.0775 0.890625 0.15166666666666667 0.06625
9 0.07833333333333334 0.9584375 0.15333333333333332 0.060625
9 0.2679166666666667 0.959375 0.1825 0.05875
9 0.47791666666666666 0.7346875 0.19583333333333333 0.071875
9 0.4725 0.81125 0.19333333333333333 0.0725
9 0.47041666666666665 0.885 0.1875 0.07125
9 0.4658333333333333 0.963125 0.18333333333333332 0.0625
9 0.6783333333333333 0.965625 0.18833333333333332 0.06375
9 0.6775 0.8915625 0.19 0.071875
9 0.6804166666666667 0.8203125 0.19083333333333333 0.069375
9 0.8908333333333334 0.745 0.19333333333333333 0.07
9 0.6854166666666667 0.7459375 0.19416666666666665 0.075625
9 0.8795833333333334 0.8190625 0.1875 0.068125
9 0.875 0.8875 0.18333333333333332 0.06875
9 0.87875 0.9590625 0.18416666666666667 0.069375
9 0.2554166666666667 0.0246875 0.10416666666666667 0.041875
9 0.24958333333333332 0.0678125 0.1025 0.041875
9 0.25416666666666665 0.1078125 0.10166666666666667 0.043125
9 0.2504166666666667 0.1484375 0.10083333333333333 0.041875
9 0.3525 0.149375 0.10166666666666667 0.045
9 0.3541666666666667 0.1090625 0.09666666666666666 0.043125
9 0.3525 0.0665625 0.09833333333333333 0.044375
9 0.35375 0.024375 0.09583333333333334 0.0425
9 0.45458333333333334 0.0271875 0.0925 0.046875
9 0.45625 0.073125 0.09416666666666666 0.04375
9 0.4533333333333333 0.1103125 0.1 0.045625
9 0.455 0.15125 0.1 0.04125
9 0.5591666666666667 0.0253125 0.1 0.048125
9 0.5579166666666666 0.0715625 0.09583333333333334 0.040625
9 0.5566666666666666 0.1115625 0.095 0.043125
9 0.5541666666666667 0.1525 0.09 0.0425
9 0.6495833333333333 0.1534375 0.09583333333333334 0.040625
9 0.6541666666666667 0.1084375 0.09333333333333334 0.048125
9 0.6591666666666667 0.0625 0.09333333333333334 0.04375
9 0.6604166666666667 0.0196875 0.10083333333333333 0.039375
9 0.7525 0.109375 0.09833333333333333 0.04375
9 0.75 0.1534375 0.1 0.046875
9 0.8708333333333333 0.0275 0.09666666666666666 0.04875
9 0.8604166666666667 0.07375 0.09083333333333334 0.04375
9 0.8554166666666667 0.115625 0.09083333333333334 0.0375
9 0.8545833333333334 0.1559375 0.0925 0.041875
9 0.9491666666666667 0.15875 0.09666666666666666 0.0425
9 0.95375 0.1171875 0.0875 0.039375
9 0.9625 0.0284375 0.07 0.048125
9 0.95875 0.075 0.0775 0.04375
9 0.26916666666666667 0.226875 0.09333333333333334 0.04125
9 0.26916666666666667 0.269375 0.095 0.045
9 0.2679166666666667 0.3125 0.09083333333333334 0.04375
9 0.26708333333333334 0.351875 0.09416666666666666 0.03875
9 0.36333333333333334 0.3525 0.09666666666666666 0.04
9 0.36583333333333334 0.3128125 0.09333333333333334 0.040625
9 0.36875 0.274375 0.09416666666666666 0.04
9 0.36833333333333335 0.2340625 0.09166666666666666 0.041875
9 0.46708333333333335 0.2321875 0.0975 0.044375
9 0.4666666666666667 0.275 0.095 0.04625
9 0.46291666666666664 0.31625 0.09416666666666666 0.0425
9 0.4608333333333333 0.354375 0.095 0.04
9 0.55625 0.3546875 0.09083333333333334 0.038125
9 0.5583333333333333 0.3175 0.09333333333333334 0.0425
9 0.5625 0.2790625 0.09666666666666666 0.044375
9 0.565 0.2353125 0.095 0.049375
9 0.6654166666666667 0.22875 0.0975 0.045
9 0.6591666666666667 0.273125 0.09166666666666666 0.0425
9 0.6545833333333333 0.314375 0.09416666666666666 0.0425
9 0.65125 0.3553125 0.09083333333333334 0.041875
9 0.75 0.3165625 0.095 0.040625
9 0.7458333333333333 0.35625 0.09333333333333334 0.03875
9 0.7366666666666667 0.2475 0.06 0.04
9 0.735 0.2825 0.058333333333333334 0.02875
9 0.8091666666666667 0.24875 0.08333333333333333 0.03875
9 0.8083333333333333 0.2871875 0.08 0.036875
9 0.95625 0.2334375 0.08416666666666667 0.043125
9 0.95375 0.2775 0.0875 0.04375
9 0.95125 0.316875 0.08916666666666667 0.04
9 0.9466666666666667 0.3578125 0.09 0.038125
9 0.8166666666666667 0.358125 0.051666666666666666 0.0325
9 0.8175 0.3234375 0.051666666666666666 0.035625
10 0.14166666666666666 0.1084375 0.115 0.114375
10 0.045 0.0503125 0.08833333333333333 0.029375
10 0.042916666666666665 0.07625 0.08416666666666667 0.02375
10 0.042083333333333334 0.0996875 0.0825 0.026875
10 0.04083333333333333 0.1203125 0.07833333333333334 0.016875
10 0.04041666666666666 0.1396875 0.0775 0.019375
10 0.04 0.158125 0.07666666666666666 0.0175
