7 0.057916666666666665 0.094375 0.08916666666666667 0.18
7 0.14833333333333334 0.0959375 0.09 0.183125
7 0.2375 0.1015625 0.08666666666666667 0.173125
7 0.3283333333333333 0.1 0.09 0.17375
7 0.14833333333333334 0.354375 0.09166666666666666 0.18125
7 0.24208333333333334 0.3546875 0.09583333333333334 0.180625
7 0.33416666666666667 0.3553125 0.095 0.184375
7 0.44166666666666665 0.3678125 0.12333333333333334 0.154375
7 0.56 0.3684375 0.11833333333333333 0.156875
7 0.6816666666666666 0.369375 0.11833333333333333 0.15375
7 0.4354166666666667 0.111875 0.11916666666666667 0.1575
7 0.5570833333333334 0.115625 0.12083333333333333 0.15625
7 0.6775 0.118125 0.11833333333333333 0.1475
7 0.7833333333333333 0.1053125 0.1 0.174375
7 0.8825 0.1015625 0.095 0.178125
7 0.9620833333333333 0.1 0.06583333333333333 0.17875
7 0.7929166666666667 0.355 0.0975 0.1825
7 0.8883333333333333 0.354375 0.095 0.18
7 0.9679166666666666 0.3515625 0.060833333333333336 0.185625
7 0.06416666666666666 0.5925 0.08666666666666667 0.17875
7 0.23416666666666666 0.59625 0.08666666666666667 0.175
7 0.34875 0.5896875 0.0775 0.165625
7 0.44 0.605625 0.095 0.1525
7 0.5483333333333333 0.6128125 0.11333333333333333 0.163125
7 0.6670833333333334 0.6159375 0.11916666666666667 0.164375
7 0.7829166666666667 0.60375 0.0975 0.19125
7 0.8833333333333333 0.6028125 0.095 0.194375
7 0.04416666666666667 0.8328125 0.06666666666666667 0.189375
7 0.2783333333333333 0.8271875 0.08833333333333333 0.185625
7 0.44 0.859375 0.11166666666666666 0.165
7 0.5554166666666667 0.86625 0.11416666666666667 0.165
7 0.67625 0.870625 0.1275 0.16625
7 0.7966666666666666 0.790625 0.07333333333333333 0.1025
7 0.8916666666666667 0.803125 0.08 0.12875
