4 0.057705026455026454 0.4103422619047619 0.10482804232804233 0.20262896825396826
4 0.16203703703703703 0.4076140873015873 0.12764550264550265 0.20808531746031747
4 0.2749669312169312 0.4088541666666667 0.11871693121693122 0.2041170634920635
4 0.38492063492063494 0.4105902777777778 0.11177248677248677 0.20907738095238096
4 0.4879298941798942 0.39868551587301587 0.11011904761904762 0.23586309523809523
4 0.5980489417989417 0.4001736111111111 0.10945767195767196 0.23487103174603174
4 0.4861111111111111 0.1515376984126984 0.11904761904761904 0.2584325396825397
4 0.6010251322751323 0.15091765873015872 0.10945767195767196 0.2586805555555556
4 0.5993716931216931 0.4010416666666667 0.10813492063492064 0.23759920634920634
4 0.7116402116402116 0.39893353174603174 0.1164021164021164 0.23735119047619047
4 0.8227513227513228 0.4007936507936508 0.10714285714285714 0.23809523809523808
4 0.9290674603174603 0.39893353174603174 0.10284391534391535 0.234375
4 0.7137896825396826 0.15079365079365079 0.12003968253968254 0.2594246031746032
4 0.8346560846560847 0.15265376984126985 0.11772486772486772 0.25471230158730157
4 0.9442791005291006 0.14769345238095238 0.10284391534391535 0.2586805555555556
4 0.115244708994709 0.7810019841269841 0.18353174603174602 0.4017857142857143
4 0.29133597883597884 0.7907986111111112 0.16600529100529102 0.40401785714285715
4 0.4513888888888889 0.7907986111111112 0.167989417989418 0.4055059523809524
4 0.6015211640211641 0.7844742063492064 0.15211640211640212 0.4017857142857143
4 0.7614087301587301 0.7848462301587301 0.14384920634920634 0.4055059523809524
4 0.9173280423280423 0.7869543650793651 0.14947089947089948 0.4072420634920635
