7 0.08708333333333333 0.1140625 0.09083333333333334 0.180625
7 0.18125 0.109375 0.10083333333333333 0.185
7 0.28 0.1159375 0.09166666666666666 0.170625
7 0.3745833333333333 0.1134375 0.09583333333333334 0.173125
7 0.46875 0.1078125 0.0975 0.176875
7 0.56375 0.106875 0.10083333333333333 0.18625
7 0.20166666666666666 0.38375 0.075 0.155
7 0.2866666666666667 0.365625 0.10333333333333333 0.1875
7 0.3875 0.366875 0.09666666666666666 0.18875
7 0.48 0.36625 0.1 0.18875
7 0.57875 0.365 0.1025 0.1925
7 0.6620833333333334 0.1015625 0.10416666666666667 0.184375
7 0.7641666666666667 0.0971875 0.105 0.188125
7 0.86375 0.098125 0.11083333333333334 0.18875
7 0.6766666666666666 0.3665625 0.10333333333333333 0.188125
7 0.7745833333333333 0.3646875 0.1075 0.191875
7 0.875 0.36375 0.11333333333333333 0.19375
7 0.28625 0.626875 0.0975 0.20125
7 0.3975 0.61875 0.09166666666666666 0.17875
7 0.4841666666666667 0.62 0.085 0.18375
7 0.58 0.6309375 0.10333333333333333 0.201875
7 0.9583333333333334 0.35875 0.07333333333333333 0.1975
7 0.67 0.6190625 0.09333333333333334 0.181875
7 0.7595833333333334 0.62 0.1025 0.18625
7 0.9625 0.626875 0.07166666666666667 0.19625
7 0.85125 0.620625 0.10416666666666667 0.1875
7 0.11458333333333333 0.8790625 0.0925 0.213125
7 0.2758333333333333 0.8871875 0.095 0.218125
7 0.375 0.8915625 0.095 0.214375
7 0.475 0.88875 0.095 0.22
7 0.5741666666666667 0.889375 0.10333333333333333 0.21625
7 0.67125 0.8715625 0.09083333333333334 0.185625
7 0.75875 0.8675 0.0925 0.18125
7 0.92125 0.8828125 0.12083333333333333 0.205625
