0 0.0984375 0.083984375 0.121875 0.16484375
0 0.21979166666666666 0.090234375 0.11041666666666666 0.15078125
0 0.3098958333333333 0.0984375 0.07604166666666666 0.1359375
0 0.08958333333333333 0.273046875 0.07916666666666666 0.12890625
0 0.19010416666666666 0.272265625 0.07395833333333333 0.13515625
0 0.29270833333333335 0.28046875 0.07083333333333333 0.1234375
0 0.3854166666666667 0.278515625 0.06666666666666667 0.12890625
0 0.4713541666666667 0.2796875 0.08020833333333334 0.128125
0 0.5552083333333333 0.28125 0.07083333333333333 0.1296875
0 0.6270833333333333 0.282421875 0.075 0.13203125
0 0.7005208333333334 0.281640625 0.078125 0.13203125
0 0.7677083333333333 0.28203125 0.06875 0.13125
0 0.8416666666666667 0.280859375 0.08125 0.13515625
0 0.9161458333333333 0.287890625 0.06979166666666667 0.12265625
0 0.08333333333333333 0.435546875 0.06458333333333334 0.13046875
0 0.1453125 0.4359375 0.06354166666666666 0.13125
0 0.20729166666666668 0.437109375 0.0625 0.13046875
0 0.26927083333333335 0.4375 0.059375 0.1296875
0 0.33125 0.441015625 0.06458333333333334 0.12578125
0 0.3921875 0.441796875 0.059375 0.12734375
0 0.45260416666666664 0.441796875 0.06354166666666666 0.12890625
0 0.5177083333333333 0.44140625 0.06041666666666667 0.13125
0 0.9296875 0.44921875 0.071875 0.1296875
0 0.74375 0.44453125 0.0625 0.13125
0 0.1015625 0.592578125 0.06354166666666666 0.12578125
0 0.165625 0.5953125 0.06458333333333334 0.1203125
0 0.23697916666666666 0.59140625 0.06770833333333333 0.1296875
0 0.30052083333333335 0.59375 0.06145833333333333 0.1265625
0 0.35989583333333336 0.59609375 0.057291666666666664 0.125
0 0.41770833333333335 0.598828125 0.0625 0.12890625
0 0.4786458333333333 0.599609375 0.06354166666666666 0.12265625
0 0.6546875 0.60234375 0.06354166666666666 0.1234375
0 0.7171875 0.605859375 0.06354166666666666 0.12578125
0 0.7765625 0.606640625 0.06145833333333333 0.11953125
0 0.8484375 0.605859375 0.06979166666666667 0.13203125
0 0.9166666666666666 0.606640625 0.06458333333333334 0.12890625
0 0.10260416666666666 0.746484375 0.084375 0.12734375
0 0.19010416666666666 0.74140625 0.08645833333333333 0.134375
0 0.2786458333333333 0.734375 0.08020833333333334 0.1234375
0 0.3567708333333333 0.73671875 0.07395833333333333 0.11875
0 0.4322916666666667 0.7546875 0.08125 0.128125
0 0.5177083333333333 0.749609375 0.08541666666666667 0.14296875
0 0.5994791666666667 0.74375 0.071875 0.125
0 0.6697916666666667 0.758203125 0.08541666666666667 0.14453125
0 0.7692708333333333 0.755859375 0.08229166666666667 0.13828125
0 0.8520833333333333 0.762109375 0.08333333333333333 0.14296875
0 0.10416666666666667 0.928125 0.07291666666666667 0.1390625
0 0.20364583333333333 0.900390625 0.07395833333333333 0.13046875
0 0.3072916666666667 0.934765625 0.07708333333333334 0.12578125
0 0.3609375 0.905859375 0.06979166666666667 0.13984375
0 0.44166666666666665 0.906640625 0.07708333333333334 0.13359375
0 0.525 0.933203125 0.0875 0.12890625
0 0.6947916666666667 0.93828125 0.08125 0.11875
0 0.7807291666666667 0.937890625 0.08645833333333333 0.11953125
0 0.8671875 0.938671875 0.08645833333333333 0.11953125
