9 0.2975 0.3834375 0.2966666666666667 0.115625
9 0.6195833333333334 0.39 0.28583333333333333 0.1175
9 0.29583333333333334 0.50625 0.28833333333333333 0.1125
9 0.29083333333333333 0.6225 0.29 0.10625
9 0.28791666666666665 0.7384375 0.2925 0.109375
9 0.2791666666666667 0.85375 0.29 0.09875
9 0.2704166666666667 0.9603125 0.2875 0.076875
9 0.5866666666666667 0.9553125 0.27166666666666667 0.086875
9 0.59 0.8475 0.27666666666666667 0.10875
9 0.60375 0.73625 0.2825 0.105
9 0.6058333333333333 0.6234375 0.2816666666666667 0.111875
9 0.6175 0.5071875 0.275 0.110625
9 0.8891666666666667 0.9446875 0.21833333333333332 0.100625
9 0.8866666666666667 0.831875 0.21666666666666667 0.1075
9 0.8920833333333333 0.7259375 0.2125 0.101875
9 0.9 0.6221875 0.19333333333333333 0.105625
9 0.9045833333333333 0.513125 0.18416666666666667 0.10875
9 0.8970833333333333 0.4025 0.19583333333333333 0.11375
9 0.056666666666666664 0.953125 0.11166666666666666 0.08875
9 0.05375 0.8428125 0.10583333333333333 0.103125
9 0.0575 0.7246875 0.11333333333333333 0.108125
9 0.060833333333333336 0.6028125 0.12 0.113125
9 0.06208333333333333 0.49 0.12416666666666666 0.10875
9 0.057916666666666665 0.366875 0.11416666666666667 0.12875
9 0.06916666666666667 0.1878125 0.13333333333333333 0.058125
9 0.20791666666666667 0.1953125 0.1275 0.059375
9 0.3408333333333333 0.1959375 0.12833333333333333 0.059375
9 0.07041666666666667 0.1303125 0.13583333333333333 0.063125
9 0.20625 0.1390625 0.14083333333333334 0.061875
9 0.07 0.0721875 0.135 0.068125
9 0.21041666666666667 0.083125 0.1325 0.06125
9 0.21416666666666667 0.02875 0.13666666666666666 0.05375
9 0.07125 0.0215625 0.1375 0.039375
9 0.3541666666666667 0.0246875 0.13166666666666665 0.049375
9 0.34875 0.079375 0.12416666666666666 0.0625
9 0.34708333333333335 0.1378125 0.1275 0.059375
9 0.48375 0.081875 0.10416666666666667 0.06
9 0.59125 0.0859375 0.1025 0.055625
9 0.5916666666666667 0.139375 0.1 0.05
9 0.59 0.189375 0.1 0.05
9 0.4766666666666667 0.144375 0.12166666666666667 0.0625
9 0.47625 0.1990625 0.12083333333333333 0.059375
9 0.7570833333333333 0.0359375 0.12916666666666668 0.063125
9 0.7491666666666666 0.1540625 0.12666666666666668 0.059375
9 0.7545833333333334 0.09625 0.12583333333333332 0.06
9 0.7470833333333333 0.2115625 0.1225 0.055625
9 0.875 0.2153125 0.12 0.055625
9 0.8808333333333334 0.1615625 0.12833333333333333 0.056875
9 0.8908333333333334 0.1025 0.13 0.05875
9 0.905 0.0403125 0.125 0.061875
