1 0.04739583333333333 0.1375 0.090625 0.14375
1 0.4510416666666667 0.116015625 0.12708333333333333 0.16953125
1 0.5776041666666667 0.125390625 0.096875 0.13984375
1 0.6953125 0.103125 0.12604166666666666 0.1765625
1 0.8447916666666667 0.09296875 0.15416666666666667 0.1828125
1 0.05625 0.32109375 0.035416666666666666 0.08125
1 0.09114583333333333 0.30390625 0.057291666666666664 0.1109375
1 0.14375 0.3015625 0.058333333333333334 0.11875
1 0.19583333333333333 0.301171875 0.058333333333333334 0.12265625
1 0.296875 0.301171875 0.05 0.12109375
1 0.35208333333333336 0.29453125 0.058333333333333334 0.1296875
1 0.4083333333333333 0.296875 0.05416666666666667 0.128125
1 0.4671875 0.2953125 0.06770833333333333 0.1265625
1 0.5432291666666667 0.289453125 0.090625 0.12734375
1 0.6963541666666667 0.284375 0.10104166666666667 0.13125
1 0.803125 0.28203125 0.10208333333333333 0.134375
1 0.8848958333333333 0.281640625 0.07395833333333333 0.12890625
