8 0.08375 0.178125 0.0075 0.24875
8 0.2125 0.1796875 0.0016666666666666668 0.239375
8 0.3383333333333333 0.1840625 0.01 0.236875
8 0.46 0.1853125 0.005 0.241875
8 0.5758333333333333 0.1853125 0.0016666666666666668 0.239375
8 0.69 0.1878125 0.0016666666666666668 0.229375
8 0.81 0.191875 0.0016666666666666668 0.2325
8 0.9258333333333333 0.19 0.0016666666666666668 0.2275
8 0.7195833333333334 0.4865625 0.07416666666666667 0.206875
8 0.6391666666666667 0.490625 0.11166666666666666 0.2275
8 0.5233333333333333 0.493125 0.11333333333333333 0.22625
8 0.06166666666666667 0.5034375 0.11666666666666667 0.239375
8 0.175 0.5015625 0.12833333333333333 0.235625
8 0.29333333333333333 0.498125 0.12166666666666667 0.2375
8 0.40791666666666665 0.4903125 0.1175 0.238125
8 0.9541666666666667 0.48375 0.08833333333333333 0.22875
8 0.8008333333333333 0.4828125 0.09666666666666666 0.206875
8 0.15333333333333332 0.87625 0.155 0.245
8 0.29333333333333333 0.8578125 0.13 0.274375
8 0.4275 0.84 0.12166666666666667 0.27375
8 0.5508333333333333 0.8428125 0.13 0.271875
8 0.6708333333333333 0.8340625 0.12166666666666667 0.259375
8 0.7954166666666667 0.8296875 0.12416666666666666 0.268125
8 0.9154166666666667 0.8209375 0.11583333333333333 0.265625
