4 0.949239417989418 0.8792162698412699 0.05787037037037037 0.15128968253968253
4 0.8875661375661376 0.8813244047619048 0.06283068783068783 0.15600198412698413
4 0.8263888888888888 0.880828373015873 0.06084656084656084 0.15252976190476192
4 0.7633928571428571 0.8804563492063492 0.06646825396825397 0.1527777777777778
4 0.7002314814814815 0.8794642857142857 0.06117724867724868 0.15178571428571427
4 0.6388888888888888 0.8818204365079365 0.06018518518518518 0.1535218253968254
4 0.5747354497354498 0.8814484126984127 0.062169312169312166 0.15426587301587302
4 0.5124007936507936 0.8810763888888888 0.06183862433862434 0.1545138888888889
4 0.4497354497354497 0.8836805555555556 0.06415343915343916 0.15873015873015872
4 0.3880621693121693 0.8778521825396826 0.06382275132275132 0.1470734126984127
4 0.31845238095238093 0.8797123015873016 0.06283068783068783 0.15178571428571427
4 0.2544642857142857 0.8799603174603174 0.06183862433862434 0.15228174603174602
4 0.19113756613756613 0.8785962301587301 0.06349206349206349 0.14955357142857142
4 0.06845238095238096 0.6961805555555556 0.06746031746031746 0.16765873015873015
4 0.1349206349206349 0.6943204365079365 0.0667989417989418 0.16393849206349206
4 0.19808201058201058 0.6932043650793651 0.06349206349206349 0.16815476190476192
4 0.2594246031746032 0.6949404761904762 0.06382275132275132 0.1691468253968254
4 0.32242063492063494 0.6953125 0.06746031746031746 0.16939484126984128
4 0.3860780423280423 0.6938244047619048 0.06448412698412699 0.16790674603174602
4 0.44923941798941797 0.6938244047619048 0.06580687830687831 0.17038690476190477
4 0.5152116402116402 0.6940724206349206 0.06812169312169312 0.16641865079365079
4 0.6026785714285714 0.6996527777777778 0.0625 0.1597222222222222
4 0.6663359788359788 0.6974206349206349 0.06481481481481481 0.16121031746031747
4 0.7278439153439153 0.6979166666666666 0.06481481481481481 0.15773809523809523
4 0.7919973544973545 0.6984126984126984 0.061507936507936505 0.15922619047619047
4 0.8553240740740741 0.6984126984126984 0.06316137566137567 0.15575396825396826
4 0.916005291005291 0.6982886904761905 0.06283068783068783 0.15550595238095238
4 0.9718915343915344 0.6969246031746031 0.04894179894179894 0.15823412698412698
4 0.061342592592592594 0.8851686507936508 0.07043650793650794 0.1552579365079365
4 0.03091931216931217 0.5446428571428571 0.04265873015873016 0.07787698412698413
4 0.0701058201058201 0.5438988095238095 0.04298941798941799 0.08382936507936507
4 0.11160714285714286 0.5424107142857143 0.0419973544973545 0.08234126984126984
4 0.1519510582010582 0.5420386904761905 0.044642857142857144 0.08556547619047619
4 0.19345238095238096 0.5415426587301587 0.04365079365079365 0.0845734126984127
4 0.2347883597883598 0.5420386904761905 0.04365079365079365 0.0845734126984127
4 0.27397486772486773 0.5414186507936508 0.04332010582010582 0.08482142857142858
4 0.06332671957671958 0.4572172619047619 0.04728835978835979 0.08705357142857142
4 0.10598544973544974 0.45696924603174605 0.044642857142857144 0.08606150793650794
4 0.14897486772486773 0.45634920634920634 0.04728835978835979 0.08482142857142858
4 0.19113756613756613 0.4557291666666667 0.041005291005291 0.0835813492063492
4 0.23015873015873015 0.4565972222222222 0.046296296296296294 0.08382936507936507
4 0.2726521164021164 0.45622519841269843 0.044642857142857144 0.08606150793650794
4 0.31316137566137564 0.45597718253968256 0.04431216931216931 0.08556547619047619
4 0.3151455026455027 0.5411706349206349 0.04431216931216931 0.08432539682539683
4 0.3556547619047619 0.5420386904761905 0.04398148148148148 0.08308531746031746
4 0.39533730158730157 0.5417906746031746 0.04398148148148148 0.08159722222222222
4 0.43601190476190477 0.5417906746031746 0.04265873015873016 0.0845734126984127
4 0.3551587301587302 0.4567212301587302 0.041666666666666664 0.08506944444444445
4 0.39467592592592593 0.45622519841269843 0.040674603174603176 0.08506944444444445
4 0.4348544973544973 0.4567212301587302 0.042328042328042326 0.0845734126984127
4 0.47668650793650796 0.5405505952380952 0.04265873015873016 0.08407738095238096
4 0.5148809523809523 0.5434027777777778 0.037698412698412696 0.07787698412698413
4 0.5512566137566137 0.5435267857142857 0.03571428571428571 0.07663690476190477
4 0.5505952380952381 0.46763392857142855 0.037037037037037035 0.0726686507936508
4 0.4751984126984127 0.45597718253968256 0.041005291005291 0.08308531746031746
4 0.5186838624338624 0.4663938492063492 0.027447089947089946 0.07018849206349206
4 0.5906084656084656 0.5577876984126984 0.042328042328042326 0.07688492063492064
4 0.6339285714285714 0.5596478174603174 0.04497354497354497 0.07564484126984126
4 0.6805555555555556 0.5593998015873016 0.046957671957671955 0.07713293650793651
4 0.7245370370370371 0.5595238095238095 0.04563492063492063 0.07837301587301587
4 0.5904431216931217 0.4895833333333333 0.03869047619047619 0.059027777777777776
4 0.6283068783068783 0.49032738095238093 0.03902116402116402 0.06101190476190476
4 0.6765873015873016 0.48995535714285715 0.03835978835978836 0.060267857142857144
4 0.7136243386243386 0.48908730158730157 0.037698412698412696 0.059027777777777776
4 0.7534722222222222 0.48660714285714285 0.03736772486772487 0.05704365079365079
4 0.7908399470899471 0.48648313492063494 0.03869047619047619 0.058779761904761904
4 0.830026455026455 0.48660714285714285 0.04034391534391534 0.060515873015873016
4 0.8852513227513228 0.4851190476190476 0.03571428571428571 0.05704365079365079
4 0.7700066137566137 0.5580357142857143 0.045965608465608467 0.0763888888888889
4 0.8141534391534392 0.5574156746031746 0.04563492063492063 0.07762896825396826
4 0.8576388888888888 0.5570436507936508 0.044642857142857144 0.07886904761904762
4 0.90244708994709 0.5576636904761905 0.04298941798941799 0.07862103174603174
4 0.9229497354497355 0.4849950396825397 0.03835978835978836 0.05828373015873016
4 0.9431216931216931 0.5567956349206349 0.041666666666666664 0.07936507936507936
4 0.9790013227513228 0.556671626984127 0.027447089947089946 0.08159722222222222
4 0.16749338624338625 0.35478670634920634 0.03670634920634921 0.06919642857142858
4 0.20304232804232805 0.3541666666666667 0.037698412698412696 0.0689484126984127
4 0.23859126984126985 0.35453869047619047 0.03869047619047619 0.06919642857142858
4 0.2746362433862434 0.3542906746031746 0.03736772486772487 0.06870039682539683
4 0.3100198412698413 0.35466269841269843 0.03869047619047619 0.06845238095238096
4 0.13409391534391535 0.28782242063492064 0.028769841269841268 0.06473214285714286
4 0.1359126984126984 0.3557787698412698 0.031084656084656083 0.06721230158730158
4 0.1669973544973545 0.2883184523809524 0.03373015873015873 0.06374007936507936
4 0.2005621693121693 0.2873263888888889 0.03670634920634921 0.06374007936507936
4 0.2369378306878307 0.2865823412698413 0.03736772486772487 0.06473214285714286
4 0.27033730158730157 0.28757440476190477 0.03802910052910053 0.06324404761904762
4 0.3072089947089947 0.28782242063492064 0.04034391534391534 0.06522817460317461
4 0.34325396825396826 0.28918650793650796 0.032407407407407406 0.06696428571428571
4 0.34523809523809523 0.3557787698412698 0.03505291005291005 0.06721230158730158
4 0.3783068783068783 0.3551587301587302 0.036375661375661374 0.06845238095238096
4 0.4128637566137566 0.35478670634920634 0.036044973544973546 0.06870039682539683
4 0.4482473544973545 0.3549107142857143 0.036044973544973546 0.06746031746031746
4 0.3773148148148148 0.28794642857142855 0.037037037037037035 0.06547619047619048
4 0.4126984126984127 0.28695436507936506 0.037698412698412696 0.06597222222222222
4 0.44775132275132273 0.2873263888888889 0.03571428571428571 0.0662202380952381
4 0.48230820105820105 0.28782242063492064 0.035383597883597885 0.06671626984126984
4 0.5181878306878307 0.28782242063492064 0.037037037037037035 0.06721230158730158
4 0.5520833333333334 0.28683035714285715 0.036044973544973546 0.06721230158730158
4 0.48462301587301587 0.35540674603174605 0.036044973544973546 0.06646825396825397
4 0.5193452380952381 0.3552827380952381 0.03670634920634921 0.06770833333333333
4 0.5545634920634921 0.3549107142857143 0.037037037037037035 0.0679563492063492
4 0.6162367724867724 0.34846230158730157 0.045304232804232805 0.0798611111111111
4 0.6613756613756614 0.3470982142857143 0.04563492063492063 0.08010912698412699
4 0.7063492063492064 0.3472222222222222 0.046957671957671955 0.0818452380952381
4 0.7485119047619048 0.34697420634920634 0.040013227513227514 0.0798611111111111
4 0.7906746031746031 0.3462301587301587 0.046957671957671955 0.0818452380952381
4 0.8361441798941799 0.34486607142857145 0.045304232804232805 0.08159722222222222
4 0.87119708994709 0.34697420634920634 0.03009259259259259 0.0763888888888889
4 0.04712301587301587 0.1980406746031746 0.0419973544973545 0.07068452380952381
4 0.042328042328042326 0.12698412698412698 0.041005291005291 0.07142857142857142
4 0.07820767195767196 0.12748015873015872 0.03670634920634921 0.07242063492063493
4 0.08134920634920635 0.19915674603174602 0.037037037037037035 0.07093253968253968
4 0.11706349206349206 0.19853670634920634 0.03968253968253968 0.0716765873015873
4 0.11342592592592593 0.1267361111111111 0.03968253968253968 0.07291666666666667
4 0.14996693121693122 0.12748015873015872 0.03935185185185185 0.07242063492063493
4 0.1527777777777778 0.1984126984126984 0.03835978835978836 0.07093253968253968
4 0.18683862433862433 0.1277281746031746 0.03902116402116402 0.07390873015873016
4 0.18832671957671956 0.19853670634920634 0.040674603174603176 0.07018849206349206
4 0.2251984126984127 0.19853670634920634 0.03902116402116402 0.07018849206349206
4 0.2607473544973545 0.19853670634920634 0.03802910052910053 0.07018849206349206
4 0.22288359788359788 0.1284722222222222 0.03835978835978836 0.07093253968253968
4 0.25826719576719576 0.1277281746031746 0.037037037037037035 0.07291666666666667
4 0.2934854497354497 0.12735615079365079 0.03935185185185185 0.07564484126984126
4 0.29480820105820105 0.19828869047619047 0.03869047619047619 0.07018849206349206
4 0.3315145502645503 0.19779265873015872 0.03802910052910053 0.07118055555555555
4 0.33019179894179895 0.1267361111111111 0.03736772486772487 0.07192460317460317
4 0.36689814814814814 0.12723214285714285 0.03935185185185185 0.07390873015873016
4 0.3680555555555556 0.19729662698412698 0.03835978835978836 0.07217261904761904
4 0.4037698412698413 0.19779265873015872 0.036375661375661374 0.0716765873015873
4 0.40244708994708994 0.12698412698412698 0.03571428571428571 0.07142857142857142
4 0.4384920634920635 0.12686011904761904 0.037698412698412696 0.07366071428571429
4 0.4393187830687831 0.1974206349206349 0.03736772486772487 0.07043650793650794
4 0.47619047619047616 0.19729662698412698 0.037698412698412696 0.07118055555555555
4 0.4750330687830688 0.1267361111111111 0.03736772486772487 0.07093253968253968
4 0.5114087301587301 0.12648809523809523 0.03670634920634921 0.0744047619047619
4 0.5127314814814815 0.1970486111111111 0.03802910052910053 0.07118055555555555
4 0.5479497354497355 0.12524801587301587 0.03835978835978836 0.07341269841269842
4 0.5479497354497355 0.19729662698412698 0.037037037037037035 0.07217261904761904
4 0.5874669312169312 0.20076884920634921 0.040013227513227514 0.060267857142857144
4 0.6316137566137566 0.1996527777777778 0.042328042328042326 0.06299603174603174
4 0.6726190476190477 0.19890873015873015 0.04034391534391534 0.06498015873015874
4 0.7121362433862434 0.19655257936507936 0.0419973544973545 0.06473214285714286
4 0.7524801587301587 0.19766865079365079 0.04133597883597884 0.0625
4 0.7921626984126984 0.19754464285714285 0.03935185185185185 0.0642361111111111
4 0.7025462962962963 0.1385168650793651 0.03802910052910053 0.054811507936507936
4 0.7526455026455027 0.1338045634920635 0.04034391534391534 0.06671626984126984
4 0.7926587301587301 0.1328125 0.04034391534391534 0.06770833333333333
4 0.8315145502645502 0.13566468253968253 0.03869047619047619 0.06746031746031746
4 0.8308531746031746 0.19903273809523808 0.03670634920634921 0.061755952380952384
4 0.8670634920634921 0.1385168650793651 0.031746031746031744 0.06770833333333333
4 0.8649140211640212 0.20027281746031747 0.03141534391534392 0.060267857142857144
4 0.9009589947089947 0.19766865079365079 0.04133597883597884 0.06498015873015874
4 0.939318783068783 0.1980406746031746 0.036044973544973546 0.06125992063492063
4 0.8999669312169312 0.1388888888888889 0.0333994708994709 0.05257936507936508
4 0.9368386243386243 0.1341765873015873 0.041666666666666664 0.06597222222222222
4 0.978505291005291 0.1300843253968254 0.03968253968253968 0.06919642857142858
4 0.9776785714285714 0.1984126984126984 0.040674603174603176 0.06299603174603174
4 0.014054232804232803 0.1939484126984127 0.02414021164021164 0.07837301587301587
