8 0.04958333333333333 0.3640625 0.09916666666666667 0.210625
8 0.14541666666666667 0.3625 0.13083333333333333 0.21375
8 0.25 0.3646875 0.11666666666666667 0.209375
8 0.3545833333333333 0.3684375 0.11583333333333333 0.213125
8 0.45916666666666667 0.3659375 0.11166666666666666 0.211875
8 0.5708333333333333 0.3653125 0.10833333333333334 0.219375
8 0.6795833333333333 0.3628125 0.10083333333333333 0.221875
8 0.7925 0.363125 0.09833333333333333 0.2325
8 0.9095833333333333 0.3634375 0.1125 0.229375
8 0.0925 0.6259375 0.12666666666666668 0.183125
8 0.19708333333333333 0.6253125 0.11083333333333334 0.184375
8 0.29333333333333333 0.625 0.09833333333333333 0.17875
8 0.5741666666666667 0.6228125 0.095 0.185625
8 0.6708333333333333 0.6234375 0.09833333333333333 0.193125
8 0.7683333333333333 0.6209375 0.1 0.186875
8 0.8641666666666666 0.6253125 0.095 0.193125
8 0.9579166666666666 0.6234375 0.08083333333333333 0.184375
8 0.195 0.9003125 0.10333333333333333 0.168125
8 0.29041666666666666 0.8990625 0.10083333333333333 0.156875
8 0.38458333333333333 0.9003125 0.09916666666666667 0.165625
8 0.4816666666666667 0.903125 0.09666666666666666 0.165
8 0.57875 0.920625 0.08916666666666667 0.15625
8 0.6733333333333333 0.915625 0.10333333333333333 0.1525
8 0.77875 0.91 0.10083333333333333 0.1625
8 0.8804166666666666 0.9078125 0.10416666666666667 0.166875
8 0.9604166666666667 0.909375 0.0675 0.1625
