9 0.10916666666666666 0.9128125 0.11 0.131875
9 0.22625 0.9246875 0.11916666666666667 0.116875
9 0.34958333333333336 0.924375 0.12916666666666668 0.11625
9 0.33458333333333334 0.836875 0.1075 0.065
9 0.21041666666666667 0.83625 0.11083333333333334 0.06
9 0.14458333333333334 0.778125 0.0975 0.055
9 0.48541666666666666 0.9253125 0.12416666666666666 0.111875
9 0.61 0.9303125 0.12666666666666668 0.111875
9 0.615 0.8528125 0.12166666666666667 0.055625
9 0.6054166666666667 0.7959375 0.1175 0.064375
9 0.46791666666666665 0.779375 0.11416666666666667 0.0625
9 0.47583333333333333 0.8415625 0.12333333333333334 0.059375
9 0.7370833333333333 0.9309375 0.12083333333333333 0.125625
9 0.85875 0.9325 0.12416666666666666 0.12
9 0.8595833333333334 0.841875 0.12083333333333333 0.06625
9 0.84875 0.7771875 0.1175 0.066875
9 0.7275 0.77375 0.11666666666666667 0.06375
9 0.7379166666666667 0.8371875 0.11583333333333333 0.061875
9 0.8725 0.6384375 0.12 0.130625
9 0.8758333333333334 0.5503125 0.115 0.056875
9 0.7516666666666667 0.6309375 0.12 0.140625
9 0.63375 0.6209375 0.10083333333333333 0.136875
9 0.5233333333333333 0.6253125 0.12 0.133125
9 0.5204166666666666 0.5303125 0.1075 0.055625
9 0.405 0.625 0.11 0.13625
9 0.29333333333333333 0.6240625 0.10833333333333334 0.135625
9 0.07125 0.620625 0.1025 0.11875
9 0.185 0.6234375 0.10833333333333334 0.116875
9 0.18583333333333332 0.536875 0.11 0.055
9 0.0675 0.5334375 0.105 0.055625
9 0.29791666666666666 0.53125 0.10916666666666666 0.05
9 0.41083333333333333 0.5325 0.11 0.05125
9 0.87 0.3971875 0.12833333333333333 0.136875
9 0.73125 0.405625 0.10416666666666667 0.11875
9 0.6141666666666666 0.4009375 0.12833333333333333 0.130625
9 0.49291666666666667 0.41125 0.11583333333333333 0.11125
9 0.49375 0.328125 0.1125 0.055
9 0.36083333333333334 0.4109375 0.12666666666666668 0.108125
9 0.36625 0.3378125 0.1275 0.048125
9 0.23375 0.4053125 0.11583333333333333 0.116875
9 0.23791666666666667 0.3178125 0.1175 0.056875
9 0.06541666666666666 0.4090625 0.08916666666666667 0.109375
9 0.14375 0.4084375 0.07583333333333334 0.109375
9 0.06625 0.1715625 0.10416666666666667 0.110625
9 0.1775 0.1653125 0.11833333333333333 0.123125
9 0.16833333333333333 0.081875 0.10833333333333334 0.04
9 0.07541666666666667 0.0971875 0.09083333333333334 0.038125
9 0.08083333333333333 0.0403125 0.10333333333333333 0.046875
9 0.18791666666666668 0.0365625 0.10083333333333333 0.040625
9 0.2841666666666667 0.0825 0.11333333333333333 0.05125
9 0.2891666666666667 0.16625 0.11666666666666667 0.1175
9 0.4066666666666667 0.169375 0.11666666666666667 0.11
9 0.38875 0.0321875 0.1225 0.055625
9 0.4033333333333333 0.09 0.11333333333333333 0.0425
9 0.5183333333333333 0.0609375 0.11666666666666667 0.056875
9 0.52625 0.158125 0.13083333333333333 0.135
9 0.6404166666666666 0.0678125 0.13083333333333333 0.056875
9 0.6416666666666667 0.165625 0.11 0.125
9 0.7791666666666667 0.151875 0.14833333333333334 0.1525
9 0.9208333333333333 0.1425 0.13166666666666665 0.16875
9 0.7870833333333334 0.038125 0.1375 0.065
