9 0.12125 0.175 0.2025 0.22875
9 0.3020833333333333 0.19125 0.1875 0.20875
9 0.5270833333333333 0.204375 0.10916666666666666 0.145
9 0.6358333333333334 0.205 0.115 0.14375
9 0.16666666666666666 0.4559375 0.2633333333333333 0.121875
9 0.19208333333333333 0.554375 0.23916666666666667 0.0975
9 0.2025 0.6421875 0.23833333333333334 0.084375
9 0.21333333333333335 0.7240625 0.225 0.085625
9 0.2325 0.791875 0.21666666666666667 0.0625
9 0.23875 0.861875 0.2125 0.07375
9 0.245 0.9290625 0.215 0.060625
9 0.43291666666666667 0.4540625 0.24583333333333332 0.094375
9 0.44958333333333333 0.5521875 0.2325 0.084375
9 0.4579166666666667 0.646875 0.22583333333333333 0.0825
9 0.4608333333333333 0.7246875 0.22 0.069375
9 0.46375 0.7965625 0.2075 0.068125
9 0.47041666666666665 0.86375 0.2125 0.06125
9 0.47625 0.9265625 0.20083333333333334 0.055625
9 0.7016666666666667 0.4515625 0.24166666666666667 0.104375
9 0.7020833333333333 0.5496875 0.23416666666666666 0.091875
9 0.71375 0.6384375 0.23416666666666666 0.085625
9 0.7133333333333334 0.71375 0.21833333333333332 0.0775
9 0.6916666666666667 0.7853125 0.215 0.075625
9 0.69125 0.8553125 0.20083333333333334 0.063125
9 0.69125 0.921875 0.20083333333333334 0.06375
9 0.9329166666666666 0.4284375 0.13083333333333333 0.106875
9 0.9225 0.541875 0.145 0.10125
9 0.9208333333333333 0.64 0.155 0.08875
9 0.91125 0.7228125 0.15916666666666668 0.080625
9 0.9066666666666666 0.7921875 0.165 0.065625
9 0.9029166666666667 0.8584375 0.17416666666666666 0.066875
9 0.8995833333333333 0.9203125 0.17583333333333334 0.064375
9 0.059166666666666666 0.9265625 0.11833333333333333 0.060625
9 0.05125 0.8646875 0.10083333333333333 0.061875
9 0.043333333333333335 0.7909375 0.085 0.065625
