9 0.175 0.9290625 0.11333333333333333 0.109375
9 0.29583333333333334 0.925 0.115 0.12625
9 0.2991666666666667 0.834375 0.11333333333333333 0.05375
9 0.16916666666666666 0.8446875 0.115 0.055625
9 0.42375 0.9228125 0.11083333333333334 0.125625
9 0.42291666666666666 0.7890625 0.1025 0.055625
9 0.5429166666666667 0.9328125 0.12083333333333333 0.111875
9 0.66875 0.931875 0.12083333333333333 0.11375
9 0.6575 0.84375 0.11666666666666667 0.0675
9 0.5366666666666666 0.846875 0.11666666666666667 0.05875
9 0.78625 0.7846875 0.10916666666666666 0.061875
9 0.7983333333333333 0.8503125 0.12333333333333334 0.060625
9 0.79875 0.9334375 0.12416666666666666 0.108125
9 0.92375 0.9325 0.13083333333333333 0.10875
9 0.935 0.8571875 0.12166666666666667 0.055625
9 0.9320833333333334 0.7996875 0.1225 0.063125
9 0.93875 0.62375 0.1075 0.14
9 0.8329166666666666 0.6278125 0.11416666666666667 0.138125
9 0.7204166666666667 0.62875 0.11916666666666667 0.14
9 0.7195833333333334 0.5353125 0.1175 0.054375
9 0.8291666666666667 0.533125 0.10333333333333333 0.05875
9 0.6025 0.6303125 0.11166666666666666 0.130625
9 0.6045833333333334 0.535 0.10916666666666666 0.055
9 0.48833333333333334 0.626875 0.10833333333333334 0.1225
9 0.4895833333333333 0.536875 0.11583333333333333 0.055
9 0.37416666666666665 0.5365625 0.115 0.058125
9 0.37333333333333335 0.6265625 0.11166666666666666 0.124375
9 0.3258333333333333 0.404375 0.10333333333333333 0.12375
9 0.4245833333333333 0.404375 0.11083333333333334 0.1225
9 0.5420833333333334 0.404375 0.12916666666666668 0.1225
9 0.66875 0.4121875 0.12416666666666666 0.111875
9 0.8054166666666667 0.4125 0.1125 0.115
9 0.8070833333333334 0.325625 0.12083333333333333 0.06
9 0.6754166666666667 0.3340625 0.1225 0.045625
9 0.55625 0.315 0.11583333333333333 0.05625
9 0.9325 0.399375 0.12666666666666668 0.13625
9 0.04416666666666667 0.405625 0.07833333333333334 0.11625
9 0.24 0.415625 0.06833333333333333 0.0925
9 0.050416666666666665 0.03375 0.09583333333333334 0.06125
9 0.03958333333333333 0.09 0.07583333333333334 0.055
9 0.14166666666666666 0.089375 0.11666666666666667 0.05125
9 0.13166666666666665 0.165 0.12166666666666667 0.10875
9 0.035 0.1634375 0.06833333333333333 0.109375
9 0.25 0.1609375 0.12 0.121875
9 0.3720833333333333 0.165 0.1075 0.11125
9 0.2604166666666667 0.07375 0.11583333333333333 0.0475
9 0.37416666666666665 0.080625 0.10333333333333333 0.04625
9 0.2579166666666667 0.0240625 0.11416666666666667 0.045625
9 0.3825 0.0271875 0.11166666666666666 0.054375
9 0.48083333333333333 0.065 0.115 0.0425
9 0.48791666666666667 0.1565625 0.1175 0.126875
9 0.4995833333333333 0.0225 0.11583333333333333 0.04125
9 0.5983333333333334 0.0709375 0.11666666666666667 0.055625
9 0.6004166666666667 0.1584375 0.1125 0.121875
9 0.7229166666666667 0.1625 0.13083333333333333 0.115
9 0.7195833333333334 0.0765625 0.1175 0.053125
9 0.7129166666666666 0.030625 0.1275 0.0375
9 0.8441666666666666 0.04875 0.12166666666666667 0.0525
9 0.8545833333333334 0.1496875 0.12916666666666668 0.141875
9 0.95875 0.154375 0.07416666666666667 0.13
9 0.25375 0.6215625 0.1225 0.120625
9 0.2579166666666667 0.5303125 0.1175 0.060625
9 0.11583333333333333 0.6209375 0.11333333333333333 0.126875
9 0.028333333333333332 0.620625 0.056666666666666664 0.1225
