7 0.03125 0.27 0.05416666666666667 0.18
7 0.10416666666666667 0.2703125 0.10333333333333333 0.180625
7 0.20125 0.269375 0.09416666666666666 0.1825
7 0.29833333333333334 0.269375 0.10166666666666667 0.18
7 0.38958333333333334 0.2678125 0.0975 0.181875
7 0.4841666666666667 0.269375 0.09833333333333333 0.18125
7 0.5775 0.26875 0.09833333333333333 0.18
7 0.6716666666666666 0.2690625 0.09833333333333333 0.179375
7 0.7616666666666667 0.2703125 0.1 0.174375
7 0.8529166666666667 0.27125 0.1075 0.17
7 0.9429166666666666 0.2703125 0.0975 0.171875
7 0.035833333333333335 0.54625 0.07166666666666667 0.18875
7 0.125 0.5453125 0.10833333333333334 0.186875
7 0.06541666666666666 0.8 0.06416666666666666 0.18625
7 0.3545833333333333 0.7953125 0.08583333333333333 0.193125
7 0.4375 0.79 0.08666666666666667 0.1875
7 0.665 0.7921875 0.10166666666666667 0.183125
7 0.7891666666666667 0.7915625 0.12666666666666668 0.181875
