7 0.37625 0.1325 0.09916666666666667 0.12125
7 0.48041666666666666 0.1309375 0.1075 0.118125
7 0.5816666666666667 0.12625 0.10166666666666667 0.12125
7 0.6858333333333333 0.1228125 0.10833333333333334 0.128125
7 0.7941666666666667 0.118125 0.10666666666666667 0.12625
7 0.90375 0.114375 0.11583333333333333 0.1275
7 0.9745833333333334 0.1171875 0.0425 0.119375
7 0.04083333333333333 0.335625 0.07666666666666666 0.13375
7 0.12958333333333333 0.333125 0.1075 0.14
7 0.24 0.3340625 0.10833333333333334 0.135625
7 0.35041666666666665 0.3321875 0.10916666666666666 0.134375
7 0.46125 0.3303125 0.10916666666666666 0.141875
7 0.5670833333333334 0.328125 0.11083333333333334 0.1425
7 0.6833333333333333 0.325625 0.115 0.14
7 0.7945833333333333 0.32625 0.11416666666666667 0.13875
7 0.92375 0.321875 0.12583333333333332 0.14125
7 0.15458333333333332 0.5603125 0.11083333333333334 0.144375
7 0.051666666666666666 0.5625 0.095 0.145
7 0.275 0.558125 0.10833333333333334 0.14625
7 0.38916666666666666 0.559375 0.11333333333333333 0.14625
7 0.5033333333333333 0.5609375 0.11166666666666666 0.146875
7 0.6158333333333333 0.5609375 0.11166666666666666 0.150625
7 0.7366666666666667 0.558125 0.12166666666666667 0.1525
7 0.8416666666666667 0.5584375 0.10166666666666667 0.139375
7 0.11583333333333333 0.77125 0.09666666666666666 0.135
7 0.18958333333333333 0.7684375 0.0575 0.136875
7 0.30125 0.7840625 0.10416666666666667 0.145625
7 0.40208333333333335 0.786875 0.1025 0.15625
7 0.5175 0.799375 0.11666666666666667 0.16125
7 0.6325 0.80125 0.12166666666666667 0.16875
7 0.7570833333333333 0.8034375 0.12916666666666668 0.168125
7 0.8783333333333333 0.804375 0.13166666666666665 0.175
