7 0.09010416666666667 0.148828125 0.065625 0.10078125
7 0.15572916666666667 0.14296875 0.071875 0.10625
7 0.22447916666666667 0.137109375 0.07395833333333333 0.10703125
7 0.296875 0.133203125 0.07708333333333334 0.11171875
7 0.37083333333333335 0.127734375 0.075 0.11328125
7 0.4348958333333333 0.1234375 0.04895833333333333 0.11875
7 0.09322916666666667 0.326953125 0.06145833333333333 0.10390625
7 0.15520833333333334 0.3265625 0.06666666666666667 0.1046875
7 0.2234375 0.322265625 0.071875 0.10703125
7 0.29322916666666665 0.321875 0.07395833333333333 0.109375
7 0.36770833333333336 0.3203125 0.075 0.109375
7 0.43072916666666666 0.319921875 0.05520833333333333 0.11171875
7 0.13854166666666667 0.483203125 0.041666666666666664 0.09296875
7 0.19427083333333334 0.4859375 0.06770833333333333 0.103125
7 0.2630208333333333 0.487109375 0.06770833333333333 0.10390625
7 0.3880208333333333 0.48828125 0.051041666666666666 0.1
7 0.434375 0.489453125 0.04375 0.10546875
7 0.16875 0.619140625 0.06458333333333334 0.09140625
7 0.22916666666666666 0.619921875 0.05416666666666667 0.09453125
7 0.3046875 0.646875 0.06979166666666667 0.10625
7 0.3734375 0.650390625 0.071875 0.10390625
7 0.528125 0.63984375 0.052083333333333336 0.1234375
7 0.525 0.1125 0.06041666666666667 0.1328125
7 0.590625 0.108203125 0.06666666666666667 0.12890625
7 0.65625 0.102734375 0.06666666666666667 0.13515625
7 0.5489583333333333 0.322265625 0.058333333333333334 0.10859375
7 0.60625 0.31953125 0.06041666666666667 0.1078125
7 0.7223958333333333 0.09765625 0.06979166666666667 0.1328125
7 0.7932291666666667 0.09296875 0.06979166666666667 0.1375
7 0.8640625 0.087109375 0.06979166666666667 0.13984375
7 0.9369791666666667 0.08203125 0.06979166666666667 0.1421875
7 0.9447916666666667 0.294140625 0.06875 0.14296875
