9 0.057916666666666665 0.8896875 0.11416666666666667 0.064375
9 0.05708333333333333 0.8296875 0.10916666666666666 0.055625
9 0.052083333333333336 0.76625 0.1025 0.06875
9 0.05333333333333334 0.6965625 0.1 0.066875
9 0.20666666666666667 0.6946875 0.155 0.066875
9 0.2 0.7659375 0.15333333333333332 0.065625
9 0.19708333333333333 0.8334375 0.1475 0.066875
9 0.20041666666666666 0.89875 0.14916666666666667 0.06375
9 0.36791666666666667 0.89625 0.14916666666666667 0.05875
9 0.36541666666666667 0.8325 0.1525 0.06875
9 0.36375 0.763125 0.14916666666666667 0.0675
9 0.3720833333333333 0.69375 0.1525 0.065
9 0.5216666666666666 0.8959375 0.165 0.066875
9 0.5241666666666667 0.8284375 0.15833333333333333 0.065625
9 0.5241666666666667 0.7609375 0.15666666666666668 0.069375
9 0.535 0.6934375 0.155 0.066875
9 0.69375 0.6953125 0.16416666666666666 0.069375
9 0.6895833333333333 0.76375 0.16083333333333333 0.0675
9 0.6866666666666666 0.8309375 0.15333333333333332 0.066875
9 0.6854166666666667 0.895625 0.15583333333333332 0.0675
9 0.84625 0.89375 0.15416666666666667 0.0675
9 0.8504166666666667 0.8309375 0.15583333333333332 0.060625
9 0.8520833333333333 0.765625 0.1525 0.0625
9 0.8575 0.6996875 0.155 0.066875
9 0.9666666666666667 0.896875 0.06333333333333334 0.06625
9 0.96625 0.8634375 0.0625 0.133125
9 0.9679166666666666 0.79375 0.059166666666666666 0.13125
9 0.9683333333333334 0.73 0.056666666666666664 0.1325
9 0.045 0.204375 0.09 0.1725
9 0.1475 0.2075 0.12833333333333333 0.15875
9 0.2941666666666667 0.20875 0.13833333333333334 0.15875
9 0.445 0.205 0.14833333333333334 0.16375
9 0.5970833333333333 0.2096875 0.15583333333333332 0.154375
9 0.7575 0.205625 0.165 0.16375
9 0.9129166666666667 0.2025 0.14583333333333334 0.16625
9 0.04541666666666667 0.385 0.0875 0.06875
9 0.04625 0.4553125 0.08583333333333333 0.069375
9 0.045 0.52125 0.085 0.0575
9 0.04583333333333333 0.5846875 0.08666666666666667 0.063125
9 0.18708333333333332 0.5803125 0.16416666666666666 0.064375
9 0.18416666666666667 0.518125 0.155 0.06125
9 0.19125 0.4571875 0.14916666666666667 0.059375
9 0.17958333333333334 0.3890625 0.16583333333333333 0.068125
9 0.35041666666666665 0.514375 0.14916666666666667 0.06875
9 0.3541666666666667 0.5784375 0.155 0.058125
9 0.38916666666666666 0.4490625 0.11 0.064375
9 0.39 0.388125 0.105 0.05625
9 0.5183333333333333 0.380625 0.155 0.07
9 0.5208333333333334 0.4496875 0.15166666666666667 0.064375
9 0.51875 0.514375 0.15583333333333332 0.06375
9 0.51875 0.5746875 0.15916666666666668 0.064375
9 0.6833333333333333 0.5771875 0.16333333333333333 0.065625
9 0.68125 0.51125 0.15916666666666668 0.0675
9 0.6825 0.4440625 0.16166666666666665 0.065625
9 0.6891666666666667 0.374375 0.16 0.07
9 0.8558333333333333 0.36625 0.16333333333333333 0.0675
9 0.8520833333333333 0.436875 0.16083333333333333 0.06625
9 0.8479166666666667 0.50625 0.16083333333333333 0.0675
9 0.8516666666666667 0.5775 0.16333333333333333 0.06875
