7 0.09625 0.401875 0.14916666666666667 0.18125
7 0.22208333333333333 0.403125 0.1375 0.17875
7 0.345 0.3734375 0.12 0.234375
7 0.4395833333333333 0.3659375 0.08416666666666667 0.211875
7 0.5591666666666667 0.36875 0.12 0.24375
7 0.675 0.3628125 0.11 0.239375
7 0.78375 0.356875 0.10083333333333333 0.24
7 0.8920833333333333 0.3571875 0.10083333333333333 0.229375
7 0.3545833333333333 0.6865625 0.11583333333333333 0.211875
7 0.46125 0.6771875 0.11583333333333333 0.213125
7 0.5629166666666666 0.6759375 0.11416666666666667 0.208125
7 0.67125 0.6725 0.1025 0.2
7 0.7695833333333333 0.665 0.09416666666666666 0.1975
7 0.8620833333333333 0.6546875 0.07583333333333334 0.194375
7 0.95625 0.650625 0.08083333333333333 0.19125
7 0.14833333333333334 0.678125 0.125 0.165
7 0.24833333333333332 0.6721875 0.11166666666666666 0.165625
7 0.04791666666666667 0.7096875 0.09583333333333334 0.219375
