8 0.06333333333333334 0.2853125 0.12166666666666667 0.309375
8 0.19083333333333333 0.2875 0.165 0.31375
8 0.34 0.2865625 0.165 0.310625
8 0.49291666666666667 0.291875 0.15583333333333332 0.31375
8 0.6445833333333333 0.2884375 0.15416666666666667 0.311875
8 0.8016666666666666 0.2928125 0.14333333333333334 0.309375
8 0.07791666666666666 0.715 0.15583333333333332 0.2625
8 0.21208333333333335 0.713125 0.1525 0.26125
8 0.34958333333333336 0.7153125 0.14583333333333334 0.265625
8 0.49375 0.715625 0.1425 0.27
8 0.6404166666666666 0.7153125 0.13916666666666666 0.268125
8 0.78125 0.7203125 0.14083333333333334 0.264375
8 0.9158333333333334 0.72 0.14333333333333334 0.27
8 0.9366666666666666 0.29125 0.12333333333333334 0.30875
