7 0.08333333333333333 0.2996875 0.09 0.164375
7 0.17291666666666666 0.2971875 0.0875 0.165625
7 0.26416666666666666 0.3 0.09 0.16
7 0.3525 0.2984375 0.09 0.165625
7 0.44083333333333335 0.2946875 0.09166666666666666 0.166875
7 0.5275 0.2953125 0.09333333333333334 0.165625
7 0.6166666666666667 0.2934375 0.095 0.161875
7 0.705 0.291875 0.09666666666666666 0.16375
7 0.79375 0.2909375 0.09916666666666667 0.160625
7 0.8816666666666667 0.2884375 0.10166666666666667 0.164375
7 0.95625 0.285 0.0825 0.16375
7 0.19416666666666665 0.5559375 0.08666666666666667 0.173125
7 0.28 0.554375 0.08833333333333333 0.1725
7 0.3645833333333333 0.5534375 0.09083333333333334 0.174375
7 0.45125 0.55125 0.08916666666666667 0.16875
7 0.53625 0.5496875 0.08916666666666667 0.170625
7 0.6208333333333333 0.5478125 0.095 0.170625
7 0.7066666666666667 0.54625 0.09666666666666666 0.17
7 0.14041666666666666 0.7903125 0.0775 0.178125
7 0.22208333333333333 0.79 0.0775 0.17375
7 0.31625 0.7803125 0.0675 0.165625
7 0.38875 0.7903125 0.08083333333333333 0.174375
7 0.5441666666666667 0.78625 0.08333333333333333 0.17125
7 0.46625 0.788125 0.08083333333333333 0.16875
7 0.6216666666666667 0.784375 0.08 0.17125
7 0.6958333333333333 0.79125 0.08833333333333333 0.1775
