8 0.06833333333333333 0.235 0.13166666666666665 0.245
8 0.18416666666666667 0.2340625 0.14 0.244375
8 0.29333333333333333 0.2325 0.11 0.24375
8 0.5358333333333334 0.2415625 0.12 0.231875
8 0.6583333333333333 0.244375 0.12333333333333334 0.2325
8 0.775 0.2396875 0.13 0.240625
8 0.8895833333333333 0.23625 0.1175 0.2425
8 0.9733333333333334 0.2384375 0.04666666666666667 0.234375
8 0.03875 0.81 0.0775 0.26125
8 0.14416666666666667 0.80625 0.145 0.27
8 0.28125 0.80125 0.13583333333333333 0.26125
8 0.4270833333333333 0.8128125 0.14416666666666667 0.274375
8 0.5679166666666666 0.808125 0.14083333333333334 0.27375
8 0.6979166666666666 0.811875 0.14083333333333334 0.25875
8 0.83125 0.8128125 0.13416666666666666 0.256875
8 0.9508333333333333 0.816875 0.095 0.25375
