9 0.7629166666666667 0.9184375 0.16416666666666666 0.054375
9 0.7395833333333334 0.86125 0.1675 0.05125
9 0.7570833333333333 0.8025 0.18416666666666667 0.06
9 0.7679166666666667 0.72875 0.1925 0.075
9 0.5895833333333333 0.9171875 0.16583333333333333 0.050625
9 0.5579166666666666 0.861875 0.16916666666666666 0.0575
9 0.5645833333333333 0.8015625 0.1775 0.064375
9 0.5704166666666667 0.730625 0.18583333333333332 0.06625
9 0.5820833333333333 0.646875 0.1875 0.075
9 0.79875 0.6534375 0.19416666666666665 0.074375
9 0.41333333333333333 0.9084375 0.16166666666666665 0.055625
9 0.3825 0.850625 0.16666666666666666 0.05875
9 0.3775 0.7890625 0.175 0.059375
9 0.37916666666666665 0.7178125 0.18166666666666667 0.071875
9 0.38333333333333336 0.63625 0.185 0.08375
9 0.25125 0.3575 0.20916666666666667 0.0875
9 0.23875 0.4846875 0.1425 0.128125
9 0.4375 0.51125 0.2 0.07375
9 0.4395833333333333 0.43375 0.21083333333333334 0.06875
9 0.46041666666666664 0.3425 0.22083333333333333 0.09875
9 0.64375 0.5125 0.19916666666666666 0.08875
9 0.65125 0.424375 0.20583333333333334 0.085
9 0.7004166666666667 0.3434375 0.23083333333333333 0.098125
9 0.8804166666666666 0.4278125 0.19083333333333333 0.086875
9 0.8441666666666666 0.5125 0.19 0.08875
