7 0.025416666666666667 0.1596875 0.049166666666666664 0.225625
7 0.11083333333333334 0.159375 0.11833333333333333 0.235
7 0.24791666666666667 0.160625 0.11583333333333333 0.22875
7 0.3695833333333333 0.1584375 0.1175 0.224375
7 0.495 0.1584375 0.125 0.224375
7 0.6308333333333334 0.1659375 0.13 0.218125
7 0.10083333333333333 0.4853125 0.13166666666666665 0.253125
7 0.23458333333333334 0.4825 0.11916666666666667 0.2475
7 0.35791666666666666 0.485 0.1225 0.2425
7 0.48083333333333333 0.4853125 0.11833333333333333 0.245625
7 0.61375 0.4859375 0.12416666666666666 0.243125
7 0.73875 0.4853125 0.13583333333333333 0.249375
7 0.07791666666666666 0.821875 0.13583333333333333 0.275
7 0.23708333333333334 0.8190625 0.12583333333333332 0.269375
7 0.3729166666666667 0.8015625 0.1025 0.226875
7 0.48583333333333334 0.825 0.12333333333333334 0.27
7 0.6158333333333333 0.8075 0.10833333333333334 0.235
7 0.75875 0.830625 0.13583333333333333 0.28375
7 0.8845833333333334 0.83375 0.1425 0.28125
7 0.75625 0.1609375 0.12916666666666668 0.225625
7 0.88 0.1625 0.135 0.22625
7 0.865 0.4865625 0.13833333333333334 0.254375
7 0.965 0.488125 0.06666666666666667 0.25375
