7 0.04791666666666667 0.11875 0.09083333333333334 0.18625
7 0.14 0.11875 0.09333333333333334 0.18125
7 0.24708333333333332 0.1215625 0.09583333333333334 0.174375
7 0.345 0.1190625 0.09666666666666666 0.165625
7 0.045 0.376875 0.09 0.1925
7 0.13833333333333334 0.3746875 0.09833333333333333 0.191875
7 0.24958333333333332 0.37375 0.1025 0.19
7 0.345 0.3740625 0.10333333333333333 0.186875
7 0.4404166666666667 0.373125 0.10416666666666667 0.18875
7 0.44083333333333335 0.1175 0.09833333333333333 0.175
7 0.5504166666666667 0.1184375 0.10083333333333333 0.170625
7 0.6458333333333334 0.1153125 0.11 0.171875
7 0.7429166666666667 0.1115625 0.10916666666666666 0.171875
7 0.8516666666666667 0.1115625 0.115 0.163125
7 0.9445833333333333 0.110625 0.1075 0.16
7 0.5445833333333333 0.366875 0.0975 0.1875
7 0.6429166666666667 0.365625 0.10416666666666667 0.1925
7 0.74 0.364375 0.10833333333333334 0.19
7 0.8529166666666667 0.361875 0.11083333333333334 0.18875
7 0.945 0.3603125 0.105 0.188125
7 0.042083333333333334 0.6425 0.0775 0.20875
7 0.1325 0.6428125 0.10833333333333334 0.209375
7 0.25708333333333333 0.6390625 0.1025 0.204375
7 0.3620833333333333 0.6315625 0.0875 0.188125
7 0.45458333333333334 0.635 0.10583333333333333 0.20375
7 0.5575 0.6284375 0.09333333333333334 0.189375
7 0.6641666666666667 0.6325 0.10666666666666667 0.20875
7 0.7620833333333333 0.6315625 0.1125 0.204375
7 0.8775 0.626875 0.11333333333333333 0.21125
7 0.9583333333333334 0.628125 0.07333333333333333 0.21
7 0.034583333333333334 0.8753125 0.06416666666666666 0.156875
7 0.10916666666666666 0.8728125 0.08166666666666667 0.159375
7 0.27875 0.8928125 0.08916666666666667 0.183125
7 0.3720833333333333 0.893125 0.08916666666666667 0.18
7 0.46375 0.890625 0.09916666666666667 0.18125
7 0.5666666666666667 0.87125 0.08666666666666667 0.16
7 0.6525 0.870625 0.09333333333333334 0.1675
7 0.7275 0.8521875 0.08166666666666667 0.136875
7 0.9520833333333333 0.8834375 0.0925 0.184375
7 0.8745833333333334 0.8846875 0.09083333333333334 0.185625
