9 0.1075 0.1771875 0.19333333333333333 0.203125
9 0.31416666666666665 0.18125 0.16333333333333333 0.195
9 0.485 0.18375 0.155 0.19375
9 0.64625 0.1753125 0.16416666666666666 0.208125
9 0.8083333333333333 0.1825 0.155 0.20125
9 0.9541666666666667 0.1696875 0.08666666666666667 0.221875
9 0.09041666666666667 0.4459375 0.18083333333333335 0.090625
9 0.3154166666666667 0.4346875 0.24416666666666667 0.104375
9 0.32208333333333333 0.5303125 0.2325 0.091875
9 0.34625 0.6215625 0.22916666666666666 0.080625
9 0.35083333333333333 0.7046875 0.20666666666666667 0.083125
9 0.3620833333333333 0.7790625 0.2125 0.071875
9 0.35583333333333333 0.8646875 0.2 0.080625
9 0.3645833333333333 0.9353125 0.20583333333333334 0.079375
9 0.14541666666666667 0.9221875 0.20416666666666666 0.075625
9 0.14083333333333334 0.84 0.19833333333333333 0.0775
9 0.135 0.7603125 0.205 0.071875
9 0.12541666666666668 0.6896875 0.2025 0.070625
9 0.11166666666666666 0.6140625 0.21833333333333332 0.074375
9 0.09791666666666667 0.5334375 0.19416666666666665 0.073125
9 0.5933333333333334 0.9465625 0.22166666666666668 0.083125
9 0.5929166666666666 0.8803125 0.21583333333333332 0.079375
9 0.5966666666666667 0.8084375 0.23 0.076875
9 0.6004166666666667 0.739375 0.24083333333333334 0.07
9 0.5979166666666667 0.6696875 0.2425 0.080625
9 0.5958333333333333 0.5859375 0.24666666666666667 0.104375
9 0.61125 0.484375 0.25583333333333336 0.10125
9 0.6095833333333334 0.385 0.2758333333333333 0.10375
9 0.875 0.4646875 0.24166666666666667 0.116875
9 0.865 0.5659375 0.26666666666666666 0.095625
9 0.8558333333333333 0.651875 0.2683333333333333 0.09
9 0.8566666666666667 0.7375 0.24833333333333332 0.08125
9 0.84625 0.809375 0.22916666666666666 0.07375
9 0.84125 0.893125 0.2325 0.0875
9 0.83375 0.961875 0.2325 0.07375
