1 0.0734375 0.124609375 0.06770833333333333 0.11015625
1 0.16510416666666666 0.122265625 0.08854166666666667 0.11328125
1 0.2546875 0.116796875 0.09895833333333333 0.11796875
1 0.384375 0.112890625 0.09791666666666667 0.13046875
1 0.48125 0.10703125 0.1 0.1328125
1 0.5734375 0.1078125 0.09895833333333333 0.134375
1 0.09739583333333333 0.27265625 0.08854166666666667 0.1296875
1 0.19895833333333332 0.2828125 0.075 0.1125
1 0.2875 0.281640625 0.07083333333333333 0.11796875
1 0.3729166666666667 0.276953125 0.0875 0.12578125
1 0.46510416666666665 0.273828125 0.09479166666666666 0.13359375
1 0.6697916666666667 0.102734375 0.10208333333333333 0.13984375
1 0.7645833333333333 0.103515625 0.09791666666666667 0.13515625
1 0.8677083333333333 0.101953125 0.10833333333333334 0.13828125
1 0.5838541666666667 0.271484375 0.09479166666666666 0.13359375
1 0.6635416666666667 0.281640625 0.075 0.11796875
1 0.7322916666666667 0.284765625 0.07291666666666667 0.10703125
1 0.809375 0.285546875 0.0875 0.09765625
1 0.9197916666666667 0.27578125 0.08541666666666667 0.1109375
1 0.9635416666666666 0.098828125 0.06666666666666667 0.13515625
1 0.14479166666666668 0.445703125 0.1125 0.12578125
1 0.253125 0.447265625 0.08333333333333333 0.11640625
1 0.334375 0.444921875 0.09375 0.12109375
1 0.39375 0.440625 0.06458333333333334 0.1234375
1 0.5598958333333334 0.47109375 0.036458333333333336 0.0671875
1 0.596875 0.467578125 0.04791666666666667 0.07734375
1 0.6453125 0.45078125 0.06979166666666667 0.1109375
1 0.7265625 0.45078125 0.057291666666666664 0.1078125
1 0.7765625 0.452734375 0.046875 0.10703125
1 0.8307291666666666 0.45078125 0.071875 0.109375
1 0.8848958333333333 0.44609375 0.053125 0.1078125
1 0.9567708333333333 0.446484375 0.059375 0.11328125
1 0.05625 0.609375 0.06875 0.103125
1 0.15416666666666667 0.612109375 0.05 0.09921875
1 0.2046875 0.609765625 0.05520833333333333 0.09609375
1 0.2875 0.596875 0.05625 0.1078125
1 0.35052083333333334 0.591796875 0.065625 0.11015625
1 0.4703125 0.59375 0.065625 0.1109375
1 0.5234375 0.62109375 0.04479166666666667 0.075
1 0.5739583333333333 0.62109375 0.04583333333333333 0.0765625
1 0.65 0.605078125 0.07916666666666666 0.11640625
1 0.8182291666666667 0.59921875 0.08229166666666667 0.121875
1 0.8828125 0.596875 0.06145833333333333 0.1140625
1 0.09270833333333334 0.7421875 0.05416666666666667 0.1078125
1 0.15833333333333333 0.740625 0.075 0.1109375
1 0.390625 0.74375 0.05625 0.1109375
1 0.446875 0.736328125 0.07291666666666667 0.10859375
1 0.5682291666666667 0.7359375 0.06979166666666667 0.1078125
1 0.6265625 0.736328125 0.06145833333333333 0.11171875
1 0.6828125 0.73359375 0.06145833333333333 0.10625
1 0.7359375 0.735546875 0.057291666666666664 0.10234375
1 0.803125 0.737109375 0.0875 0.11328125
1 0.86875 0.7359375 0.06458333333333334 0.103125
1 0.91875 0.732421875 0.05 0.10390625
1 0.965625 0.7375 0.058333333333333334 0.1109375
1 0.035416666666666666 0.8859375 0.052083333333333336 0.1234375
1 0.09791666666666667 0.88828125 0.058333333333333334 0.1296875
1 0.14791666666666667 0.883984375 0.05416666666666667 0.12421875
1 0.2265625 0.894921875 0.04895833333333333 0.12890625
1 0.19375 0.88125 0.0375 0.1203125
1 0.3020833333333333 0.889453125 0.05625 0.12578125
1 0.353125 0.888671875 0.052083333333333336 0.12734375
1 0.4354166666666667 0.8890625 0.06041666666666667 0.125
1 0.521875 0.891015625 0.05625 0.12890625
1 0.5786458333333333 0.891015625 0.053125 0.11796875
1 0.6270833333333333 0.8859375 0.04375 0.1171875
1 0.6786458333333333 0.8921875 0.065625 0.1203125
1 0.7369791666666666 0.890625 0.065625 0.1171875
1 0.7963541666666667 0.88984375 0.065625 0.121875
1 0.8567708333333334 0.8875 0.065625 0.1234375
1 0.9182291666666667 0.8890625 0.06770833333333333 0.1265625
1 0.975 0.894921875 0.03958333333333333 0.12265625
