7 0.0453125 0.162890625 0.065625 0.11171875
7 0.10833333333333334 0.16015625 0.06458333333333334 0.1140625
7 0.16822916666666668 0.15625 0.06354166666666666 0.1140625
7 0.22916666666666666 0.154296875 0.06458333333333334 0.11953125
7 0.28958333333333336 0.153125 0.06666666666666667 0.109375
7 0.3541666666666667 0.153515625 0.06458333333333334 0.11328125
7 0.4140625 0.15390625 0.065625 0.1140625
7 0.47760416666666666 0.151953125 0.059375 0.11015625
7 0.07760416666666667 0.325 0.06354166666666666 0.1125
7 0.16510416666666666 0.321484375 0.06770833333333333 0.11953125
7 0.22760416666666666 0.32109375 0.06770833333333333 0.115625
7 0.3572916666666667 0.319140625 0.06458333333333334 0.11640625
7 0.4192708333333333 0.3171875 0.06354166666666666 0.1171875
7 0.4822916666666667 0.316015625 0.06458333333333334 0.11640625
7 0.06302083333333333 0.49921875 0.05520833333333333 0.103125
7 0.13177083333333334 0.49375 0.065625 0.1140625
7 0.19427083333333334 0.49375 0.065625 0.1125
7 0.25833333333333336 0.491015625 0.0625 0.11640625
7 0.3182291666666667 0.4890625 0.06354166666666666 0.115625
7 0.3802083333333333 0.4890625 0.06666666666666667 0.1171875
7 0.44375 0.48359375 0.0625 0.1234375
7 0.5057291666666667 0.48671875 0.06145833333333333 0.115625
7 0.33645833333333336 0.644921875 0.058333333333333334 0.10859375
7 0.3921875 0.644921875 0.06145833333333333 0.11328125
7 0.4510416666666667 0.643359375 0.058333333333333334 0.10703125
7 0.509375 0.650390625 0.05625 0.12109375
7 0.5776041666666667 0.63515625 0.06145833333333333 0.1328125
7 0.728125 0.466015625 0.075 0.13984375
7 0.5630208333333333 0.315234375 0.04895833333333333 0.11640625
7 0.946875 0.627734375 0.07083333333333333 0.13515625
7 0.8442708333333333 0.462890625 0.071875 0.13828125
7 0.9135416666666667 0.459765625 0.07083333333333333 0.13984375
7 0.5494791666666666 0.1375 0.04479166666666667 0.1375
7 0.6015625 0.13671875 0.06770833333333333 0.134375
7 0.6677083333333333 0.1328125 0.06666666666666667 0.134375
7 0.7291666666666666 0.13125 0.06458333333333334 0.134375
7 0.7953125 0.127734375 0.06979166666666667 0.13515625
7 0.8598958333333333 0.1265625 0.07604166666666666 0.134375
7 0.9270833333333334 0.124609375 0.07291666666666667 0.13359375
7 0.8755208333333333 0.29453125 0.065625 0.1375
7 0.9380208333333333 0.293359375 0.06979166666666667 0.13515625
7 0.9776041666666667 0.120703125 0.040625 0.13828125
