8 0.0875 0.865625 0.095 0.135
8 0.16625 0.86375 0.0925 0.1325
8 0.24541666666666667 0.8675 0.09083333333333334 0.12875
8 0.3233333333333333 0.865625 0.08333333333333333 0.13
8 0.4025 0.865625 0.07833333333333334 0.1275
8 0.47833333333333333 0.866875 0.07666666666666666 0.12875
8 0.56 0.8659375 0.07833333333333334 0.125625
8 0.6404166666666666 0.8646875 0.08083333333333333 0.124375
8 0.7166666666666667 0.8628125 0.08666666666666667 0.128125
8 0.795 0.8640625 0.075 0.125625
8 0.8716666666666667 0.8615625 0.07666666666666666 0.126875
8 0.07666666666666666 0.501875 0.09833333333333333 0.15
8 0.15583333333333332 0.5021875 0.09333333333333334 0.150625
8 0.23666666666666666 0.5028125 0.09166666666666666 0.146875
8 0.3145833333333333 0.503125 0.08083333333333333 0.15125
8 0.3925 0.5040625 0.08166666666666667 0.149375
8 0.47125 0.5059375 0.07416666666666667 0.148125
8 0.0525 0.3003125 0.10333333333333333 0.169375
8 0.13625 0.30125 0.10416666666666667 0.1725
8 0.22083333333333333 0.3003125 0.10166666666666667 0.173125
8 0.3175 0.2959375 0.08166666666666667 0.164375
8 0.3929166666666667 0.3009375 0.09083333333333334 0.175625
8 0.47625 0.2990625 0.08916666666666667 0.169375
8 0.5595833333333333 0.3003125 0.08583333333333333 0.173125
8 0.6429166666666667 0.296875 0.0825 0.17375
8 0.7275 0.2996875 0.09 0.170625
8 0.7966666666666666 0.2990625 0.058333333333333334 0.160625
8 0.54625 0.4915625 0.07083333333333333 0.130625
8 0.6225 0.503125 0.08166666666666667 0.14625
8 0.7016666666666667 0.50125 0.08 0.1475
8 0.78375 0.501875 0.08583333333333333 0.14875
8 0.8670833333333333 0.503125 0.08416666666666667 0.145
8 0.04041666666666666 0.060625 0.07583333333333334 0.12
8 0.1175 0.060625 0.10166666666666667 0.115
8 0.2075 0.06125 0.1 0.11875
8 0.3 0.061875 0.09666666666666666 0.1175
8 0.38958333333333334 0.0609375 0.0925 0.120625
8 0.48125 0.061875 0.09083333333333334 0.1175
8 0.57125 0.0621875 0.08916666666666667 0.118125
8 0.6604166666666667 0.0621875 0.08916666666666667 0.118125
8 0.7508333333333334 0.0615625 0.08833333333333333 0.119375
8 0.8429166666666666 0.06125 0.0875 0.11625
8 0.9333333333333333 0.06125 0.09666666666666666 0.11875
