8 0.24947916666666667 0.255078125 0.046875 0.08359375
8 0.321875 0.25625 0.04791666666666667 0.084375
8 0.428125 0.26015625 0.04791666666666667 0.078125
8 0.475 0.2609375 0.04583333333333333 0.078125
8 0.5223958333333333 0.260546875 0.046875 0.08203125
8 0.5708333333333333 0.26171875 0.04583333333333333 0.078125
8 0.6177083333333333 0.2609375 0.04791666666666667 0.0796875
8 0.6666666666666666 0.261328125 0.04791666666666667 0.07578125
8 0.7135416666666666 0.26015625 0.04791666666666667 0.078125
8 0.47239583333333335 0.380078125 0.046875 0.05859375
8 0.5166666666666667 0.38203125 0.041666666666666664 0.053125
8 0.5614583333333333 0.382421875 0.04583333333333333 0.05390625
8 0.6119791666666666 0.382421875 0.04479166666666667 0.05390625
8 0.6572916666666667 0.38203125 0.04583333333333333 0.05625
8 0.7026041666666667 0.383203125 0.04479166666666667 0.05546875
8 0.7489583333333333 0.382421875 0.04583333333333333 0.05390625
8 0.7921875 0.383203125 0.04479166666666667 0.05546875
8 0.8369791666666667 0.38203125 0.04479166666666667 0.0546875
8 0.928125 0.38125 0.04791666666666667 0.053125
8 0.9755208333333333 0.380859375 0.042708333333333334 0.05546875
8 0.7598958333333333 0.2625 0.046875 0.0765625
8 0.8072916666666666 0.261328125 0.04583333333333333 0.07578125
8 0.8541666666666666 0.261328125 0.04583333333333333 0.07734375
8 0.8984375 0.262109375 0.04895833333333333 0.07578125
8 0.946875 0.26171875 0.04583333333333333 0.075
8 0.6765625 0.098828125 0.051041666666666666 0.11484375
8 0.8010416666666667 0.107421875 0.07708333333333334 0.10859375
8 0.47552083333333334 0.437109375 0.04479166666666667 0.05390625
8 0.5208333333333334 0.436328125 0.04583333333333333 0.05390625
8 0.5640625 0.43671875 0.04479166666666667 0.0546875
8 0.6109375 0.437109375 0.04895833333333333 0.05078125
8 0.6567708333333333 0.437890625 0.04479166666666667 0.05234375
8 0.7026041666666667 0.438671875 0.04479166666666667 0.04921875
8 0.7479166666666667 0.437890625 0.04583333333333333 0.05390625
8 0.7927083333333333 0.4375 0.04583333333333333 0.053125
8 0.8359375 0.437109375 0.040625 0.05234375
8 0.8791666666666667 0.43671875 0.04583333333333333 0.053125
8 0.9239583333333333 0.435546875 0.04375 0.05390625
8 0.9692708333333333 0.435546875 0.04479166666666667 0.05390625
8 0.3072916666666667 0.562109375 0.06458333333333334 0.12421875
8 0.37395833333333334 0.561328125 0.06458333333333334 0.12578125
8 0.43697916666666664 0.551171875 0.06145833333333333 0.11484375
8 0.5 0.559375 0.0625 0.125
8 0.5614583333333333 0.558203125 0.0625 0.12578125
8 0.6213541666666667 0.559375 0.057291666666666664 0.1234375
8 0.684375 0.54921875 0.058333333333333334 0.1046875
8 0.7473958333333334 0.55859375 0.057291666666666664 0.1234375
8 0.8088541666666667 0.5578125 0.057291666666666664 0.1203125
8 0.8671875 0.55625 0.057291666666666664 0.1234375
8 0.9296875 0.55625 0.059375 0.1234375
8 0.30572916666666666 0.7078125 0.06770833333333333 0.1109375
8 0.3723958333333333 0.708984375 0.06145833333333333 0.10703125
8 0.43333333333333335 0.708203125 0.058333333333333334 0.11015625
8 0.4973958333333333 0.70625 0.059375 0.1109375
8 0.5625 0.706640625 0.06041666666666667 0.10703125
8 0.6234375 0.70625 0.06145833333333333 0.1140625
8 0.6854166666666667 0.705859375 0.06041666666666667 0.11015625
8 0.9286458333333333 0.704296875 0.06354166666666666 0.10546875
8 0.9786458333333333 0.70546875 0.040625 0.1078125
8 0.32447916666666665 0.84375 0.06145833333333333 0.10625
8 0.38645833333333335 0.833984375 0.06041666666666667 0.08671875
8 0.44583333333333336 0.84296875 0.058333333333333334 0.103125
8 0.5041666666666667 0.842578125 0.058333333333333334 0.10546875
8 0.5625 0.843359375 0.05625 0.10546875
8 0.6223958333333334 0.833984375 0.05520833333333333 0.08828125
8 0.6776041666666667 0.83359375 0.05520833333333333 0.090625
8 0.7369791666666666 0.84140625 0.057291666666666664 0.1046875
8 0.79375 0.84296875 0.058333333333333334 0.1078125
8 0.8546875 0.843359375 0.059375 0.10703125
8 0.9135416666666667 0.84140625 0.058333333333333334 0.1046875
8 0.9697916666666667 0.841796875 0.05416666666666667 0.10390625
8 0.36770833333333336 0.965234375 0.06041666666666667 0.06328125
8 0.3078125 0.9640625 0.059375 0.0640625
8 0.42916666666666664 0.9640625 0.06041666666666667 0.0640625
8 0.4869791666666667 0.9625 0.057291666666666664 0.065625
8 0.5453125 0.961328125 0.057291666666666664 0.07109375
8 0.6026041666666667 0.96328125 0.057291666666666664 0.06875
8 0.6588541666666666 0.962890625 0.057291666666666664 0.06953125
8 0.7182291666666667 0.96328125 0.05520833333333333 0.06875
8 0.7765625 0.96328125 0.053125 0.0703125
8 0.8322916666666667 0.9625 0.05625 0.06875
8 0.8895833333333333 0.9609375 0.05416666666666667 0.06875
8 0.946875 0.959375 0.05625 0.075
8 0.7333333333333333 0.103515625 0.06666666666666667 0.10234375
8 0.9776041666666667 0.112109375 0.040625 0.09765625
8 0.8609375 0.095703125 0.05520833333333333 0.06796875
