8 0.08916666666666667 0.2325 0.125 0.235
8 0.21 0.2353125 0.12833333333333333 0.233125
8 0.3279166666666667 0.235625 0.12416666666666666 0.23375
8 0.4454166666666667 0.2415625 0.1175 0.230625
8 0.555 0.2428125 0.11333333333333333 0.229375
8 0.6645833333333333 0.24625 0.11583333333333333 0.22375
8 0.7766666666666666 0.2475 0.11166666666666666 0.22125
8 0.8866666666666667 0.249375 0.11166666666666666 0.225
8 0.9666666666666667 0.2521875 0.06 0.221875
8 0.085 0.5721875 0.11833333333333333 0.226875
8 0.20083333333333334 0.5725 0.115 0.22375
8 0.31416666666666665 0.573125 0.10833333333333334 0.2225
8 0.42791666666666667 0.57 0.10916666666666666 0.2275
8 0.53625 0.5715625 0.1075 0.219375
8 0.6483333333333333 0.57 0.11166666666666666 0.21625
8 0.7558333333333334 0.5728125 0.10166666666666667 0.210625
8 0.85875 0.57375 0.1025 0.20375
8 0.9520833333333333 0.5715625 0.0925 0.206875
8 0.0625 0.8971875 0.12333333333333334 0.200625
8 0.18125 0.893125 0.11416666666666667 0.20875
8 0.2945833333333333 0.8928125 0.1125 0.209375
8 0.40458333333333335 0.8921875 0.1125 0.210625
8 0.5179166666666667 0.889375 0.11083333333333334 0.21125
8 0.62625 0.8878125 0.10583333333333333 0.208125
8 0.7320833333333333 0.8834375 0.10083333333333333 0.204375
8 0.8370833333333333 0.8828125 0.1025 0.198125
8 0.9408333333333333 0.8775 0.09666666666666666 0.19875
