7 0.041666666666666664 0.1625 0.058333333333333334 0.096875
7 0.09427083333333333 0.16171875 0.057291666666666664 0.096875
7 0.14583333333333334 0.16015625 0.05625 0.1
7 0.19895833333333332 0.159375 0.05625 0.1
7 0.25104166666666666 0.1578125 0.05416666666666667 0.0984375
7 0.3015625 0.1578125 0.05520833333333333 0.0984375
7 0.3536458333333333 0.156640625 0.053125 0.09921875
7 0.40625 0.15703125 0.05416666666666667 0.0984375
7 0.4583333333333333 0.15703125 0.05416666666666667 0.1
7 0.5109375 0.1546875 0.053125 0.1
7 0.5635416666666667 0.1546875 0.052083333333333336 0.096875
7 0.628125 0.15078125 0.041666666666666664 0.1078125
7 0.6744791666666666 0.15078125 0.051041666666666666 0.10625
7 0.7239583333333334 0.150390625 0.05 0.10390625
7 0.7984375 0.159765625 0.065625 0.08359375
7 0.925 0.155078125 0.06666666666666667 0.08515625
7 0.057291666666666664 0.304296875 0.05416666666666667 0.09296875
7 0.10729166666666666 0.30234375 0.05416666666666667 0.096875
7 0.15885416666666666 0.3015625 0.053125 0.096875
7 0.21041666666666667 0.301171875 0.052083333333333336 0.09765625
7 0.2609375 0.300390625 0.053125 0.09765625
7 0.31302083333333336 0.299609375 0.057291666666666664 0.09921875
7 0.3640625 0.29921875 0.053125 0.0984375
7 0.4166666666666667 0.299609375 0.05416666666666667 0.09765625
7 0.4671875 0.298046875 0.053125 0.09765625
7 0.5192708333333333 0.298046875 0.051041666666666666 0.09765625
7 0.5666666666666667 0.297265625 0.04583333333333333 0.09765625
7 0.6322916666666667 0.298828125 0.04375 0.09453125
7 0.690625 0.293359375 0.05 0.10078125
7 0.740625 0.292578125 0.05 0.10234375
7 0.7916666666666666 0.303125 0.05 0.0796875
7 0.8505208333333333 0.30703125 0.06354166666666666 0.0703125
7 0.9046875 0.299609375 0.046875 0.07890625
7 0.959375 0.29921875 0.06458333333333334 0.0796875
7 0.059375 0.453515625 0.058333333333333334 0.09140625
7 0.125 0.4515625 0.05416666666666667 0.0890625
7 0.175 0.449609375 0.04791666666666667 0.09140625
7 0.22239583333333332 0.4484375 0.051041666666666666 0.09375
7 0.271875 0.449609375 0.052083333333333336 0.08984375
7 0.3145833333333333 0.45 0.03958333333333333 0.0890625
7 0.3578125 0.4484375 0.051041666666666666 0.0921875
7 0.4125 0.448046875 0.05416666666666667 0.09296875
7 0.4661458333333333 0.4484375 0.04895833333333333 0.0921875
7 0.515625 0.446875 0.052083333333333336 0.09375
7 0.5651041666666666 0.44765625 0.051041666666666666 0.090625
7 0.025 0.585546875 0.04791666666666667 0.08984375
7 0.07083333333333333 0.5875 0.05416666666666667 0.0859375
7 0.1234375 0.59765625 0.053125 0.0671875
7 0.17552083333333332 0.583984375 0.051041666666666666 0.08828125
7 0.22552083333333334 0.594140625 0.04895833333333333 0.06328125
7 0.278125 0.581640625 0.04791666666666667 0.08984375
7 0.32708333333333334 0.580078125 0.052083333333333336 0.08984375
7 0.3765625 0.579296875 0.04895833333333333 0.09140625
7 0.425 0.578125 0.05 0.090625
7 0.4744791666666667 0.578515625 0.04895833333333333 0.08984375
7 0.5234375 0.588671875 0.051041666666666666 0.06640625
7 0.571875 0.57890625 0.04583333333333333 0.0859375
7 0.6270833333333333 0.573828125 0.03333333333333333 0.09609375
7 0.6786458333333333 0.590234375 0.046875 0.05703125
7 0.7244791666666667 0.562890625 0.042708333333333334 0.08984375
7 0.7703125 0.563671875 0.046875 0.09296875
7 0.8276041666666667 0.566796875 0.057291666666666664 0.07421875
7 0.8848958333333333 0.564453125 0.059375 0.07421875
7 0.959375 0.569921875 0.06041666666666667 0.07734375
