8 0.04541666666666667 0.2 0.08916666666666667 0.23625
8 0.14708333333333334 0.196875 0.1275 0.23625
8 0.26166666666666666 0.1971875 0.12 0.233125
8 0.38166666666666665 0.1978125 0.12333333333333334 0.226875
8 0.49875 0.1984375 0.1225 0.233125
8 0.6179166666666667 0.194375 0.12416666666666666 0.23375
8 0.7345833333333334 0.1971875 0.12083333333333333 0.230625
8 0.8508333333333333 0.195 0.125 0.2325
8 0.9541666666666667 0.1946875 0.08833333333333333 0.231875
8 0.05 0.5425 0.095 0.22125
8 0.15083333333333335 0.5425 0.12166666666666667 0.22125
8 0.28291666666666665 0.5325 0.08916666666666667 0.205
8 0.3825 0.5434375 0.12166666666666667 0.220625
8 0.49333333333333335 0.5390625 0.12 0.220625
8 0.6058333333333333 0.5384375 0.11666666666666667 0.221875
8 0.7183333333333334 0.5390625 0.12 0.223125
8 0.8345833333333333 0.5384375 0.1125 0.219375
8 0.9245833333333333 0.529375 0.0675 0.20125
8 0.05 0.8190625 0.095 0.203125
8 0.15125 0.820625 0.11916666666666667 0.20875
8 0.2629166666666667 0.8184375 0.11416666666666667 0.204375
8 0.37333333333333335 0.82125 0.10833333333333334 0.21
8 0.485 0.8246875 0.10666666666666667 0.214375
8 0.5891666666666666 0.7928125 0.09833333333333333 0.165625
8 0.6995833333333333 0.8196875 0.1175 0.216875
8 0.8158333333333333 0.8184375 0.115 0.210625
8 0.9279166666666666 0.8196875 0.11083333333333334 0.208125
