4 0.06332671957671958 0.20858134920634921 0.06646825396825397 0.11011904761904762
4 0.14963624338624337 0.21031746031746032 0.06845238095238096 0.10714285714285714
4 0.21279761904761904 0.21168154761904762 0.06514550264550265 0.10838293650793651
4 0.09556878306878307 0.3298611111111111 0.07539682539682539 0.1284722222222222
4 0.032242063492063495 0.3275049603174603 0.05787037037037037 0.12624007936507936
4 0.018518518518518517 0.20858134920634921 0.03571428571428571 0.11011904761904762
4 0.16517857142857142 0.3308531746031746 0.07043650793650794 0.1314484126984127
4 0.2359457671957672 0.33283730158730157 0.07308201058201058 0.13392857142857142
4 0.3062169312169312 0.21887400793650794 0.06415343915343916 0.1029265873015873
4 0.36491402116402116 0.21924603174603174 0.055224867724867725 0.10267857142857142
4 0.41980820105820105 0.21937003968253968 0.05853174603174603 0.1029265873015873
4 0.3158068783068783 0.3353174603174603 0.07407407407407407 0.13095238095238096
4 0.38508597883597884 0.3369295634920635 0.06977513227513228 0.13219246031746032
4 0.45552248677248675 0.3400297619047619 0.06646825396825397 0.13392857142857142
4 0.5236441798941799 0.34164186507936506 0.06977513227513228 0.1341765873015873
4 0.5930886243386243 0.34325396825396826 0.06712962962962964 0.13640873015873015
4 0.667989417989418 0.3453621031746032 0.07208994708994709 0.13467261904761904
4 0.49107142857142855 0.2279265873015873 0.05357142857142857 0.09573412698412699
4 0.5406746031746031 0.22767857142857142 0.05092592592592592 0.09722222222222222
4 0.595734126984127 0.22705853174603174 0.06117724867724868 0.09846230158730158
4 0.6509589947089947 0.23623511904761904 0.045965608465608467 0.08159722222222222
4 0.7589285714285714 0.20188492063492064 0.07804232804232804 0.15128968253968253
4 0.7468584656084656 0.34833829365079366 0.08300264550264551 0.14012896825396826
4 0.8249007936507936 0.34771825396825395 0.07837301587301587 0.13938492063492064
4 0.8913690476190477 0.3498263888888889 0.05787037037037037 0.1416170634920635
4 0.8401124338624338 0.20076884920634921 0.08564814814814815 0.1470734126984127
4 0.9216269841269841 0.20337301587301587 0.07936507936507936 0.14732142857142858
4 0.9674272486772487 0.3508184523809524 0.059854497354497355 0.14360119047619047
4 0.09474206349206349 0.5481150793650794 0.10482804232804233 0.24404761904761904
4 0.1886574074074074 0.5524553571428571 0.10284391534391535 0.24578373015873015
4 0.2855489417989418 0.5550595238095238 0.09292328042328042 0.24404761904761904
4 0.37665343915343913 0.5615079365079365 0.08928571428571429 0.24404761904761904
4 0.470734126984127 0.5642361111111112 0.09226190476190477 0.24751984126984128
4 0.5659722222222222 0.5669642857142857 0.09358465608465609 0.24702380952380953
4 0.6635251322751323 0.5716765873015873 0.09556878306878307 0.24751984126984128
4 0.7643849206349206 0.5735367063492064 0.10218253968253968 0.24925595238095238
4 0.8736772486772487 0.5787450396825397 0.10052910052910052 0.2507440476190476
4 0.9578373015873016 0.5817212301587301 0.0710978835978836 0.25024801587301587
4 0.08035714285714286 0.8091517857142857 0.09457671957671958 0.2065972222222222
4 0.17096560846560846 0.8148561507936508 0.09457671957671958 0.21155753968253968
4 0.25793650793650796 0.8185763888888888 0.09193121693121693 0.2041170634920635
4 0.34308862433862436 0.824280753968254 0.0916005291005291 0.2105654761904762
4 0.4332010582010582 0.8314732142857143 0.08465608465608465 0.2095734126984127
4 0.5211640211640212 0.8387896825396826 0.0873015873015873 0.2177579365079365
4 0.613260582010582 0.8391617063492064 0.09027777777777778 0.2105654761904762
4 0.7096560846560847 0.8449900793650794 0.09457671957671958 0.21577380952380953
4 0.8158068783068783 0.8091517857142857 0.08134920634920635 0.13219246031746032
4 0.9011243386243386 0.8148561507936508 0.08465608465608465 0.13169642857142858
