9 0.037083333333333336 0.16375 0.07416666666666667 0.06
9 0.04125 0.2275 0.08083333333333333 0.05625
9 0.15625 0.23125 0.12916666666666668 0.0525
9 0.15083333333333335 0.17125 0.13333333333333333 0.0625
9 0.14541666666666667 0.11375 0.1425 0.06625
9 0.135 0.0409375 0.13666666666666666 0.073125
9 0.285 0.04625 0.14666666666666667 0.08
9 0.2875 0.115 0.145 0.07
9 0.2891666666666667 0.1740625 0.13166666666666665 0.059375
9 0.2891666666666667 0.2334375 0.14333333333333334 0.056875
9 0.4270833333333333 0.05125 0.1325 0.0725
9 0.4325 0.121875 0.145 0.0625
9 0.43083333333333335 0.18 0.13333333333333333 0.05375
9 0.43125 0.2328125 0.1375 0.058125
9 0.06041666666666667 0.4375 0.11583333333333333 0.0525
9 0.06541666666666666 0.485625 0.11416666666666667 0.045
9 0.11208333333333333 0.3634375 0.1025 0.051875
9 0.10958333333333334 0.319375 0.10583333333333333 0.03625
9 0.20541666666666666 0.3175 0.08583333333333333 0.03625
9 0.21125 0.361875 0.08083333333333333 0.04625
9 0.2175 0.4084375 0.08166666666666667 0.038125
9 0.22208333333333333 0.4484375 0.0825 0.039375
9 0.31 0.3315625 0.125 0.054375
9 0.31416666666666665 0.3865625 0.12333333333333334 0.055625
9 0.3204166666666667 0.435 0.11916666666666667 0.0425
9 0.32083333333333336 0.48 0.12 0.0475
9 0.4483333333333333 0.3321875 0.125 0.055625
9 0.445 0.3875 0.12 0.05
9 0.44666666666666666 0.4828125 0.12 0.045625
9 0.4454166666666667 0.436875 0.1175 0.04875
9 0.5783333333333334 0.3328125 0.12166666666666667 0.056875
9 0.5725 0.3846875 0.11666666666666667 0.051875
9 0.57125 0.4359375 0.1125 0.050625
9 0.57 0.48375 0.11333333333333333 0.045
9 0.5625 0.121875 0.11666666666666667 0.05
9 0.5620833333333334 0.070625 0.10916666666666666 0.06
9 0.5675 0.175 0.13 0.065
9 0.56875 0.2325 0.12916666666666668 0.055
9 0.7008333333333333 0.3290625 0.125 0.054375
9 0.69375 0.384375 0.12416666666666666 0.055
9 0.6895833333333333 0.4321875 0.1175 0.048125
9 0.68625 0.4809375 0.11916666666666667 0.045625
9 0.8033333333333333 0.476875 0.115 0.04875
9 0.81 0.4328125 0.12 0.049375
9 0.8170833333333334 0.3828125 0.11916666666666667 0.051875
9 0.8291666666666667 0.33 0.125 0.06125
9 0.7179166666666666 0.05 0.14083333333333334 0.06875
9 0.7158333333333333 0.1171875 0.13 0.063125
9 0.7091666666666666 0.1765625 0.12833333333333333 0.058125
9 0.7033333333333334 0.2321875 0.12333333333333334 0.058125
9 0.8358333333333333 0.231875 0.12833333333333333 0.0575
9 0.8441666666666666 0.1759375 0.13166666666666665 0.061875
9 0.8554166666666667 0.1159375 0.13416666666666666 0.064375
9 0.8720833333333333 0.0503125 0.12583333333333332 0.068125
9 0.9520833333333333 0.23125 0.0925 0.05625
9 0.95625 0.17 0.0825 0.06125
9 0.9629166666666666 0.10625 0.0675 0.06375
9 0.5804166666666667 0.604375 0.16916666666666666 0.0675
9 0.5708333333333333 0.66625 0.16 0.05875
9 0.3516666666666667 0.78 0.245 0.08375
9 0.10875 0.7653125 0.2175 0.081875
9 0.11208333333333333 0.8525 0.2225 0.06375
9 0.37 0.8553125 0.23166666666666666 0.071875
9 0.61375 0.930625 0.22416666666666665 0.06625
9 0.8495833333333334 0.9096875 0.2125 0.056875
9 0.8433333333333334 0.97 0.20333333333333334 0.0575
9 0.11458333333333333 0.9371875 0.22583333333333333 0.073125
