9 0.1675 0.91125 0.16166666666666665 0.0525
9 0.15666666666666668 0.860625 0.16333333333333333 0.05375
9 0.15 0.808125 0.16166666666666665 0.05875
9 0.135 0.7515625 0.17166666666666666 0.061875
9 0.12875 0.6921875 0.1725 0.061875
9 0.11416666666666667 0.62625 0.17166666666666666 0.06875
9 0.30625 0.699375 0.1725 0.06375
9 0.3104166666666667 0.758125 0.16916666666666666 0.065
9 0.32083333333333336 0.8096875 0.16333333333333333 0.053125
9 0.32625 0.85875 0.1625 0.0475
9 0.33458333333333334 0.906875 0.15583333333333332 0.05375
9 0.49541666666666667 0.9084375 0.14916666666666667 0.051875
9 0.4895833333333333 0.858125 0.1575 0.05125
9 0.48875 0.8121875 0.1625 0.048125
9 0.49291666666666667 0.7665625 0.1575 0.050625
9 0.4866666666666667 0.709375 0.16333333333333333 0.05875
9 0.4925 0.6459375 0.16833333333333333 0.068125
9 0.4945833333333333 0.579375 0.16916666666666666 0.07
9 0.6516666666666666 0.9140625 0.16 0.061875
9 0.6533333333333333 0.86 0.155 0.05375
9 0.655 0.8065625 0.155 0.061875
9 0.65875 0.75 0.1575 0.06125
9 0.65875 0.693125 0.16416666666666666 0.065
9 0.6645833333333333 0.6359375 0.16416666666666666 0.071875
9 0.8116666666666666 0.91875 0.155 0.05125
9 0.8179166666666666 0.8665625 0.15416666666666667 0.053125
9 0.8220833333333334 0.815 0.1575 0.055
9 0.82375 0.760625 0.16083333333333333 0.05875
9 0.83 0.71 0.17333333333333334 0.0675
9 0.8366666666666667 0.648125 0.17166666666666666 0.07125
9 0.8479166666666667 0.579375 0.16583333333333333 0.075
9 0.6770833333333334 0.5734375 0.1625 0.068125
9 0.9458333333333333 0.92375 0.1 0.0525
9 0.9504166666666667 0.8703125 0.0975 0.054375
9 0.9620833333333333 0.8140625 0.0725 0.059375
9 0.9625 0.7078125 0.07333333333333333 0.055625
9 0.9695833333333334 0.649375 0.059166666666666666 0.05875
9 0.9704166666666667 0.5765625 0.05416666666666667 0.070625
9 0.07541666666666667 0.45125 0.1025 0.045
9 0.07833333333333334 0.408125 0.10666666666666667 0.0425
9 0.07708333333333334 0.364375 0.10916666666666666 0.045
9 0.05541666666666667 0.1840625 0.07083333333333333 0.136875
