8 0.07666666666666666 0.8609375 0.09666666666666666 0.159375
8 0.16166666666666665 0.860625 0.09333333333333334 0.16125
8 0.24583333333333332 0.86125 0.09166666666666666 0.1575
8 0.3308333333333333 0.8584375 0.09 0.156875
8 0.41541666666666666 0.86125 0.08583333333333333 0.1525
8 0.08791666666666667 0.6275 0.10416666666666667 0.165
8 0.1825 0.6228125 0.09333333333333334 0.171875
8 0.2775 0.621875 0.09333333333333334 0.16875
8 0.3645833333333333 0.6215625 0.08416666666666667 0.166875
8 0.45208333333333334 0.6225 0.08416666666666667 0.16875
8 0.53625 0.625625 0.08583333333333333 0.16875
8 0.62375 0.6253125 0.08583333333333333 0.164375
8 0.7104166666666667 0.620625 0.08083333333333333 0.165
8 0.7991666666666667 0.621875 0.08666666666666667 0.16875
8 0.8866666666666667 0.6215625 0.09166666666666666 0.165625
8 0.9645833333333333 0.621875 0.06583333333333333 0.16375
8 0.07583333333333334 0.3596875 0.11 0.184375
8 0.17083333333333334 0.360625 0.10833333333333334 0.18625
8 0.2654166666666667 0.3609375 0.10416666666666667 0.186875
8 0.36 0.36125 0.09833333333333333 0.1875
8 0.4525 0.361875 0.09333333333333334 0.18625
8 0.6366666666666667 0.3609375 0.09166666666666666 0.188125
8 0.7333333333333333 0.3634375 0.1 0.189375
8 0.8283333333333334 0.3634375 0.09 0.184375
8 0.91625 0.36375 0.09416666666666666 0.18375
8 0.030416666666666668 0.0875 0.059166666666666666 0.13875
8 0.13958333333333334 0.0890625 0.1125 0.150625
8 0.23291666666666666 0.09125 0.08916666666666667 0.14125
8 0.3641666666666667 0.08875 0.11166666666666666 0.15125
8 0.4925 0.10125 0.105 0.1375
8 0.6158333333333333 0.101875 0.10333333333333333 0.1325
8 0.8079166666666666 0.09625 0.10083333333333333 0.1525
8 0.9366666666666666 0.099375 0.09666666666666666 0.155
