9 0.10125 0.968125 0.15583333333333332 0.0525
9 0.28625 0.96875 0.16583333333333333 0.05125
9 0.285 0.911875 0.16 0.06125
9 0.3275 0.7509375 0.11166666666666666 0.051875
9 0.32458333333333333 0.6978125 0.11083333333333334 0.049375
9 0.46416666666666667 0.726875 0.16666666666666666 0.0675
9 0.465 0.7896875 0.16166666666666665 0.060625
9 0.4633333333333333 0.8515625 0.165 0.066875
9 0.46875 0.9159375 0.16416666666666666 0.068125
9 0.4666666666666667 0.9709375 0.165 0.046875
9 0.09 0.723125 0.16166666666666665 0.0675
9 0.09 0.7921875 0.15333333333333332 0.071875
9 0.09875 0.855625 0.1625 0.06
9 0.10333333333333333 0.9159375 0.155 0.061875
9 0.8125 0.9653125 0.15 0.060625
9 0.815 0.9059375 0.155 0.066875
9 0.8204166666666667 0.8440625 0.1625 0.061875
9 0.82 0.7834375 0.16666666666666666 0.071875
9 0.8241666666666667 0.705 0.17 0.07625
9 0.6408333333333334 0.96875 0.165 0.0525
9 0.64125 0.9090625 0.16583333333333333 0.063125
9 0.6375 0.8478125 0.16666666666666666 0.060625
9 0.63875 0.7853125 0.17416666666666666 0.065625
9 0.6408333333333334 0.718125 0.17666666666666667 0.06875
9 0.8383333333333334 0.578125 0.105 0.0975
9 0.84 0.5040625 0.105 0.053125
9 0.84 0.4521875 0.10166666666666667 0.050625
9 0.7320833333333333 0.4478125 0.10083333333333333 0.054375
9 0.7395833333333334 0.500625 0.09583333333333334 0.05375
9 0.73375 0.5753125 0.10083333333333333 0.103125
9 0.6270833333333333 0.5778125 0.1075 0.096875
9 0.63 0.5140625 0.10666666666666667 0.045625
9 0.62625 0.4646875 0.09916666666666667 0.051875
9 0.5066666666666667 0.4571875 0.10166666666666667 0.050625
9 0.5166666666666667 0.508125 0.10666666666666667 0.05125
9 0.5191666666666667 0.5771875 0.105 0.089375
9 0.41125 0.5753125 0.1075 0.100625
9 0.3983333333333333 0.4965625 0.095 0.054375
9 0.29291666666666666 0.501875 0.1075 0.0525
9 0.3070833333333333 0.575 0.10416666666666667 0.0975
9 0.20166666666666666 0.5721875 0.10666666666666667 0.104375
9 0.09541666666666666 0.574375 0.10083333333333333 0.09875
9 0.09166666666666666 0.4984375 0.10833333333333334 0.051875
9 0.21333333333333335 0.4821875 0.07833333333333334 0.050625
9 0.86375 0.3328125 0.10416666666666667 0.114375
9 0.875 0.253125 0.09666666666666666 0.04625
9 0.7608333333333334 0.3284375 0.1 0.124375
9 0.6545833333333333 0.3228125 0.09583333333333334 0.126875
9 0.5545833333333333 0.3228125 0.10416666666666667 0.124375
9 0.5570833333333334 0.2396875 0.08916666666666667 0.051875
9 0.45625 0.2371875 0.10083333333333333 0.048125
9 0.4525 0.3221875 0.10666666666666667 0.123125
9 0.3525 0.320625 0.09666666666666666 0.12
9 0.35208333333333336 0.2375 0.0975 0.04875
9 0.15416666666666667 0.3196875 0.10666666666666667 0.108125
9 0.2554166666666667 0.3228125 0.10083333333333333 0.109375
9 0.2504166666666667 0.2403125 0.1025 0.055625
9 0.14625 0.2384375 0.10916666666666666 0.055625
9 0.05333333333333334 0.3184375 0.1 0.109375
9 0.04833333333333333 0.235625 0.09166666666666666 0.0525
9 0.8804166666666666 0.103125 0.11583333333333333 0.13
9 0.7533333333333333 0.1128125 0.09 0.108125
9 0.6470833333333333 0.105 0.11583333333333333 0.12625
9 0.5333333333333333 0.1171875 0.10833333333333334 0.103125
9 0.53375 0.03875 0.10916666666666666 0.05625
9 0.41125 0.04625 0.1175 0.0525
9 0.4075 0.1159375 0.11666666666666667 0.103125
9 0.29041666666666666 0.106875 0.10583333333333333 0.11375
9 0.11458333333333333 0.12375 0.09583333333333334 0.0825
9 0.19875 0.121875 0.08083333333333333 0.085
9 0.29291666666666666 0.033125 0.10583333333333333 0.03875
