9 0.11375 0.198125 0.1525 0.18875
9 0.2733333333333333 0.204375 0.16666666666666666 0.1875
9 0.4425 0.21625 0.165 0.19
9 0.60875 0.2175 0.16083333333333333 0.19625
9 0.77125 0.2221875 0.16416666666666666 0.194375
9 0.92 0.2328125 0.14166666666666666 0.183125
9 0.11833333333333333 0.3784375 0.23666666666666666 0.094375
9 0.11541666666666667 0.485 0.22583333333333333 0.0925
9 0.12208333333333334 0.5771875 0.2325 0.091875
9 0.13208333333333333 0.668125 0.22083333333333333 0.08125
9 0.14166666666666666 0.7540625 0.21666666666666667 0.076875
9 0.14875 0.8275 0.21416666666666667 0.0725
9 0.16375 0.9196875 0.21083333333333334 0.076875
9 0.3745833333333333 0.92375 0.2025 0.0725
9 0.37375 0.8453125 0.20416666666666666 0.078125
9 0.3641666666666667 0.76 0.21666666666666667 0.0825
9 0.37583333333333335 0.6840625 0.21333333333333335 0.078125
9 0.3720833333333333 0.6040625 0.2275 0.075625
9 0.3525 0.49875 0.23166666666666666 0.0975
9 0.6241666666666666 0.461875 0.23 0.105
9 0.61875 0.5528125 0.21916666666666668 0.079375
9 0.61625 0.62875 0.21083333333333334 0.07875
9 0.605 0.7034375 0.21 0.074375
9 0.59625 0.775625 0.1925 0.075
9 0.5895833333333333 0.8503125 0.21083333333333334 0.076875
9 0.5883333333333334 0.9271875 0.205 0.083125
9 0.8745833333333334 0.465 0.24416666666666667 0.105
9 0.8570833333333333 0.55625 0.2325 0.0925
9 0.8454166666666667 0.6425 0.2125 0.07375
9 0.8366666666666667 0.720625 0.205 0.08125
9 0.82375 0.790625 0.19083333333333333 0.06
9 0.815 0.870625 0.20833333333333334 0.08
9 0.8025 0.9365625 0.20333333333333334 0.071875
