7 0.03916666666666667 0.174375 0.07833333333333334 0.17375
7 0.1525 0.17375 0.14166666666666666 0.175
7 0.30083333333333334 0.169375 0.145 0.17
7 0.43083333333333335 0.1540625 0.11833333333333333 0.200625
7 0.545 0.1509375 0.115 0.201875
7 0.66125 0.1478125 0.1225 0.201875
7 0.9008333333333334 0.1775 0.11 0.1275
7 0.030416666666666668 0.4821875 0.060833333333333336 0.176875
7 0.13666666666666666 0.4728125 0.13333333333333333 0.189375
7 0.28458333333333335 0.471875 0.15083333333333335 0.18875
7 0.4225 0.451875 0.12 0.22375
7 0.54 0.448125 0.12333333333333334 0.2275
7 0.6658333333333334 0.4475 0.12833333333333333 0.23
7 0.7845833333333333 0.4475 0.12916666666666668 0.23
7 0.9020833333333333 0.4434375 0.1275 0.220625
7 0.13208333333333333 0.7971875 0.1475 0.209375
7 0.28958333333333336 0.795 0.1525 0.21
7 0.5466666666666666 0.7109375 0.08333333333333333 0.178125
7 0.6379166666666667 0.71875 0.10583333333333333 0.19125
7 0.7916666666666666 0.759375 0.13833333333333334 0.26375
7 0.9308333333333333 0.75875 0.13166666666666665 0.245
