7 0.050416666666666665 0.281875 0.09083333333333334 0.185
7 0.13791666666666666 0.2803125 0.09416666666666666 0.183125
7 0.2275 0.2790625 0.09666666666666666 0.184375
7 0.31875 0.2809375 0.0925 0.185625
7 0.40958333333333335 0.2775 0.0975 0.1875
7 0.07 0.5225 0.045 0.14625
7 0.12875 0.5275 0.08583333333333333 0.1575
7 0.20583333333333334 0.5278125 0.08166666666666667 0.154375
7 0.28291666666666665 0.5284375 0.08083333333333333 0.155625
7 0.35583333333333333 0.53 0.06666666666666667 0.15625
7 0.4220833333333333 0.5334375 0.07416666666666667 0.158125
7 0.6883333333333334 0.52875 0.08 0.15875
7 0.8933333333333333 0.526875 0.10333333333333333 0.16125
