11 0.04416666666666667 0.1565625 0.08333333333333333 0.095625
11 0.13625 0.1615625 0.09916666666666667 0.091875
11 0.03958333333333333 0.2553125 0.07416666666666667 0.100625
11 0.23708333333333334 0.164375 0.09083333333333334 0.09
11 0.23291666666666666 0.26 0.09583333333333334 0.0975
11 0.060833333333333336 0.090625 0.06 0.03625
11 0.13958333333333334 0.0909375 0.0975 0.044375
11 0.23708333333333334 0.09625 0.0975 0.045
11 0.335 0.0965625 0.095 0.043125
11 0.335 0.164375 0.095 0.09375
11 0.33416666666666667 0.260625 0.1 0.09875
11 0.43291666666666667 0.2640625 0.10083333333333333 0.101875
11 0.43375 0.164375 0.09916666666666667 0.09625
11 0.4370833333333333 0.093125 0.09583333333333334 0.045
11 0.535 0.098125 0.09833333333333333 0.045
11 0.5320833333333334 0.166875 0.10083333333333333 0.095
11 0.5320833333333334 0.264375 0.09583333333333334 0.0975
11 0.6341666666666667 0.26625 0.10333333333333333 0.1
11 0.6308333333333334 0.1671875 0.09833333333333333 0.095625
11 0.6333333333333333 0.0975 0.09333333333333334 0.045
11 0.7275 0.1003125 0.09666666666666666 0.044375
11 0.8270833333333333 0.098125 0.09916666666666667 0.04625
11 0.9266666666666666 0.0984375 0.105 0.044375
11 0.7295833333333334 0.17 0.10083333333333333 0.095
11 0.8295833333333333 0.1709375 0.09583333333333334 0.096875
11 0.9304166666666667 0.1715625 0.09916666666666667 0.100625
11 0.73625 0.268125 0.10083333333333333 0.09875
11 0.8345833333333333 0.2690625 0.10083333333333333 0.100625
11 0.9366666666666666 0.270625 0.1 0.1
11 0.6233333333333333 0.6103125 0.10333333333333333 0.104375
11 0.7275 0.610625 0.10333333333333333 0.1075
11 0.8308333333333333 0.6146875 0.10166666666666667 0.104375
11 0.9225 0.615 0.065 0.105
11 0.9254166666666667 0.51625 0.06416666666666666 0.10125
11 0.8383333333333334 0.5121875 0.10833333333333334 0.105625
11 0.7320833333333333 0.509375 0.10416666666666667 0.1025
11 0.625 0.5065625 0.10333333333333333 0.100625
11 0.6129166666666667 0.430625 0.10083333333333333 0.04875
11 0.72625 0.4315625 0.10083333333333333 0.053125
11 0.8358333333333333 0.4328125 0.10166666666666667 0.049375
11 0.9345833333333333 0.4428125 0.09916666666666667 0.056875
11 0.11875 0.9140625 0.1025 0.108125
11 0.22208333333333333 0.915 0.09916666666666667 0.105
11 0.12083333333333333 0.8096875 0.09666666666666666 0.103125
11 0.22916666666666666 0.8096875 0.10333333333333333 0.103125
11 0.13458333333333333 0.7325 0.0975 0.0425
11 0.2325 0.735 0.105 0.04375
11 0.33625 0.735 0.1025 0.0475
11 0.3325 0.810625 0.10166666666666667 0.1025
11 0.3275 0.914375 0.1 0.105
11 0.4354166666666667 0.9159375 0.10416666666666667 0.106875
11 0.43666666666666665 0.810625 0.10333333333333333 0.105
11 0.43583333333333335 0.7353125 0.09833333333333333 0.045625
11 0.5375 0.7359375 0.10333333333333333 0.043125
11 0.5395833333333333 0.80875 0.10083333333333333 0.10375
11 0.53875 0.9134375 0.1025 0.104375
11 0.64125 0.91375 0.09916666666666667 0.1075
11 0.64 0.8078125 0.10166666666666667 0.101875
11 0.6441666666666667 0.736875 0.10333333333333333 0.04125
11 0.7458333333333333 0.7371875 0.09833333333333333 0.039375
11 0.74125 0.8078125 0.10416666666666667 0.100625
11 0.7425 0.9121875 0.10833333333333334 0.106875
11 0.8483333333333334 0.9109375 0.10666666666666667 0.104375
11 0.84 0.8075 0.10333333333333333 0.09875
11 0.84 0.7365625 0.095 0.039375
11 0.93125 0.8084375 0.0675 0.100625
11 0.9345833333333333 0.9134375 0.06916666666666667 0.105625
