6 0.046875 0.7546875 0.04583333333333333 0.0953125
6 0.090625 0.75546875 0.04583333333333333 0.096875
6 0.1375 0.7546875 0.04791666666666667 0.0984375
6 0.18020833333333333 0.757421875 0.04583333333333333 0.09609375
6 0.22552083333333334 0.75703125 0.046875 0.1
6 0.2671875 0.757421875 0.04479166666666667 0.10078125
6 0.30885416666666665 0.75625 0.04479166666666667 0.1015625
6 0.35 0.75859375 0.04375 0.0984375
6 0.03177083333333333 0.90234375 0.046875 0.1
6 0.08020833333333334 0.90390625 0.04583333333333333 0.103125
6 0.1265625 0.905078125 0.04895833333333333 0.10390625
6 0.17708333333333334 0.903515625 0.052083333333333336 0.10703125
6 0.22083333333333333 0.903125 0.041666666666666664 0.1109375
6 0.2630208333333333 0.905078125 0.046875 0.10859375
6 0.30833333333333335 0.906640625 0.04791666666666667 0.10703125
6 0.025 0.628125 0.04791666666666667 0.1015625
6 0.0671875 0.62734375 0.04895833333333333 0.1046875
6 0.1125 0.628515625 0.04791666666666667 0.10234375
6 0.20885416666666667 0.630859375 0.04479166666666667 0.10234375
6 0.2515625 0.63046875 0.04479166666666667 0.103125
6 0.3015625 0.63125 0.04479166666666667 0.103125
6 0.04114583333333333 0.266015625 0.040625 0.08671875
6 0.078125 0.267578125 0.04375 0.08671875
6 0.13802083333333334 0.267578125 0.042708333333333334 0.08671875
5 0.023958333333333335 0.50234375 0.04583333333333333 0.0921875
5 0.06875 0.50234375 0.052083333333333336 0.09375
5 0.11770833333333333 0.504296875 0.04791666666666667 0.09140625
5 0.1640625 0.504296875 0.04895833333333333 0.09296875
5 0.21197916666666666 0.503515625 0.051041666666666666 0.09453125
5 0.057291666666666664 0.38203125 0.05416666666666667 0.1
5 0.10416666666666667 0.381640625 0.05 0.10078125
5 0.1515625 0.38359375 0.051041666666666666 0.096875
5 0.19895833333333332 0.384765625 0.05 0.09609375
5 0.246875 0.384375 0.04791666666666667 0.0984375
5 0.29791666666666666 0.385546875 0.052083333333333336 0.09765625
5 0.17864583333333334 0.260546875 0.040625 0.09921875
5 0.21875 0.260546875 0.041666666666666664 0.09921875
5 0.2609375 0.262109375 0.040625 0.09921875
5 0.3046875 0.261328125 0.046875 0.10078125
5 0.3463541666666667 0.261328125 0.040625 0.10234375
5 0.27239583333333334 0.504296875 0.04895833333333333 0.09453125
5 0.31875 0.50546875 0.04791666666666667 0.09375
5 0.3645833333333333 0.50703125 0.04375 0.090625
5 0.036458333333333336 0.12890625 0.06041666666666667 0.1015625
5 0.1 0.128125 0.06875 0.10625
5 0.16875 0.13515625 0.0625 0.090625
5 0.2203125 0.114453125 0.04479166666666667 0.13203125
5 0.2755208333333333 0.11484375 0.051041666666666666 0.1328125
5 0.33177083333333335 0.115625 0.053125 0.13125
5 0.39739583333333334 0.125 0.04479166666666667 0.1140625
5 0.44375 0.117578125 0.04791666666666667 0.13046875
5 0.4942708333333333 0.116015625 0.04479166666666667 0.13359375
5 0.38645833333333335 0.26171875 0.041666666666666664 0.1015625
5 0.4265625 0.26171875 0.042708333333333334 0.103125
5 0.46927083333333336 0.26171875 0.042708333333333334 0.103125
5 0.35 0.3859375 0.04791666666666667 0.1
5 0.396875 0.386328125 0.05416666666666667 0.09921875
5 0.44375 0.38671875 0.04791666666666667 0.0984375
5 0.4947916666666667 0.387109375 0.04791666666666667 0.09765625
5 0.5401041666666667 0.3890625 0.04479166666666667 0.0953125
5 0.41302083333333334 0.50625 0.046875 0.0921875
5 0.4739583333333333 0.506640625 0.04375 0.09609375
5 0.3828125 0.63125 0.051041666666666666 0.1
5 0.4421875 0.6328125 0.04895833333333333 0.1015625
5 0.4895833333333333 0.632421875 0.04791666666666667 0.10078125
5 0.39166666666666666 0.75859375 0.04583333333333333 0.0984375
5 0.43854166666666666 0.76015625 0.04791666666666667 0.096875
5 0.4875 0.761328125 0.04791666666666667 0.09609375
5 0.5479166666666667 0.512109375 0.041666666666666664 0.08046875
5 0.5854166666666667 0.51328125 0.0375 0.08125
5 0.5411458333333333 0.6296875 0.04479166666666667 0.096875
5 0.5817708333333333 0.62890625 0.040625 0.096875
5 0.621875 0.630078125 0.04583333333333333 0.09765625
5 0.5338541666666666 0.7625 0.04479166666666667 0.0953125
5 0.5765625 0.762109375 0.04479166666666667 0.09453125
5 0.6192708333333333 0.762890625 0.042708333333333334 0.09453125
5 0.36354166666666665 0.905078125 0.06041666666666667 0.11328125
5 0.4192708333333333 0.90390625 0.05520833333333333 0.115625
5 0.4713541666666667 0.912109375 0.04479166666666667 0.10234375
5 0.5151041666666667 0.91171875 0.04479166666666667 0.1
5 0.5625 0.90390625 0.04375 0.09375
5 0.6041666666666666 0.90078125 0.041666666666666664 0.09375
5 0.6484375 0.918359375 0.04479166666666667 0.09765625
5 0.6963541666666667 0.91796875 0.042708333333333334 0.1
5 0.7453125 0.905078125 0.053125 0.09296875
5 0.7994791666666666 0.91875 0.051041666666666666 0.103125
5 0.6994791666666667 0.755078125 0.034375 0.09453125
5 0.7348958333333333 0.75546875 0.034375 0.0953125
5 0.7796875 0.7625 0.036458333333333336 0.1046875
5 0.8182291666666667 0.7625 0.034375 0.1015625
5 0.8473958333333333 0.91484375 0.04479166666666667 0.103125
5 0.6651041666666667 0.637109375 0.040625 0.10078125
5 0.70625 0.633203125 0.0375 0.08671875
5 0.7463541666666667 0.633984375 0.03854166666666667 0.08828125
5 0.7989583333333333 0.6390625 0.04791666666666667 0.0984375
5 0.8479166666666667 0.637890625 0.05 0.10078125
5 0.61875 0.51328125 0.035416666666666666 0.0796875
5 0.65625 0.5140625 0.03333333333333333 0.078125
5 0.6869791666666667 0.512109375 0.028125 0.07578125
5 0.8046875 0.516796875 0.03229166666666667 0.07734375
5 0.8395833333333333 0.516796875 0.03333333333333333 0.07734375
5 0.8765625 0.51640625 0.03229166666666667 0.0796875
5 0.8942708333333333 0.396875 0.036458333333333336 0.0828125
5 0.8578125 0.39765625 0.040625 0.0828125
5 0.8109375 0.395703125 0.04895833333333333 0.08203125
5 0.7734375 0.396875 0.034375 0.08125
5 0.734375 0.38828125 0.04375 0.1
5 0.6875 0.38828125 0.05 0.0984375
5 0.5875 0.387890625 0.04583333333333333 0.09921875
5 0.6364583333333333 0.3875 0.04583333333333333 0.1
5 0.5114583333333333 0.2609375 0.041666666666666664 0.10625
5 0.5588541666666667 0.260546875 0.04895833333333333 0.10546875
5 0.6052083333333333 0.259765625 0.05 0.10546875
5 0.6505208333333333 0.258984375 0.04895833333333333 0.10703125
5 0.6973958333333333 0.259375 0.04895833333333333 0.1078125
5 0.7442708333333333 0.259765625 0.040625 0.10546875
5 0.790625 0.26171875 0.041666666666666664 0.103125
5 0.8338541666666667 0.262109375 0.040625 0.10234375
5 0.8760416666666667 0.26171875 0.03958333333333333 0.1015625
5 0.91875 0.262109375 0.041666666666666664 0.10078125
5 0.9614583333333333 0.26171875 0.03958333333333333 0.103125
5 0.9375 0.396875 0.04583333333333333 0.08125
5 0.9807291666666667 0.39609375 0.036458333333333336 0.0828125
5 0.5401041666666667 0.13203125 0.051041666666666666 0.0984375
5 0.5895833333333333 0.133203125 0.05 0.09921875
5 0.6348958333333333 0.1328125 0.04479166666666667 0.0984375
5 0.68125 0.132421875 0.05 0.09921875
5 0.7234375 0.12109375 0.040625 0.1234375
5 0.7619791666666667 0.1203125 0.036458333333333336 0.1234375
5 0.9552083333333333 0.1140625 0.04583333333333333 0.134375
5 0.9088541666666666 0.5125 0.03229166666666667 0.08125
5 0.9463541666666667 0.514453125 0.03854166666666667 0.08046875
5 0.98125 0.514453125 0.029166666666666667 0.08046875
5 0.8979166666666667 0.6375 0.05 0.103125
5 0.9489583333333333 0.63671875 0.05 0.1046875
5 0.9015625 0.7640625 0.051041666666666666 0.1046875
5 0.9494791666666667 0.765234375 0.051041666666666666 0.10078125
