12 0.11916666666666667 0.3 0.075 0.105
12 0.04416666666666667 0.2990625 0.07166666666666667 0.104375
12 0.19416666666666665 0.3015625 0.07333333333333333 0.104375
12 0.26916666666666667 0.29875 0.07333333333333333 0.1075
12 0.035 0.4053125 0.06833333333333333 0.106875
12 0.11 0.4071875 0.07333333333333333 0.109375
12 0.18583333333333332 0.40875 0.07833333333333334 0.10875
12 0.2675 0.409375 0.08333333333333333 0.1075
12 0.06958333333333333 0.1559375 0.0725 0.089375
12 0.0175 0.155625 0.03333333333333333 0.08875
12 0.0225 0.0646875 0.041666666666666664 0.091875
12 0.08041666666666666 0.0634375 0.06583333333333333 0.091875
12 0.15166666666666667 0.05875 0.07166666666666667 0.09625
12 0.14375 0.155 0.0775 0.09
12 0.22291666666666668 0.1496875 0.07916666666666666 0.090625
12 0.22666666666666666 0.0565625 0.07666666666666666 0.103125
12 0.34 0.0565625 0.07166666666666667 0.093125
12 0.335 0.1509375 0.07333333333333333 0.094375
12 0.4175 0.0609375 0.06333333333333334 0.089375
12 0.41208333333333336 0.1525 0.07416666666666667 0.09125
12 0.4945833333333333 0.058125 0.0725 0.09
12 0.4895833333333333 0.1521875 0.07583333333333334 0.093125
12 0.57125 0.0528125 0.07583333333333334 0.094375
12 0.56625 0.1509375 0.0775 0.095625
12 0.6479166666666667 0.0509375 0.07416666666666667 0.088125
12 0.6458333333333334 0.14875 0.07666666666666666 0.10125
12 0.73 0.0496875 0.07666666666666666 0.095625
12 0.7258333333333333 0.14875 0.07833333333333334 0.1
12 0.8041666666666667 0.150625 0.08 0.09625
12 0.8091666666666667 0.053125 0.07666666666666666 0.09625
12 0.8858333333333334 0.0540625 0.07666666666666666 0.094375
12 0.8854166666666666 0.1515625 0.08583333333333333 0.096875
12 0.9625 0.1484375 0.07166666666666667 0.100625
12 0.9591666666666666 0.053125 0.06166666666666667 0.08875
12 0.36125 0.414375 0.0825 0.0975
12 0.36 0.3121875 0.07666666666666666 0.098125
12 0.44083333333333335 0.315 0.07666666666666666 0.10125
12 0.4429166666666667 0.415 0.07416666666666667 0.1
12 0.5191666666666667 0.4159375 0.07666666666666666 0.098125
12 0.52125 0.3159375 0.07416666666666667 0.100625
12 0.5966666666666667 0.3171875 0.075 0.100625
12 0.5975 0.416875 0.08 0.1
12 0.675 0.4184375 0.07666666666666666 0.100625
12 0.67375 0.3165625 0.08083333333333333 0.100625
12 0.7541666666666667 0.3178125 0.07833333333333334 0.100625
12 0.7525 0.41875 0.08 0.1
12 0.8333333333333334 0.3175 0.08166666666666667 0.10125
12 0.8304166666666667 0.4190625 0.08083333333333333 0.099375
12 0.9133333333333333 0.419375 0.085 0.10125
12 0.905 0.325 0.075 0.08625
12 0.9754166666666667 0.3209375 0.04416666666666667 0.096875
12 0.9758333333333333 0.4203125 0.04666666666666667 0.101875
12 0.08791666666666667 0.6496875 0.07083333333333333 0.111875
12 0.024583333333333332 0.648125 0.049166666666666664 0.11375
12 0.028333333333333332 0.5421875 0.056666666666666664 0.093125
12 0.09208333333333334 0.5440625 0.06583333333333333 0.096875
12 0.15875 0.5459375 0.06416666666666666 0.098125
12 0.16 0.65 0.07166666666666667 0.11375
12 0.22875 0.5475 0.07416666666666667 0.09625
12 0.23458333333333334 0.6515625 0.07416666666666667 0.114375
12 0.30875 0.6528125 0.08083333333333333 0.113125
12 0.3279166666666667 0.545 0.06416666666666666 0.095
12 0.3975 0.54875 0.075 0.1
12 0.3908333333333333 0.6546875 0.08 0.111875
12 0.47541666666666665 0.5490625 0.07916666666666666 0.100625
12 0.4683333333333333 0.654375 0.07333333333333333 0.115
12 0.5466666666666666 0.6578125 0.07833333333333334 0.114375
12 0.62375 0.65875 0.0775 0.11625
12 0.5525 0.5496875 0.075 0.098125
12 0.62875 0.5525 0.0775 0.0975
12 0.7075 0.5540625 0.08166666666666667 0.096875
12 0.7058333333333333 0.6615625 0.08 0.118125
12 0.7845833333333333 0.6609375 0.0825 0.116875
12 0.7866666666666666 0.5540625 0.08166666666666667 0.099375
12 0.8666666666666667 0.55625 0.08333333333333333 0.1
12 0.8679166666666667 0.6640625 0.08583333333333333 0.118125
12 0.9495833333333333 0.6659375 0.0825 0.116875
12 0.9466666666666667 0.5575 0.08166666666666667 0.1
12 0.11416666666666667 0.8259375 0.07333333333333333 0.110625
12 0.035833333333333335 0.823125 0.06833333333333333 0.11625
12 0.0325 0.9375 0.065 0.11625
12 0.10416666666666667 0.94 0.075 0.1175
12 0.18166666666666667 0.9471875 0.07666666666666666 0.104375
12 0.26458333333333334 0.94375 0.0775 0.11
12 0.26708333333333334 0.833125 0.0775 0.11375
12 0.34625 0.835 0.0775 0.11875
12 0.34541666666666665 0.9465625 0.07916666666666666 0.101875
12 0.42625 0.9453125 0.07916666666666666 0.104375
12 0.4270833333333333 0.8346875 0.07583333333333334 0.120625
12 0.50625 0.84 0.0775 0.1225
12 0.50625 0.94875 0.08083333333333333 0.0975
12 0.5879166666666666 0.9484375 0.0825 0.096875
12 0.5858333333333333 0.8415625 0.07833333333333334 0.124375
12 0.6695833333333333 0.8440625 0.08083333333333333 0.121875
12 0.6725 0.951875 0.08333333333333333 0.09375
12 0.7495833333333334 0.8465625 0.0825 0.123125
12 0.7558333333333334 0.9540625 0.085 0.089375
12 0.8395833333333333 0.95375 0.08416666666666667 0.09
12 0.8325 0.8478125 0.08333333333333333 0.125625
12 0.925 0.9559375 0.08833333333333333 0.086875
12 0.9154166666666667 0.8534375 0.0875 0.121875
12 0.9775 0.8540625 0.043333333333333335 0.120625
