12 0.03833333333333333 0.1434375 0.07 0.203125
12 0.04 0.3434375 0.07 0.191875
12 0.14166666666666666 0.34375 0.13666666666666666 0.2
12 0.27208333333333334 0.343125 0.12583333333333332 0.19875
12 0.1375 0.14 0.14333333333333334 0.20625
12 0.2733333333333333 0.1409375 0.13333333333333333 0.205625
12 0.4091666666666667 0.1353125 0.13166666666666665 0.193125
12 0.39958333333333335 0.333125 0.1475 0.2075
12 0.5479166666666667 0.34125 0.15083333333333335 0.20875
12 0.7016666666666667 0.34 0.145 0.20625
12 0.5479166666666667 0.13125 0.15416666666666667 0.205
12 0.695 0.149375 0.14333333333333334 0.17125
12 0.835 0.153125 0.13833333333333334 0.17625
12 0.8541666666666666 0.3434375 0.14833333333333334 0.205625
12 0.9633333333333334 0.3446875 0.07 0.200625
12 0.9525 0.1553125 0.09 0.174375
12 0.13166666666666665 0.6290625 0.11166666666666666 0.185625
12 0.25458333333333333 0.6434375 0.14083333333333334 0.201875
12 0.395 0.64125 0.14166666666666666 0.205
12 0.11875 0.8440625 0.14083333333333334 0.199375
12 0.2579166666666667 0.845625 0.14416666666666667 0.2
12 0.4 0.844375 0.13833333333333334 0.19875
12 0.02625 0.8125 0.04583333333333333 0.18125
12 0.04 0.6303125 0.07 0.180625
12 0.5420833333333334 0.658125 0.1425 0.18875
12 0.5404166666666667 0.8496875 0.1375 0.186875
12 0.68 0.8478125 0.13833333333333334 0.183125
12 0.685 0.658125 0.14333333333333334 0.19125
12 0.8291666666666667 0.6553125 0.14166666666666666 0.191875
12 0.8233333333333334 0.845625 0.14 0.18375
12 0.9454166666666667 0.8434375 0.1025 0.183125
12 0.9491666666666667 0.656875 0.095 0.1875
