10 0.065 0.89625 0.12166666666666667 0.045
10 0.3145833333333333 0.89875 0.3725 0.05375
10 0.3975 0.850625 0.23666666666666666 0.05625
10 0.13791666666666666 0.845 0.2658333333333333 0.05125
10 0.06916666666666667 0.79375 0.12833333333333333 0.0425
10 0.3225 0.799375 0.35833333333333334 0.0525
10 0.3925 0.761875 0.23 0.05125
10 0.14166666666666666 0.74875 0.27 0.05
10 0.3383333333333333 0.711875 0.38 0.055
10 0.07666666666666666 0.7009375 0.14833333333333334 0.041875
10 0.15 0.655 0.29333333333333333 0.05625
10 0.42125 0.66125 0.2425 0.045
10 0.35041666666666665 0.614375 0.38083333333333336 0.05375
10 0.08 0.604375 0.15833333333333333 0.04
10 0.15458333333333332 0.5540625 0.30583333333333335 0.061875
10 0.43291666666666667 0.55875 0.24416666666666667 0.05375
10 0.35 0.503125 0.395 0.055
10 0.07791666666666666 0.495625 0.15083333333333335 0.05625
10 0.15041666666666667 0.43625 0.2925 0.05875
10 0.42583333333333334 0.4428125 0.25166666666666665 0.059375
10 0.35541666666666666 0.3865625 0.3875 0.054375
10 0.08041666666666666 0.385 0.1575 0.04625
10 0.15041666666666667 0.3290625 0.2941666666666667 0.051875
10 0.4270833333333333 0.3265625 0.2525 0.056875
10 0.35875 0.2634375 0.3975 0.056875
10 0.08833333333333333 0.26875 0.14666666666666667 0.05875
10 0.15416666666666667 0.2121875 0.2816666666666667 0.046875
10 0.42583333333333334 0.206875 0.265 0.0525
10 0.07125 0.15375 0.13083333333333333 0.06125
10 0.34708333333333335 0.1478125 0.4141666666666667 0.063125
10 0.44 0.084375 0.245 0.06375
10 0.15708333333333332 0.089375 0.31416666666666665 0.04875
10 0.6258333333333334 0.9 0.25333333333333335 0.0525
10 0.8758333333333334 0.9046875 0.245 0.049375
10 0.8745833333333334 0.8578125 0.24083333333333334 0.051875
10 0.8741666666666666 0.81 0.245 0.05375
10 0.88375 0.765 0.22916666666666666 0.05375
10 0.8908333333333334 0.718125 0.21166666666666667 0.05625
10 0.8954166666666666 0.6640625 0.20583333333333334 0.055625
10 0.8991666666666667 0.6128125 0.19333333333333333 0.055625
10 0.6441666666666667 0.8434375 0.22 0.053125
10 0.6425 0.7903125 0.215 0.050625
10 0.65125 0.7425 0.2325 0.05
10 0.6595833333333333 0.6971875 0.24416666666666667 0.049375
10 0.66875 0.636875 0.24583333333333332 0.065
10 0.67625 0.5728125 0.2375 0.066875
10 0.8995833333333333 0.5634375 0.1975 0.054375
10 0.9033333333333333 0.5096875 0.19 0.059375
10 0.675 0.5046875 0.24666666666666667 0.061875
10 0.9083333333333333 0.453125 0.17833333333333334 0.0475
10 0.9079166666666667 0.39875 0.1825 0.05
10 0.6804166666666667 0.440625 0.25583333333333336 0.055
10 0.6829166666666666 0.378125 0.25416666666666665 0.06
10 0.91375 0.3378125 0.16916666666666666 0.061875
10 0.6875 0.3128125 0.26166666666666666 0.056875
10 0.6891666666666667 0.250625 0.25666666666666665 0.0625
10 0.9133333333333333 0.2778125 0.16833333333333333 0.054375
10 0.9129166666666667 0.216875 0.16583333333333333 0.05875
10 0.9154166666666667 0.1478125 0.16083333333333333 0.071875
10 0.69125 0.1846875 0.26416666666666666 0.058125
10 0.69375 0.113125 0.2658333333333333 0.0625
