12 0.10291666666666667 0.25625 0.11916666666666667 0.165
12 0.025 0.2559375 0.05 0.163125
12 0.21458333333333332 0.25875 0.11916666666666667 0.16625
12 0.09041666666666667 0.0890625 0.12416666666666666 0.175625
12 0.20791666666666667 0.0903125 0.11916666666666667 0.175625
12 0.32458333333333333 0.0953125 0.11416666666666667 0.168125
12 0.32458333333333333 0.26 0.11583333333333333 0.1625
12 0.44583333333333336 0.26 0.115 0.16375
12 0.43916666666666665 0.09 0.115 0.17625
12 0.5666666666666667 0.1134375 0.11 0.154375
12 0.57125 0.2665625 0.11416666666666667 0.148125
12 0.6883333333333334 0.268125 0.10833333333333334 0.14875
12 0.79375 0.2709375 0.10916666666666666 0.144375
12 0.68375 0.11875 0.10916666666666666 0.155
12 0.7958333333333333 0.1215625 0.105 0.154375
12 0.9016666666666666 0.124375 0.10833333333333334 0.15375
12 0.9004166666666666 0.274375 0.10416666666666667 0.1425
12 0.97375 0.273125 0.049166666666666664 0.14
12 0.9779166666666667 0.1246875 0.04083333333333333 0.150625
12 0.11291666666666667 0.590625 0.11083333333333334 0.14375
12 0.21666666666666667 0.59 0.10666666666666667 0.14
12 0.03375 0.5921875 0.06583333333333333 0.141875
12 0.02666666666666667 0.455 0.051666666666666666 0.13
12 0.09958333333333333 0.455 0.11083333333333334 0.1275
12 0.2025 0.454375 0.105 0.12625
12 0.3025 0.455 0.1 0.12375
12 0.40166666666666667 0.4575 0.105 0.1225
12 0.31875 0.590625 0.10416666666666667 0.14
12 0.41833333333333333 0.589375 0.10333333333333333 0.1375
12 0.5191666666666667 0.5915625 0.09833333333333333 0.133125
12 0.5170833333333333 0.4521875 0.09083333333333334 0.118125
12 0.62625 0.45625 0.10083333333333333 0.12625
12 0.6225 0.589375 0.09833333333333333 0.13625
12 0.7204166666666667 0.58875 0.0975 0.1375
12 0.7270833333333333 0.4546875 0.09916666666666667 0.124375
12 0.8270833333333333 0.4559375 0.0975 0.125625
12 0.8208333333333333 0.5903125 0.1 0.139375
12 0.91875 0.588125 0.0975 0.14125
12 0.9258333333333333 0.454375 0.09666666666666666 0.1225
12 0.07666666666666666 0.8059375 0.10833333333333334 0.124375
12 0.08083333333333333 0.92875 0.10333333333333333 0.11625
12 0.18291666666666667 0.92125 0.10083333333333333 0.11875
12 0.17666666666666667 0.79625 0.09833333333333333 0.12875
12 0.27541666666666664 0.7959375 0.09916666666666667 0.120625
12 0.2791666666666667 0.9190625 0.09666666666666666 0.119375
12 0.37375 0.9271875 0.09916666666666667 0.108125
12 0.37166666666666665 0.808125 0.09666666666666666 0.12125
12 0.4716666666666667 0.799375 0.1 0.1225
12 0.4716666666666667 0.919375 0.08833333333333333 0.1175
12 0.5691666666666667 0.9215625 0.09833333333333333 0.124375
12 0.5679166666666666 0.7965625 0.09416666666666666 0.125625
12 0.66125 0.7934375 0.0925 0.126875
12 0.6645833333333333 0.9203125 0.0925 0.124375
12 0.7558333333333334 0.9171875 0.08833333333333333 0.121875
12 0.7575 0.7934375 0.09666666666666666 0.125625
12 0.8545833333333334 0.7915625 0.09583333333333334 0.129375
12 0.8508333333333333 0.9203125 0.10166666666666667 0.124375
12 0.9458333333333333 0.91625 0.09333333333333334 0.1225
12 0.9491666666666667 0.79125 0.095 0.12625
