10 0.19833333333333333 0.9796875 0.30666666666666664 0.038125
10 0.5058333333333334 0.9740625 0.29833333333333334 0.046875
10 0.1925 0.9209375 0.315 0.060625
10 0.5091666666666667 0.921875 0.31166666666666665 0.05875
10 0.5045833333333334 0.8621875 0.30583333333333335 0.061875
10 0.19333333333333333 0.860625 0.31666666666666665 0.05625
10 0.19791666666666666 0.80375 0.31416666666666665 0.0575
10 0.5116666666666667 0.8015625 0.30333333333333334 0.056875
10 0.20625 0.74625 0.3225 0.06
10 0.5145833333333333 0.7359375 0.2941666666666667 0.049375
10 0.52125 0.681875 0.2991666666666667 0.0575
10 0.20666666666666667 0.683125 0.32 0.06125
10 0.2075 0.6125 0.315 0.0775
10 0.5183333333333333 0.6178125 0.30666666666666664 0.060625
10 0.5275 0.560625 0.29833333333333334 0.05875
10 0.2175 0.546875 0.3283333333333333 0.06375
10 0.5275 0.499375 0.31166666666666665 0.0575
10 0.5375 0.446875 0.29833333333333334 0.0675
10 0.2891666666666667 0.468125 0.205 0.04
10 0.29083333333333333 0.420625 0.20833333333333334 0.0525
10 0.5416666666666666 0.379375 0.26666666666666666 0.06625
10 0.8104166666666667 0.9746875 0.30583333333333335 0.045625
10 0.8058333333333333 0.92125 0.2866666666666667 0.06375
10 0.815 0.8615625 0.32 0.066875
10 0.8204166666666667 0.8 0.3175 0.06875
10 0.81375 0.735625 0.30916666666666665 0.05875
10 0.8154166666666667 0.67625 0.2941666666666667 0.05875
10 0.81875 0.6121875 0.2991666666666667 0.056875
10 0.8083333333333333 0.5503125 0.2733333333333333 0.058125
10 0.8325 0.49375 0.30333333333333334 0.05875
10 0.8329166666666666 0.4346875 0.3025 0.060625
10 0.82375 0.3725 0.29583333333333334 0.0625
10 0.095 0.4621875 0.17833333333333334 0.064375
10 0.8820833333333333 0.083125 0.13583333333333333 0.09
10 0.7329166666666667 0.0471875 0.1175 0.025625
10 0.7391666666666666 0.0675 0.115 0.02125
10 0.7379166666666667 0.089375 0.11583333333333333 0.02625
10 0.7358333333333333 0.105625 0.11833333333333333 0.0175
10 0.62125 0.0484375 0.10916666666666666 0.023125
10 0.6233333333333333 0.068125 0.115 0.02125
10 0.6216666666666667 0.0871875 0.11166666666666666 0.019375
10 0.61875 0.104375 0.11083333333333334 0.0175
10 0.6191666666666666 0.1184375 0.11166666666666666 0.013125
10 0.51 0.070625 0.11 0.02625
10 0.50875 0.0896875 0.10916666666666666 0.021875
10 0.5070833333333333 0.1075 0.11083333333333334 0.02
10 0.39208333333333334 0.10125 0.11916666666666667 0.0225
10 0.3954166666666667 0.0821875 0.11583333333333333 0.023125
10 0.3975 0.0640625 0.11666666666666667 0.025625
10 0.3933333333333333 0.0359375 0.10833333333333334 0.024375
10 0.27666666666666667 0.0715625 0.11666666666666667 0.089375
10 0.14416666666666667 0.0603125 0.12333333333333334 0.109375
10 0.0325 0.0578125 0.06333333333333334 0.109375
