12 0.065 0.056875 0.065 0.09625
12 0.01625 0.0578125 0.0325 0.093125
12 0.016666666666666666 0.146875 0.03333333333333333 0.0875
12 0.06625 0.146875 0.0675 0.08875
12 0.13166666666666665 0.148125 0.06666666666666667 0.08875
12 0.13083333333333333 0.058125 0.06666666666666667 0.0925
12 0.19833333333333333 0.0628125 0.06666666666666667 0.091875
12 0.19791666666666666 0.1490625 0.0675 0.084375
12 0.2654166666666667 0.1490625 0.06583333333333333 0.088125
12 0.2629166666666667 0.06 0.0675 0.09
12 0.3279166666666667 0.059375 0.0625 0.09375
12 0.32875 0.150625 0.06416666666666666 0.0875
12 0.3929166666666667 0.05875 0.06416666666666666 0.09375
12 0.39166666666666666 0.1503125 0.065 0.089375
12 0.4575 0.0609375 0.06 0.091875
12 0.4579166666666667 0.1509375 0.0625 0.090625
12 0.5220833333333333 0.061875 0.0625 0.09375
12 0.5216666666666666 0.15125 0.06166666666666667 0.08875
12 0.5875 0.061875 0.06333333333333334 0.095
12 0.585 0.1515625 0.06333333333333334 0.088125
12 0.64875 0.0771875 0.05583333333333333 0.090625
12 0.645 0.1584375 0.056666666666666664 0.075625
12 0.71 0.1553125 0.06166666666666667 0.081875
12 0.7091666666666666 0.074375 0.06333333333333334 0.0775
12 0.77125 0.07375 0.0625 0.075
12 0.77375 0.1553125 0.06583333333333333 0.086875
12 0.8466666666666667 0.066875 0.065 0.09
12 0.91125 0.0659375 0.06416666666666666 0.091875
12 0.8433333333333334 0.141875 0.06333333333333334 0.05875
12 0.9104166666666667 0.15625 0.0625 0.08625
12 0.97125 0.1553125 0.05583333333333333 0.086875
12 0.9716666666666667 0.06625 0.055 0.09125
12 0.08125 0.27375 0.06916666666666667 0.08875
12 0.08916666666666667 0.36375 0.07166666666666667 0.08875
12 0.029166666666666667 0.36125 0.058333333333333334 0.0875
12 0.025833333333333333 0.2721875 0.051666666666666666 0.090625
12 0.19125 0.29125 0.05583333333333333 0.0775
12 0.20083333333333334 0.3703125 0.055 0.075625
12 0.1575 0.36875 0.03666666666666667 0.0775
12 0.25333333333333335 0.371875 0.05333333333333334 0.07625
12 0.24541666666666667 0.2921875 0.05583333333333333 0.078125
12 0.29625 0.2896875 0.0525 0.070625
12 0.3275 0.3684375 0.06 0.083125
12 0.39125 0.3690625 0.0575 0.084375
12 0.44958333333333333 0.3684375 0.059166666666666666 0.088125
12 0.45208333333333334 0.2821875 0.05416666666666667 0.081875
12 0.57375 0.28375 0.0625 0.09
12 0.5108333333333334 0.283125 0.06333333333333334 0.08625
12 0.5091666666666667 0.3696875 0.06 0.086875
12 0.5716666666666667 0.371875 0.06166666666666667 0.08375
12 0.6333333333333333 0.370625 0.058333333333333334 0.08625
12 0.75375 0.3715625 0.06416666666666666 0.088125
12 0.6954166666666667 0.280625 0.05583333333333333 0.0925
12 0.7554166666666666 0.281875 0.0625 0.09125
12 0.9433333333333334 0.3728125 0.06166666666666667 0.086875
12 0.9541666666666667 0.2834375 0.04 0.094375
12 0.9875 0.2828125 0.02 0.091875
12 0.9866666666666667 0.374375 0.023333333333333334 0.0875
12 0.09791666666666667 0.471875 0.0625 0.075
12 0.03625 0.4709375 0.0625 0.073125
12 0.0375 0.5484375 0.06333333333333334 0.084375
12 0.09708333333333333 0.5503125 0.06416666666666666 0.085625
12 0.16 0.55 0.06166666666666667 0.0825
12 0.15708333333333332 0.4725 0.06416666666666666 0.07375
12 0.22 0.551875 0.056666666666666664 0.0825
12 0.2783333333333333 0.551875 0.058333333333333334 0.08125
12 0.21791666666666668 0.49 0.059166666666666666 0.04125
12 0.27875 0.4903125 0.060833333333333336 0.038125
12 0.33541666666666664 0.5534375 0.060833333333333336 0.083125
12 0.33708333333333335 0.4915625 0.0575 0.036875
12 0.3954166666666667 0.475 0.0575 0.07625
12 0.39375 0.55375 0.059166666666666666 0.08375
12 0.4529166666666667 0.475625 0.0575 0.075
12 0.45125 0.5540625 0.0575 0.080625
12 0.50875 0.5553125 0.059166666666666666 0.083125
12 0.51125 0.4775 0.059166666666666666 0.07125
12 0.5666666666666667 0.4778125 0.05333333333333334 0.074375
12 0.5675 0.5546875 0.055 0.080625
12 0.10833333333333334 0.6815625 0.06 0.076875
12 0.04791666666666667 0.6765625 0.06416666666666666 0.076875
12 0.05125 0.7559375 0.06416666666666666 0.074375
12 0.11208333333333333 0.7559375 0.060833333333333336 0.075625
12 0.17 0.756875 0.058333333333333334 0.07375
12 0.16791666666666666 0.68 0.059166666666666666 0.08
12 0.22333333333333333 0.6803125 0.056666666666666664 0.079375
12 0.22791666666666666 0.7571875 0.05583333333333333 0.074375
12 0.2841666666666667 0.6796875 0.056666666666666664 0.078125
12 0.28833333333333333 0.7575 0.058333333333333334 0.075
12 0.3475 0.680625 0.056666666666666664 0.07625
12 0.3475 0.7578125 0.06166666666666667 0.075625
12 0.4066666666666667 0.675 0.06 0.07875
12 0.4041666666666667 0.754375 0.055 0.07875
12 0.46291666666666664 0.6728125 0.05583333333333333 0.081875
12 0.46291666666666664 0.7540625 0.05416666666666667 0.078125
12 0.5195833333333333 0.755 0.05583333333333333 0.07875
12 0.52 0.675 0.058333333333333334 0.08125
12 0.5791666666666667 0.67625 0.055 0.08
12 0.57625 0.7559375 0.05583333333333333 0.079375
12 0.6316666666666667 0.7546875 0.055 0.078125
12 0.6345833333333334 0.6778125 0.0575 0.074375
12 0.6929166666666666 0.6778125 0.05583333333333333 0.078125
12 0.6879166666666666 0.7553125 0.05416666666666667 0.076875
12 0.7425 0.75375 0.055 0.0775
12 0.7995833333333333 0.7571875 0.05583333333333333 0.079375
12 0.7483333333333333 0.6759375 0.056666666666666664 0.078125
12 0.8066666666666666 0.6775 0.058333333333333334 0.07875
12 0.8641666666666666 0.6809375 0.058333333333333334 0.076875
12 0.8608333333333333 0.7571875 0.055 0.075625
12 0.91625 0.7584375 0.059166666666666666 0.074375
12 0.9716666666666667 0.755625 0.05333333333333334 0.07375
12 0.9220833333333334 0.680625 0.05583333333333333 0.075
12 0.9754166666666667 0.679375 0.0475 0.0775
12 0.07375 0.8721875 0.059166666666666666 0.078125
12 0.07541666666666667 0.9465625 0.060833333333333336 0.071875
12 0.13333333333333333 0.9478125 0.06 0.071875
12 0.13291666666666666 0.8709375 0.05583333333333333 0.076875
12 0.1925 0.87375 0.06 0.0775
12 0.19083333333333333 0.948125 0.058333333333333334 0.07375
12 0.25125 0.86625 0.0575 0.08125
12 0.2504166666666667 0.945 0.0575 0.07625
12 0.30666666666666664 0.870625 0.058333333333333334 0.07625
12 0.30541666666666667 0.94625 0.05583333333333333 0.07125
12 0.36041666666666666 0.948125 0.0575 0.07375
12 0.36375 0.87375 0.05583333333333333 0.0775
12 0.42125 0.875625 0.0575 0.07875
12 0.41791666666666666 0.9496875 0.060833333333333336 0.071875
12 0.4766666666666667 0.9478125 0.055 0.071875
12 0.4820833333333333 0.87375 0.059166666666666666 0.075
12 0.5391666666666667 0.8725 0.056666666666666664 0.07875
12 0.5366666666666666 0.948125 0.056666666666666664 0.07
12 0.59625 0.874375 0.05583333333333333 0.07875
12 0.5908333333333333 0.9484375 0.056666666666666664 0.070625
12 0.6525 0.8721875 0.056666666666666664 0.074375
12 0.6508333333333334 0.944375 0.055 0.0675
12 0.71 0.8709375 0.05333333333333334 0.074375
12 0.70625 0.9434375 0.05583333333333333 0.070625
12 0.7625 0.94125 0.05333333333333334 0.075
12 0.7645833333333333 0.8653125 0.05583333333333333 0.078125
12 0.8183333333333334 0.865625 0.051666666666666666 0.0775
12 0.815 0.9390625 0.05 0.070625
12 0.8691666666666666 0.93875 0.056666666666666664 0.07375
12 0.8716666666666667 0.865 0.055 0.075
12 0.9275 0.863125 0.056666666666666664 0.0725
12 0.9258333333333333 0.939375 0.055 0.07375
12 0.9766666666666667 0.9390625 0.041666666666666664 0.070625
12 0.9770833333333333 0.86625 0.04083333333333333 0.07875
