10 0.12333333333333334 0.814375 0.245 0.36
10 0.40791666666666665 0.82125 0.2841666666666667 0.355
10 0.6775 0.8103125 0.21666666666666667 0.293125
10 0.8904166666666666 0.89375 0.21083333333333334 0.05
10 0.8904166666666666 0.8525 0.20916666666666667 0.03625
10 0.8908333333333334 0.8140625 0.21 0.035625
10 0.8891666666666667 0.7725 0.21 0.04375
10 0.88875 0.7303125 0.21416666666666667 0.051875
10 0.8879166666666667 0.6828125 0.21583333333333332 0.044375
10 0.8766666666666667 0.6328125 0.22166666666666668 0.046875
10 0.895 0.405625 0.20166666666666666 0.2525
10 0.6904166666666667 0.4103125 0.2625 0.241875
10 0.4270833333333333 0.409375 0.25083333333333335 0.25
10 0.14208333333333334 0.399375 0.24416666666666667 0.2825
10 0.35541666666666666 0.2078125 0.2375 0.049375
10 0.12125 0.215625 0.20583333333333334 0.05625
