11 0.055 0.2503125 0.09666666666666666 0.166875
11 0.145 0.248125 0.1 0.16625
11 0.42041666666666666 0.2525 0.10583333333333333 0.16625
11 0.32875 0.255625 0.09583333333333334 0.16125
11 0.23625 0.2559375 0.0975 0.159375
11 0.52 0.2528125 0.10333333333333333 0.168125
11 0.6125 0.2540625 0.09333333333333334 0.161875
11 0.7204166666666667 0.276875 0.12416666666666666 0.12375
11 0.7220833333333333 0.1840625 0.1225 0.060625
11 0.8491666666666666 0.1840625 0.13333333333333333 0.060625
11 0.8479166666666667 0.2759375 0.1225 0.123125
11 0.9558333333333333 0.275 0.085 0.12375
11 0.965 0.1803125 0.06833333333333333 0.061875
11 0.18125 0.59875 0.1125 0.1075
11 0.3204166666666667 0.5890625 0.10416666666666667 0.099375
11 0.3154166666666667 0.4840625 0.10583333333333333 0.106875
11 0.20375 0.4865625 0.10916666666666666 0.101875
11 0.43166666666666664 0.481875 0.09166666666666666 0.0925
11 0.4266666666666667 0.58125 0.09666666666666666 0.095
11 0.5208333333333334 0.5815625 0.09166666666666666 0.095625
11 0.5220833333333333 0.48125 0.08916666666666667 0.095
11 0.6208333333333333 0.49 0.10333333333333333 0.10625
11 0.6208333333333333 0.5940625 0.10333333333333333 0.100625
11 0.73125 0.603125 0.11416666666666667 0.1125
11 0.8670833333333333 0.6190625 0.1225 0.120625
11 0.7341666666666666 0.491875 0.11333333333333333 0.115
11 0.84875 0.4921875 0.1125 0.111875
11 0.7391666666666666 0.4096875 0.11333333333333333 0.045625
11 0.8541666666666666 0.4128125 0.11166666666666666 0.040625
11 0.955 0.41375 0.08833333333333333 0.03875
11 0.9520833333333333 0.4915625 0.0925 0.114375
11 0.9625 0.6190625 0.07 0.120625
11 0.18916666666666668 0.9125 0.10833333333333334 0.1
11 0.2970833333333333 0.9159375 0.10916666666666666 0.106875
11 0.29375 0.8065625 0.11416666666666667 0.108125
11 0.17791666666666667 0.8071875 0.1175 0.109375
11 0.41083333333333333 0.79375 0.10666666666666667 0.1
11 0.51625 0.7940625 0.10083333333333333 0.095625
11 0.4075 0.9296875 0.11166666666666666 0.098125
11 0.5191666666666667 0.9253125 0.10666666666666667 0.101875
11 0.63 0.9259375 0.10833333333333334 0.104375
11 0.6291666666666667 0.8228125 0.11 0.104375
11 0.7408333333333333 0.8178125 0.11333333333333333 0.109375
11 0.7408333333333333 0.93 0.11333333333333333 0.10625
11 0.8533333333333334 0.93375 0.11833333333333333 0.10375
11 0.8558333333333333 0.8234375 0.11166666666666666 0.109375
11 0.9558333333333333 0.82375 0.08666666666666667 0.11
11 0.95375 0.93375 0.08916666666666667 0.105
