11 0.975 0.33125 0.04666666666666667 0.09
11 0.9741666666666666 0.23625 0.04833333333333333 0.09125
11 0.92 0.806875 0.06 0.0675
11 0.9245833333333333 0.89875 0.07916666666666666 0.07375
11 0.98125 0.896875 0.034166666666666665 0.07
11 0.9754166666666667 0.8053125 0.0475 0.069375
11 0.92 0.7428125 0.06333333333333334 0.046875
11 0.97375 0.7409375 0.050833333333333335 0.049375
11 0.9520833333333333 0.6328125 0.07916666666666666 0.076875
11 0.96125 0.5515625 0.07416666666666667 0.079375
11 0.9629166666666666 0.4690625 0.07083333333333333 0.085625
12 0.09875 0.1834375 0.09583333333333334 0.128125
12 0.18833333333333332 0.1875 0.09333333333333334 0.1325
12 0.27291666666666664 0.188125 0.0875 0.135
12 0.08625 0.3134375 0.0975 0.129375
12 0.175 0.315 0.09666666666666666 0.1325
12 0.27875 0.3175 0.08916666666666667 0.125
12 0.36083333333333334 0.3153125 0.08833333333333333 0.125625
12 0.4454166666666667 0.3146875 0.0825 0.125625
12 0.35583333333333333 0.185 0.09166666666666666 0.13
12 0.44333333333333336 0.183125 0.09166666666666666 0.13125
12 0.5291666666666667 0.1803125 0.08333333333333333 0.128125
12 0.5308333333333334 0.310625 0.09 0.13125
12 0.6175 0.183125 0.095 0.1325
12 0.6208333333333333 0.31375 0.09333333333333334 0.1275
12 0.7091666666666666 0.18875 0.08666666666666667 0.12
12 0.7116666666666667 0.3140625 0.09 0.131875
12 0.8045833333333333 0.3128125 0.09416666666666666 0.129375
12 0.8991666666666667 0.31375 0.09666666666666666 0.12875
12 0.79875 0.189375 0.09416666666666666 0.11625
12 0.8908333333333334 0.1871875 0.08833333333333333 0.116875
12 0.04666666666666667 0.4959375 0.08666666666666667 0.113125
12 0.12208333333333334 0.495 0.09083333333333334 0.11375
12 0.20416666666666666 0.4946875 0.09 0.111875
12 0.2866666666666667 0.494375 0.085 0.11125
12 0.28833333333333333 0.6059375 0.075 0.109375
12 0.21041666666666667 0.605625 0.08416666666666667 0.11125
12 0.13375 0.60625 0.0875 0.11
12 0.04083333333333333 0.61625 0.08 0.11625
12 0.3670833333333333 0.61625 0.08083333333333333 0.11625
12 0.365 0.4953125 0.07833333333333334 0.113125
12 0.44333333333333336 0.4984375 0.085 0.116875
12 0.4454166666666667 0.6165625 0.08416666666666667 0.114375
12 0.5283333333333333 0.615625 0.08333333333333333 0.11875
12 0.5254166666666666 0.496875 0.08416666666666667 0.11875
12 0.6108333333333333 0.5071875 0.08666666666666667 0.114375
12 0.6108333333333333 0.6190625 0.085 0.109375
12 0.69375 0.61875 0.08416666666666667 0.11125
12 0.7808333333333334 0.618125 0.08666666666666667 0.11
12 0.69875 0.5059375 0.08916666666666667 0.113125
12 0.78875 0.505625 0.0875 0.115
12 0.8758333333333334 0.505625 0.08666666666666667 0.115
12 0.8666666666666667 0.618125 0.08166666666666667 0.11
12 0.05125 0.7771875 0.08583333333333333 0.104375
12 0.12833333333333333 0.776875 0.09 0.1025
12 0.20916666666666667 0.7753125 0.08166666666666667 0.105625
12 0.2875 0.77625 0.08333333333333333 0.10375
12 0.060833333333333336 0.8809375 0.08833333333333333 0.100625
12 0.13875 0.8825 0.0875 0.10125
12 0.21875 0.88125 0.08083333333333333 0.10125
12 0.295 0.8828125 0.07833333333333334 0.103125
12 0.37166666666666665 0.881875 0.07833333333333334 0.1025
12 0.44916666666666666 0.8825 0.08 0.1
12 0.5266666666666666 0.8859375 0.07833333333333334 0.095625
12 0.36666666666666664 0.778125 0.08333333333333333 0.10625
12 0.445 0.7796875 0.08166666666666667 0.103125
12 0.5245833333333333 0.783125 0.08083333333333333 0.10625
12 0.60375 0.7871875 0.08583333333333333 0.100625
12 0.605 0.8890625 0.08 0.098125
12 0.6845833333333333 0.888125 0.07916666666666666 0.0975
12 0.6883333333333334 0.7875 0.08333333333333333 0.105
12 0.7695833333333333 0.785 0.07916666666666666 0.10125
12 0.76625 0.8871875 0.0825 0.096875
12 0.8483333333333334 0.8871875 0.08333333333333333 0.096875
12 0.8508333333333333 0.7865625 0.08166666666666667 0.103125
