10 0.075 0.1534375 0.14833333333333334 0.201875
10 0.25083333333333335 0.1546875 0.20333333333333334 0.194375
10 0.455 0.1590625 0.205 0.186875
10 0.6570833333333334 0.155625 0.2125 0.1925
10 0.8741666666666666 0.15875 0.22833333333333333 0.18875
10 0.08958333333333333 0.4859375 0.1775 0.204375
10 0.2658333333333333 0.5640625 0.18166666666666667 0.033125
10 0.26916666666666667 0.5346875 0.18166666666666667 0.029375
10 0.2708333333333333 0.5053125 0.18333333333333332 0.028125
10 0.27208333333333334 0.475 0.18583333333333332 0.03625
10 0.27166666666666667 0.444375 0.18833333333333332 0.0375
10 0.2791666666666667 0.408125 0.19333333333333333 0.04
10 0.27291666666666664 0.3715625 0.18583333333333332 0.033125
10 0.4504166666666667 0.56125 0.18916666666666668 0.03
10 0.45458333333333334 0.5365625 0.1875 0.030625
10 0.4504166666666667 0.50875 0.1775 0.035
10 0.45416666666666666 0.480625 0.17833333333333334 0.035
10 0.46 0.4503125 0.18333333333333332 0.034375
10 0.46375 0.4203125 0.17583333333333334 0.043125
10 0.6333333333333333 0.5596875 0.18 0.031875
10 0.6316666666666667 0.5303125 0.175 0.028125
10 0.6316666666666667 0.503125 0.17666666666666667 0.02875
10 0.6320833333333333 0.4728125 0.18083333333333335 0.031875
10 0.64 0.4415625 0.18 0.033125
10 0.64375 0.4134375 0.1875 0.035625
10 0.6391666666666667 0.37625 0.17833333333333334 0.04
10 0.8204166666666667 0.560625 0.19416666666666665 0.0325
10 0.8175 0.528125 0.19666666666666666 0.03125
10 0.8191666666666667 0.4959375 0.19333333333333333 0.030625
10 0.8208333333333333 0.46875 0.19166666666666668 0.02625
10 0.8275 0.4375 0.18666666666666668 0.0375
10 0.8333333333333334 0.4028125 0.18833333333333332 0.038125
10 0.8229166666666666 0.366875 0.1875 0.0425
