5 0.04114583333333333 0.311328125 0.08020833333333334 0.19609375
5 0.11614583333333334 0.316015625 0.08229166666666667 0.19296875
5 0.19270833333333334 0.31796875 0.08125 0.19375
5 0.08125 0.54140625 0.08541666666666667 0.171875
5 0.18229166666666666 0.541015625 0.09583333333333334 0.17578125
5 0.3026041666666667 0.549609375 0.07604166666666666 0.17734375
5 0.39166666666666666 0.53203125 0.04791666666666667 0.146875
5 0.4375 0.54375 0.04583333333333333 0.1609375
5 0.49322916666666666 0.55 0.06354166666666666 0.1734375
5 0.5979166666666667 0.5578125 0.06458333333333334 0.171875
5 0.9557291666666666 0.564453125 0.053125 0.16640625
5 0.8166666666666667 0.540625 0.06041666666666667 0.128125
5 0.8994791666666667 0.55 0.05520833333333333 0.1421875
5 0.4015625 0.75703125 0.07395833333333333 0.153125
5 0.5135416666666667 0.765625 0.07083333333333333 0.1609375
5 0.5822916666666667 0.7703125 0.07083333333333333 0.1609375
5 0.6572916666666667 0.77265625 0.07291666666666667 0.1625
5 0.7286458333333333 0.778515625 0.06979166666666667 0.16484375
5 0.8067708333333333 0.778125 0.078125 0.15625
5 0.890625 0.78359375 0.08958333333333333 0.1640625
5 0.9661458333333334 0.791015625 0.057291666666666664 0.15859375
5 0.10208333333333333 0.928125 0.06666666666666667 0.1171875
5 0.4239583333333333 0.93671875 0.05416666666666667 0.1234375
5 0.4765625 0.93984375 0.053125 0.11875
5 0.5447916666666667 0.941796875 0.06458333333333334 0.11171875
5 0.6140625 0.94453125 0.06770833333333333 0.1046875
5 0.6828125 0.948828125 0.06979166666666667 0.09921875
6 0.030208333333333334 0.751953125 0.05625 0.13046875
6 0.18489583333333334 0.756640625 0.04895833333333333 0.12578125
6 0.24270833333333333 0.75390625 0.0625 0.121875
6 0.2921875 0.324609375 0.090625 0.19296875
6 0.37395833333333334 0.328515625 0.08541666666666667 0.19140625
6 0.4578125 0.33203125 0.07395833333333333 0.190625
6 0.5333333333333333 0.33203125 0.07083333333333333 0.2
6 0.609375 0.3328125 0.07916666666666666 0.196875
6 0.690625 0.33359375 0.08333333333333333 0.1984375
6 0.7630208333333334 0.340234375 0.065625 0.18671875
6 0.9078125 0.341796875 0.078125 0.18828125
