3 0.07291666666666667 0.177734375 0.08125 0.18828125
3 0.15104166666666666 0.178515625 0.08125 0.19453125
3 0.2203125 0.176171875 0.07395833333333333 0.19453125
3 0.2953125 0.17109375 0.078125 0.2046875
3 0.36822916666666666 0.169140625 0.065625 0.21328125
3 0.05520833333333333 0.41328125 0.06666666666666667 0.1734375
3 0.11197916666666667 0.412890625 0.053125 0.18203125
3 0.1578125 0.41171875 0.053125 0.19375
3 0.22135416666666666 0.415625 0.08229166666666667 0.196875
3 0.29270833333333335 0.41640625 0.06875 0.2046875
3 0.35989583333333336 0.41953125 0.057291666666666664 0.20625
3 0.0578125 0.624609375 0.06354166666666666 0.18046875
3 0.14114583333333333 0.61953125 0.053125 0.1703125
3 0.21614583333333334 0.636328125 0.06145833333333333 0.18671875
3 0.2921875 0.630859375 0.046875 0.17578125
3 0.3380208333333333 0.64140625 0.06354166666666666 0.1953125
3 0.034375 0.837109375 0.052083333333333336 0.16015625
3 0.08645833333333333 0.84296875 0.04791666666666667 0.1609375
3 0.13802083333333334 0.866015625 0.057291666666666664 0.19453125
3 0.19791666666666666 0.876171875 0.06041666666666667 0.20234375
3 0.2609375 0.869140625 0.051041666666666666 0.17578125
3 0.3140625 0.87421875 0.051041666666666666 0.16875
3 0.3494791666666667 0.89609375 0.040625 0.2046875
3 0.4421875 0.900390625 0.057291666666666664 0.16953125
3 0.5015625 0.91171875 0.07395833333333333 0.16875
3 0.5755208333333334 0.915625 0.08020833333333334 0.1609375
3 0.434375 0.71328125 0.05 0.1375
3 0.48802083333333335 0.71796875 0.053125 0.1390625
3 0.546875 0.725390625 0.06041666666666667 0.14140625
3 0.60625 0.726953125 0.05625 0.14296875
3 0.6682291666666667 0.733203125 0.059375 0.14765625
3 0.7322916666666667 0.740234375 0.0625 0.14453125
3 0.8046875 0.73203125 0.06145833333333333 0.140625
3 0.9333333333333333 0.717578125 0.06458333333333334 0.13203125
3 0.4546875 0.093359375 0.04479166666666667 0.08203125
3 0.45208333333333334 0.17109375 0.04375 0.075
3 0.4953125 0.17578125 0.042708333333333334 0.0671875
3 0.5802083333333333 0.1703125 0.05416666666666667 0.0734375
3 0.6296875 0.173828125 0.04479166666666667 0.06640625
3 0.46822916666666664 0.277734375 0.046875 0.07109375
3 0.5223958333333333 0.2765625 0.046875 0.071875
3 0.575 0.278515625 0.05 0.06953125
3 0.6270833333333333 0.280078125 0.04791666666666667 0.07265625
3 0.4473958333333333 0.349609375 0.051041666666666666 0.07734375
3 0.49895833333333334 0.34921875 0.052083333333333336 0.0796875
3 0.5552083333333333 0.349609375 0.05625 0.07734375
3 0.6098958333333333 0.347265625 0.057291666666666664 0.08203125
3 0.6796875 0.169140625 0.053125 0.07109375
3 0.7416666666666667 0.2890625 0.052083333333333336 0.0703125
3 0.8083333333333333 0.2953125 0.04791666666666667 0.06875
3 0.8614583333333333 0.29765625 0.05625 0.06875
3 0.7125 0.351953125 0.05416666666666667 0.07734375
3 0.7942708333333334 0.35859375 0.051041666666666666 0.0671875
3 0.8552083333333333 0.36171875 0.05 0.0609375
3 0.9619791666666667 0.298046875 0.053125 0.07578125
3 0.9583333333333334 0.36484375 0.058333333333333334 0.0578125
3 0.9067708333333333 0.534765625 0.034375 0.08046875
3 0.7927083333333333 0.08671875 0.05625 0.0828125
3 0.8515625 0.0875 0.059375 0.0859375
3 0.9130208333333333 0.0875 0.051041666666666666 0.08125
3 0.9067708333333333 0.1640625 0.053125 0.075
3 0.8442708333333333 0.166796875 0.057291666666666664 0.07109375
3 0.7869791666666667 0.165234375 0.04895833333333333 0.07265625
3 0.9734375 0.081640625 0.046875 0.08203125
3 0.96875 0.1640625 0.05416666666666667 0.06875
