12 0.03958333333333333 0.2340625 0.07583333333333334 0.088125
12 0.12291666666666666 0.233125 0.0875 0.08625
12 0.21208333333333335 0.2328125 0.0875 0.089375
12 0.29583333333333334 0.233125 0.09 0.08875
12 0.043333333333333335 0.1465625 0.07833333333333334 0.089375
12 0.12791666666666668 0.14375 0.08583333333333333 0.08875
12 0.21333333333333335 0.1425 0.08666666666666667 0.0925
12 0.29833333333333334 0.14125 0.08 0.08875
12 0.02875 0.410625 0.0575 0.115
12 0.10416666666666667 0.40875 0.095 0.11375
12 0.19541666666666666 0.4090625 0.08916666666666667 0.118125
12 0.28541666666666665 0.41 0.09583333333333334 0.1175
12 0.28041666666666665 0.52875 0.09583333333333334 0.1225
12 0.18625 0.5296875 0.0975 0.123125
12 0.09125 0.53125 0.0975 0.12
12 0.022916666666666665 0.5325 0.04583333333333333 0.12375
12 0.0825 0.733125 0.09833333333333333 0.125
12 0.1775 0.73 0.095 0.125
12 0.26875 0.7303125 0.0875 0.130625
12 0.04875 0.8796875 0.09583333333333334 0.143125
12 0.14625 0.8765625 0.10083333333333333 0.144375
12 0.24541666666666667 0.8784375 0.09916666666666667 0.146875
11 0.34791666666666665 0.8940625 0.0975 0.105625
11 0.44458333333333333 0.8925 0.10083333333333333 0.1
11 0.4454166666666667 0.7871875 0.0975 0.104375
11 0.35208333333333336 0.7915625 0.08916666666666667 0.101875
11 0.5420833333333334 0.8928125 0.09916666666666667 0.101875
11 0.5395833333333333 0.7884375 0.0975 0.100625
11 0.6358333333333334 0.785625 0.09666666666666666 0.1
11 0.6404166666666666 0.889375 0.1025 0.10375
11 0.74 0.8896875 0.1 0.105625
11 0.8366666666666667 0.8896875 0.1 0.103125
11 0.8254166666666667 0.7853125 0.10583333333333333 0.101875
11 0.7295833333333334 0.785625 0.09916666666666667 0.10375
11 0.3729166666666667 0.54625 0.09083333333333334 0.08625
11 0.3725 0.4625 0.08833333333333333 0.08
11 0.4625 0.4609375 0.08833333333333333 0.080625
11 0.46125 0.545 0.09083333333333334 0.085
11 0.5529166666666666 0.54375 0.09416666666666666 0.0875
11 0.55 0.4575 0.09166666666666666 0.0825
11 0.6404166666666666 0.4571875 0.09416666666666666 0.083125
11 0.7404166666666666 0.544375 0.09583333333333334 0.0875
11 0.7329166666666667 0.456875 0.0975 0.085
11 0.40208333333333335 0.170625 0.09583333333333334 0.07875
11 0.40041666666666664 0.241875 0.09416666666666666 0.06625
11 0.4979166666666667 0.24 0.10083333333333333 0.065
11 0.4975 0.1678125 0.09333333333333334 0.078125
11 0.5916666666666667 0.1678125 0.09333333333333334 0.079375
11 0.595 0.239375 0.095 0.06625
11 0.68875 0.2359375 0.0975 0.070625
11 0.7845833333333333 0.2359375 0.09416666666666666 0.069375
11 0.6858333333333333 0.16375 0.095 0.07375
11 0.7804166666666666 0.1634375 0.09416666666666666 0.075625
11 0.8358333333333333 0.5434375 0.1 0.086875
11 0.8283333333333334 0.4546875 0.1 0.085625
11 0.6458333333333334 0.54375 0.095 0.0875
