12 0.08625 0.925 0.08416666666666667 0.09625
12 0.025 0.9240625 0.05 0.098125
12 0.024166666666666666 0.82 0.04833333333333333 0.105
12 0.08375 0.8165625 0.08083333333333333 0.110625
12 0.16625 0.8196875 0.08416666666666667 0.109375
12 0.165 0.92625 0.08166666666666667 0.095
12 0.2475 0.8165625 0.08333333333333333 0.104375
12 0.25125 0.91875 0.0825 0.09625
12 0.32875 0.9178125 0.07916666666666666 0.095625
12 0.32916666666666666 0.8184375 0.07666666666666666 0.100625
12 0.4845833333333333 0.8128125 0.07583333333333334 0.105625
12 0.48333333333333334 0.914375 0.07666666666666666 0.0975
12 0.5595833333333333 0.913125 0.0775 0.1
12 0.5629166666666666 0.81 0.07583333333333334 0.10625
12 0.6404166666666666 0.80625 0.07416666666666667 0.10125
12 0.6379166666666667 0.9128125 0.0775 0.105625
12 0.71625 0.9159375 0.0725 0.099375
12 0.7191666666666666 0.813125 0.075 0.10375
12 0.7970833333333334 0.8165625 0.08083333333333333 0.111875
12 0.7941666666666667 0.9171875 0.08 0.099375
12 0.8754166666666666 0.9159375 0.07916666666666666 0.104375
12 0.8758333333333334 0.8115625 0.08 0.108125
12 0.9558333333333333 0.81125 0.07666666666666666 0.1075
12 0.9525 0.9171875 0.08 0.100625
12 0.9404166666666667 0.6621875 0.0775 0.104375
12 0.06583333333333333 0.655625 0.07833333333333334 0.11125
12 0.06583333333333333 0.5446875 0.08166666666666667 0.113125
12 0.14791666666666667 0.655625 0.08416666666666667 0.1075
12 0.14791666666666667 0.5446875 0.08083333333333333 0.113125
12 0.22875 0.546875 0.07916666666666666 0.10875
12 0.22583333333333333 0.6565625 0.08 0.110625
12 0.30583333333333335 0.65625 0.08 0.1075
12 0.31125 0.5459375 0.07916666666666666 0.109375
12 0.3908333333333333 0.5471875 0.08 0.109375
12 0.385 0.65375 0.07666666666666666 0.11
12 0.46125 0.6575 0.07583333333333334 0.10875
12 0.46875 0.5459375 0.0775 0.110625
12 0.5479166666666667 0.5515625 0.07916666666666666 0.108125
12 0.5420833333333334 0.6590625 0.08083333333333333 0.110625
12 0.62125 0.6596875 0.07916666666666666 0.103125
12 0.62875 0.553125 0.07916666666666666 0.1075
12 0.7083333333333334 0.549375 0.08166666666666667 0.10875
12 0.7020833333333333 0.6596875 0.07916666666666666 0.108125
12 0.7816666666666666 0.6603125 0.07666666666666666 0.109375
12 0.85875 0.665 0.0825 0.10125
12 0.7841666666666667 0.5525 0.075 0.10625
12 0.8666666666666667 0.5615625 0.08 0.103125
12 0.955 0.553125 0.08166666666666667 0.11
12 0.10916666666666666 0.3646875 0.09 0.121875
12 0.035 0.3646875 0.07 0.121875
12 0.032916666666666664 0.245 0.06583333333333333 0.12
12 0.10666666666666667 0.24625 0.08666666666666667 0.1175
12 0.19083333333333333 0.2475 0.08666666666666667 0.11875
12 0.19166666666666668 0.365625 0.08333333333333333 0.12125
12 0.2758333333333333 0.366875 0.08666666666666667 0.12125
12 0.27458333333333335 0.2484375 0.08583333333333333 0.119375
12 0.3570833333333333 0.25375 0.08416666666666667 0.11625
12 0.35791666666666666 0.369375 0.08416666666666667 0.12125
12 0.4395833333333333 0.2528125 0.08583333333333333 0.119375
12 0.43916666666666665 0.3696875 0.085 0.120625
12 0.5216666666666666 0.37125 0.085 0.12
12 0.5195833333333333 0.253125 0.08083333333333333 0.12
12 0.6008333333333333 0.2553125 0.08333333333333333 0.116875
12 0.6029166666666667 0.373125 0.0825 0.11875
12 0.6858333333333333 0.373125 0.08333333333333333 0.1175
12 0.6833333333333333 0.25625 0.08166666666666667 0.11625
12 0.7608333333333334 0.2565625 0.08 0.115625
12 0.7670833333333333 0.3734375 0.08083333333333333 0.118125
12 0.8404166666666667 0.2571875 0.0825 0.115625
12 0.84625 0.374375 0.08083333333333333 0.12
12 0.92875 0.37625 0.0875 0.1175
12 0.92375 0.25875 0.08583333333333333 0.11375
12 0.09833333333333333 0.0878125 0.095 0.123125
12 0.02666666666666667 0.083125 0.05333333333333334 0.125
12 0.18708333333333332 0.0865625 0.0875 0.125625
12 0.2725 0.088125 0.085 0.125
12 0.3575 0.0896875 0.085 0.125625
12 0.44958333333333333 0.1009375 0.0925 0.106875
12 0.5370833333333334 0.1009375 0.08583333333333333 0.109375
12 0.6266666666666667 0.091875 0.08166666666666667 0.12875
12 0.7120833333333333 0.0940625 0.08583333333333333 0.129375
12 0.7991666666666667 0.095625 0.085 0.13
12 0.8854166666666666 0.0971875 0.08916666666666667 0.130625
12 0.9670833333333333 0.0996875 0.060833333333333336 0.128125
