13 0.09010416666666667 0.4390625 0.08854166666666667 0.034375
13 0.0859375 0.472265625 0.08854166666666667 0.03046875
13 0.0921875 0.50078125 0.09270833333333334 0.0265625
13 0.09479166666666666 0.525390625 0.08958333333333333 0.02265625
13 0.1015625 0.546875 0.09479166666666666 0.0203125
13 0.20833333333333334 0.546484375 0.11458333333333333 0.02265625
13 0.1953125 0.52265625 0.109375 0.0296875
13 0.19322916666666667 0.49453125 0.10729166666666666 0.028125
13 0.18489583333333334 0.471484375 0.103125 0.02578125
13 0.21458333333333332 0.444921875 0.10833333333333334 0.01953125
13 0.2911458333333333 0.46640625 0.09895833333333333 0.0234375
13 0.29322916666666665 0.491015625 0.090625 0.03203125
13 0.2947916666666667 0.516796875 0.0875 0.02421875
13 0.3015625 0.53984375 0.084375 0.0265625
13 0.3921875 0.5390625 0.09270833333333334 0.028125
13 0.3885416666666667 0.5125 0.09583333333333334 0.0265625
13 0.38958333333333334 0.491796875 0.09583333333333334 0.02890625
13 0.390625 0.468359375 0.09791666666666667 0.02890625
13 0.3645833333333333 0.437890625 0.1125 0.02890625
13 0.4765625 0.524609375 0.084375 0.01796875
13 0.559375 0.52109375 0.08541666666666667 0.0203125
13 0.4739583333333333 0.505859375 0.07708333333333334 0.01640625
13 0.5526041666666667 0.503515625 0.08229166666666667 0.01953125
13 0.559375 0.484375 0.08125 0.01875
13 0.5489583333333333 0.466796875 0.0875 0.01953125
13 0.4744791666666667 0.48671875 0.07604166666666666 0.01875
13 0.4713541666666667 0.46875 0.06770833333333333 0.0171875
13 0.46458333333333335 0.446875 0.06875 0.021875
13 0.5484375 0.446875 0.090625 0.0203125
13 0.5489583333333333 0.423828125 0.0875 0.02421875
13 0.459375 0.426953125 0.08333333333333333 0.01953125
13 0.45729166666666665 0.405859375 0.08958333333333333 0.01953125
13 0.5427083333333333 0.402734375 0.08541666666666667 0.01640625
13 0.4479166666666667 0.3859375 0.09166666666666666 0.0171875
13 0.43802083333333336 0.355859375 0.084375 0.02109375
13 0.6166666666666667 0.507421875 0.041666666666666664 0.01171875
13 0.6177083333333333 0.491796875 0.04375 0.01640625
13 0.6130208333333333 0.469140625 0.046875 0.01953125
13 0.6697916666666667 0.50390625 0.06041666666666667 0.01875
13 0.671875 0.484765625 0.0625 0.01796875
13 0.671875 0.4640625 0.06875 0.0171875
13 0.6671875 0.444140625 0.07395833333333333 0.01953125
13 0.7380208333333333 0.497265625 0.06770833333333333 0.01796875
13 0.8104166666666667 0.49765625 0.075 0.0203125
13 0.809375 0.48046875 0.07708333333333334 0.0171875
13 0.7369791666666666 0.479296875 0.06770833333333333 0.01796875
13 0.7385416666666667 0.4640625 0.06458333333333334 0.015625
13 0.8125 0.46484375 0.07916666666666666 0.0171875
13 0.8119791666666667 0.444140625 0.078125 0.01953125
13 0.7390625 0.448828125 0.06770833333333333 0.02109375
13 0.6411458333333333 0.42421875 0.06354166666666666 0.0203125
13 0.6411458333333333 0.4046875 0.06145833333333333 0.01875
13 0.6286458333333333 0.382421875 0.06979166666666667 0.01953125
13 0.7 0.39453125 0.06666666666666667 0.0171875
13 0.703125 0.409375 0.058333333333333334 0.015625
13 0.7015625 0.421875 0.06354166666666666 0.0171875
13 0.7697916666666667 0.414453125 0.06875 0.01796875
13 0.7645833333333333 0.394921875 0.0625 0.01796875
13 0.7760416666666666 0.376953125 0.0625 0.01640625
13 0.7182291666666667 0.377734375 0.057291666666666664 0.01640625
13 0.7604166666666666 0.526171875 0.09791666666666667 0.02265625
13 0.10625 0.276171875 0.09791666666666667 0.06484375
13 0.20625 0.275 0.10208333333333333 0.0671875
13 0.3020833333333333 0.273046875 0.09375 0.07109375
13 0.39427083333333335 0.27578125 0.084375 0.0640625
13 0.47604166666666664 0.2796875 0.08958333333333333 0.059375
13 0.23125 0.155859375 0.12291666666666666 0.06796875
13 0.3489583333333333 0.14609375 0.1125 0.0890625
13 0.46875 0.142578125 0.13333333333333333 0.10234375
13 0.590625 0.156640625 0.11666666666666667 0.07890625
13 0.6953125 0.16171875 0.11354166666666667 0.071875
13 0.8135416666666667 0.16328125 0.125 0.0734375
13 0.9453125 0.146484375 0.10729166666666666 0.10390625
