3 0.08072916666666667 0.102734375 0.09479166666666666 0.20234375
3 0.1765625 0.105859375 0.09479166666666666 0.20703125
3 0.26510416666666664 0.10859375 0.08645833333333333 0.2125
3 0.3489583333333333 0.114453125 0.08333333333333333 0.20703125
3 0.42291666666666666 0.118359375 0.07083333333333333 0.20390625
3 0.08489583333333334 0.3609375 0.078125 0.1796875
3 0.15989583333333332 0.362890625 0.07604166666666666 0.17734375
3 0.04895833333333333 0.562890625 0.07083333333333333 0.15390625
3 0.11510416666666666 0.56015625 0.071875 0.1515625
3 0.18333333333333332 0.55703125 0.06875 0.1484375
3 0.24583333333333332 0.5546875 0.0625 0.146875
3 0.6223958333333334 0.145703125 0.07604166666666666 0.17890625
3 0.6963541666666667 0.149609375 0.071875 0.18046875
3 0.7645833333333333 0.155859375 0.06666666666666667 0.17421875
3 0.8265625 0.1640625 0.059375 0.1671875
3 0.8838541666666667 0.165234375 0.06145833333333333 0.16953125
3 0.9744791666666667 0.1734375 0.04479166666666667 0.159375
3 0.6015625 0.361328125 0.06354166666666666 0.17734375
3 0.6505208333333333 0.366015625 0.042708333333333334 0.16171875
3 0.7026041666666667 0.366015625 0.057291666666666664 0.16328125
3 0.5734375 0.5484375 0.04895833333333333 0.15
3 0.6229166666666667 0.54609375 0.05625 0.146875
3 0.6786458333333333 0.544921875 0.05520833333333333 0.14453125
3 0.7760416666666666 0.37265625 0.05416666666666667 0.146875
3 0.8286458333333333 0.373046875 0.051041666666666666 0.14921875
3 0.8760416666666667 0.37265625 0.04583333333333333 0.146875
3 0.9260416666666667 0.373828125 0.04375 0.14140625
3 0.7609375 0.542578125 0.04895833333333333 0.13984375
3 0.8109375 0.53984375 0.051041666666666666 0.1375
3 0.8614583333333333 0.53828125 0.05 0.1375
3 0.9098958333333333 0.536328125 0.042708333333333334 0.13515625
3 0.953125 0.534375 0.04583333333333333 0.13125
3 0.026041666666666668 0.816015625 0.041666666666666664 0.17421875
3 0.08229166666666667 0.812109375 0.075 0.17265625
3 0.16302083333333334 0.80390625 0.08229166666666667 0.1703125
3 0.24583333333333332 0.795703125 0.08333333333333333 0.17265625
3 0.31875 0.787109375 0.07291666666666667 0.16796875
3 0.39479166666666665 0.76484375 0.07083333333333333 0.1390625
3 0.5588541666666667 0.77109375 0.026041666666666668 0.1671875
3 0.5869791666666667 0.749609375 0.036458333333333336 0.13671875
3 0.6338541666666667 0.74375 0.05520833333333333 0.134375
3 0.6901041666666666 0.73984375 0.057291666666666664 0.13125
3 0.7453125 0.733984375 0.053125 0.12265625
3 0.8286458333333333 0.737109375 0.06145833333333333 0.14296875
3 0.8864583333333333 0.73046875 0.05416666666666667 0.14375
3 0.9442708333333333 0.726953125 0.059375 0.14453125
