11 0.905 0.8903125 0.095 0.098125
11 0.9008333333333334 0.733125 0.08166666666666667 0.07875
11 0.58625 0.5821875 0.1075 0.110625
11 0.6979166666666666 0.5825 0.11583333333333333 0.11125
11 0.8075 0.581875 0.11 0.11125
11 0.9229166666666667 0.5840625 0.11916666666666667 0.114375
12 0.1 0.1709375 0.12333333333333334 0.153125
12 0.21208333333333335 0.166875 0.13083333333333333 0.16
12 0.33375 0.165 0.1175 0.165
12 0.45708333333333334 0.1615625 0.1225 0.156875
12 0.5808333333333333 0.156875 0.12166666666666667 0.15875
12 0.7041666666666667 0.1575 0.12 0.1575
12 0.8241666666666667 0.1528125 0.12333333333333334 0.158125
12 0.94 0.1525 0.115 0.16125
12 0.13208333333333333 0.4078125 0.11083333333333334 0.156875
12 0.24208333333333334 0.405 0.1175 0.15875
12 0.34041666666666665 0.403125 0.0825 0.1625
12 0.12666666666666668 0.5675 0.11666666666666667 0.1575
12 0.035 0.5678125 0.07 0.155625
12 0.23875 0.5653125 0.11916666666666667 0.156875
12 0.36041666666666666 0.56625 0.11416666666666667 0.16
12 0.47333333333333333 0.5828125 0.11333333333333333 0.114375
12 0.16208333333333333 0.765 0.09916666666666667 0.12375
12 0.0575 0.769375 0.11166666666666666 0.12875
12 0.059583333333333335 0.90875 0.08583333333333333 0.14375
12 0.26625 0.9315625 0.11916666666666667 0.133125
12 0.15666666666666668 0.9284375 0.11166666666666666 0.136875
12 0.2675 0.7834375 0.115 0.146875
12 0.38375 0.9278125 0.1175 0.136875
12 0.4820833333333333 0.771875 0.11416666666666667 0.1475
12 0.49125 0.9246875 0.11583333333333333 0.146875
12 0.5895833333333333 0.771875 0.11416666666666667 0.14875
12 0.6 0.9240625 0.11 0.148125
