3 0.14166666666666666 0.260546875 0.05 0.10703125
3 0.23072916666666668 0.25625 0.04895833333333333 0.1109375
3 0.29270833333333335 0.248828125 0.05 0.12265625
3 0.3536458333333333 0.25 0.04479166666666667 0.1171875
3 0.40208333333333335 0.242578125 0.04791666666666667 0.12890625
3 0.44479166666666664 0.23828125 0.041666666666666664 0.1359375
3 0.48854166666666665 0.22578125 0.06041666666666667 0.15625
3 0.5432291666666667 0.22265625 0.046875 0.1609375
3 0.1359375 0.419140625 0.04895833333333333 0.11953125
3 0.26458333333333334 0.423046875 0.05 0.10703125
3 0.49114583333333334 0.415625 0.057291666666666664 0.14375
3 0.540625 0.414453125 0.04791666666666667 0.14609375
3 0.7317708333333334 0.219140625 0.06145833333333333 0.16015625
3 0.6755208333333333 0.229296875 0.053125 0.13828125
3 0.7984375 0.216796875 0.065625 0.15703125
3 0.865625 0.21328125 0.06666666666666667 0.1609375
3 0.9359375 0.210546875 0.071875 0.16328125
3 0.6666666666666666 0.41484375 0.04791666666666667 0.1515625
3 0.7171875 0.416015625 0.053125 0.14453125
3 0.8276041666666667 0.41796875 0.053125 0.140625
3 0.9 0.416796875 0.06041666666666667 0.15234375
3 0.9770833333333333 0.4171875 0.0375 0.15625
