13 0.04791666666666667 0.668125 0.09583333333333334 0.1425
13 0.18291666666666667 0.665625 0.1675 0.14
13 0.34291666666666665 0.6634375 0.16083333333333333 0.144375
13 0.48791666666666667 0.6715625 0.1575 0.134375
13 0.6466666666666666 0.6671875 0.16833333333333333 0.134375
13 0.8520833333333333 0.6659375 0.1925 0.133125
13 0.5520833333333334 0.88625 0.18916666666666668 0.19625
13 0.7379166666666667 0.91 0.1725 0.14875
13 0.8966666666666666 0.89 0.15333333333333332 0.18625
13 0.6191666666666666 0.36625 0.19333333333333333 0.22125
13 0.8075 0.3675 0.19333333333333333 0.2125
13 0.9520833333333333 0.3634375 0.0925 0.215625
13 0.06833333333333333 0.125625 0.13 0.165
13 0.23625 0.125625 0.18416666666666667 0.17625
13 0.7404166666666666 0.106875 0.17916666666666667 0.205
13 0.9058333333333334 0.105625 0.17 0.21125
