10 0.6295833333333334 0.925625 0.1925 0.0425
10 0.6295833333333334 0.885 0.19583333333333333 0.0425
10 0.6270833333333333 0.841875 0.20583333333333334 0.04375
10 0.6341666666666667 0.8059375 0.22166666666666668 0.039375
10 0.6279166666666667 0.7725 0.22083333333333333 0.04375
10 0.61875 0.728125 0.21416666666666667 0.045
10 0.6016666666666667 0.5878125 0.16333333333333333 0.041875
10 0.6054166666666667 0.546875 0.16916666666666666 0.03375
10 0.6025 0.5146875 0.16666666666666666 0.031875
10 0.435 0.9203125 0.19333333333333333 0.034375
10 0.42916666666666664 0.8803125 0.19666666666666666 0.040625
10 0.42291666666666666 0.8428125 0.19916666666666666 0.036875
10 0.4216666666666667 0.8084375 0.19833333333333333 0.034375
10 0.41458333333333336 0.7665625 0.1975 0.041875
10 0.41041666666666665 0.725 0.19916666666666666 0.04
10 0.23375 0.906875 0.19916666666666666 0.0425
10 0.22833333333333333 0.8684375 0.2 0.036875
10 0.2225 0.8390625 0.20166666666666666 0.043125
10 0.215 0.7996875 0.205 0.041875
10 0.20875 0.765625 0.20916666666666667 0.04
10 0.20333333333333334 0.725625 0.20333333333333334 0.04625
10 0.19958333333333333 0.6940625 0.2125 0.045625
10 0.06458333333333334 0.9059375 0.12916666666666668 0.033125
10 0.06416666666666666 0.87125 0.12833333333333333 0.0375
10 0.0625 0.836875 0.125 0.0375
10 0.05708333333333333 0.8009375 0.11416666666666667 0.035625
10 0.0525 0.765625 0.10333333333333333 0.03875
10 0.050833333333333335 0.73 0.10166666666666667 0.0375
10 0.04875 0.6959375 0.09416666666666666 0.038125
10 0.08208333333333333 0.4240625 0.1575 0.035625
10 0.26458333333333334 0.5640625 0.1625 0.028125
10 0.26625 0.5365625 0.16083333333333333 0.028125
10 0.2604166666666667 0.5028125 0.1675 0.035625
10 0.4354166666666667 0.501875 0.16083333333333333 0.03125
10 0.43416666666666665 0.5421875 0.16333333333333333 0.033125
10 0.43291666666666667 0.568125 0.16916666666666666 0.025
10 0.07041666666666667 0.3859375 0.14083333333333334 0.038125
10 0.06458333333333334 0.3496875 0.12916666666666668 0.038125
10 0.06416666666666666 0.3096875 0.12833333333333333 0.039375
10 0.24583333333333332 0.3109375 0.16333333333333333 0.034375
10 0.24375 0.345 0.1625 0.0325
10 0.24583333333333332 0.3740625 0.15833333333333333 0.031875
10 0.25625 0.4040625 0.1575 0.031875
10 0.25708333333333333 0.4275 0.1525 0.025
10 0.4116666666666667 0.428125 0.15166666666666667 0.03125
10 0.4141666666666667 0.400625 0.14833333333333334 0.02875
10 0.40875 0.3703125 0.14916666666666667 0.033125
10 0.4083333333333333 0.336875 0.15666666666666668 0.03125
10 0.40541666666666665 0.304375 0.15583333333333332 0.03125
10 0.6229166666666667 0.4315625 0.24416666666666667 0.030625
10 0.625 0.4040625 0.24666666666666667 0.035625
10 0.6145833333333334 0.3753125 0.2475 0.030625
10 0.6070833333333333 0.3484375 0.24083333333333334 0.033125
10 0.6641666666666667 0.165 0.18 0.0275
10 0.6633333333333333 0.134375 0.18333333333333332 0.02875
10 0.6633333333333333 0.1 0.17833333333333334 0.03625
10 0.6725 0.065625 0.185 0.0375
10 0.6745833333333333 0.0296875 0.18916666666666668 0.035625
10 0.4866666666666667 0.1653125 0.175 0.023125
10 0.49125 0.13625 0.1625 0.035
10 0.4925 0.1028125 0.16666666666666666 0.033125
10 0.49291666666666667 0.065625 0.1675 0.0375
10 0.31875 0.161875 0.1675 0.035
10 0.31875 0.1346875 0.17083333333333334 0.028125
10 0.32 0.1084375 0.16666666666666666 0.029375
10 0.3204166666666667 0.0775 0.1675 0.03625
10 0.3233333333333333 0.0384375 0.16666666666666666 0.036875
10 0.32458333333333333 0.0090625 0.17083333333333334 0.018125
10 0.14083333333333334 0.160625 0.19166666666666668 0.03375
10 0.12875 0.124375 0.19416666666666665 0.04125
10 0.13041666666666665 0.0834375 0.19583333333333333 0.053125
10 0.12833333333333333 0.0384375 0.20833333333333334 0.046875
