11 0.32083333333333336 0.14875 0.07833333333333334 0.11
11 0.38916666666666666 0.1478125 0.06333333333333334 0.108125
11 0.4608333333333333 0.1609375 0.07833333333333334 0.088125
11 0.555 0.0821875 0.09166666666666666 0.084375
11 0.5504166666666667 0.163125 0.1025 0.08875
11 0.6475 0.165625 0.095 0.0875
11 0.6458333333333334 0.083125 0.09333333333333334 0.08375
11 0.7391666666666666 0.0875 0.08666666666666667 0.08375
11 0.8320833333333333 0.0909375 0.0925 0.085625
11 0.9154166666666667 0.10375 0.07916666666666666 0.0575
11 0.7383333333333333 0.1715625 0.09333333333333334 0.081875
11 0.8316666666666667 0.1709375 0.09333333333333334 0.080625
11 0.9245833333333333 0.1734375 0.09916666666666667 0.083125
11 0.87875 0.3253125 0.10583333333333333 0.081875
11 0.88375 0.4075 0.10916666666666666 0.08625
11 0.8879166666666667 0.4940625 0.11083333333333334 0.089375
11 0.7783333333333333 0.49625 0.10833333333333334 0.08875
11 0.7775 0.408125 0.11 0.0875
11 0.7766666666666666 0.3203125 0.105 0.085625
11 0.6729166666666667 0.320625 0.1075 0.08625
11 0.6708333333333333 0.40875 0.10833333333333334 0.0875
11 0.6720833333333334 0.4946875 0.10583333333333333 0.089375
11 0.5666666666666667 0.493125 0.10333333333333333 0.09375
11 0.56875 0.405625 0.10583333333333333 0.0825
11 0.5683333333333334 0.3196875 0.10166666666666667 0.089375
11 0.47541666666666665 0.321875 0.08416666666666667 0.11875
11 0.4691666666666667 0.4821875 0.08333333333333333 0.118125
11 0.38708333333333333 0.4796875 0.08583333333333333 0.120625
11 0.3933333333333333 0.3215625 0.08333333333333333 0.115625
11 0.30083333333333334 0.306875 0.09833333333333333 0.095
11 0.2945833333333333 0.399375 0.1025 0.095
11 0.28958333333333336 0.4915625 0.10916666666666666 0.096875
11 0.18041666666666667 0.4896875 0.10083333333333333 0.098125
11 0.18958333333333333 0.3965625 0.10083333333333333 0.093125
11 0.20416666666666666 0.30625 0.09166666666666666 0.09375
11 0.10875 0.30625 0.09083333333333334 0.0875
11 0.09291666666666666 0.3975 0.09083333333333334 0.0875
11 0.08125 0.4896875 0.09916666666666667 0.096875
11 0.1375 0.804375 0.095 0.0975
11 0.315 0.8034375 0.09333333333333334 0.099375
11 0.24833333333333332 0.7634375 0.06166666666666667 0.080625
11 0.2604166666666667 0.68625 0.07416666666666667 0.07125
11 0.2725 0.6140625 0.07333333333333333 0.068125
11 0.3408333333333333 0.614375 0.07 0.06375
11 0.41333333333333333 0.6121875 0.075 0.066875
11 0.3416666666666667 0.6828125 0.06833333333333333 0.070625
11 0.41208333333333336 0.6871875 0.06916666666666667 0.071875
11 0.4066666666666667 0.7640625 0.058333333333333334 0.078125
11 0.4870833333333333 0.61375 0.07083333333333333 0.065
11 0.5579166666666666 0.611875 0.06916666666666667 0.06375
11 0.5604166666666667 0.679375 0.06916666666666667 0.07125
11 0.48625 0.7515625 0.07583333333333334 0.045625
11 0.6691666666666667 0.6428125 0.115 0.093125
11 0.6770833333333334 0.736875 0.11083333333333334 0.09625
11 0.6820833333333334 0.8296875 0.11916666666666667 0.103125
11 0.7883333333333333 0.6428125 0.11333333333333333 0.093125
11 0.7883333333333333 0.7365625 0.11666666666666667 0.095625
11 0.7933333333333333 0.8296875 0.11666666666666667 0.103125
11 0.89625 0.6421875 0.1075 0.091875
11 0.8995833333333333 0.7325 0.10916666666666666 0.09375
11 0.9025 0.826875 0.10833333333333334 0.1
11 0.08791666666666667 0.9696875 0.1075 0.056875
11 0.19666666666666666 0.9709375 0.11166666666666666 0.056875
11 0.30333333333333334 0.97 0.10666666666666667 0.0525
11 0.4083333333333333 0.969375 0.10166666666666667 0.05625
11 0.51375 0.9678125 0.1075 0.060625
11 0.6208333333333333 0.9675 0.10166666666666667 0.0625
11 0.7204166666666667 0.965 0.0975 0.06625
11 0.8225 0.9653125 0.09833333333333333 0.064375
11 0.92375 0.96625 0.1025 0.06375
