10 0.07041666666666667 0.0734375 0.11416666666666667 0.116875
10 0.18541666666666667 0.068125 0.1125 0.1225
10 0.30291666666666667 0.0671875 0.1175 0.119375
10 0.4191666666666667 0.06625 0.11333333333333333 0.1125
10 0.52875 0.0646875 0.10916666666666666 0.109375
10 0.6366666666666667 0.065625 0.11333333333333333 0.09875
10 0.75125 0.0578125 0.11916666666666667 0.110625
10 0.8654166666666666 0.055625 0.11916666666666667 0.10625
10 0.9595833333333333 0.0559375 0.0725 0.101875
10 0.050833333333333335 0.24375 0.095 0.02875
10 0.051666666666666666 0.2703125 0.1 0.024375
10 0.05 0.291875 0.09666666666666666 0.025
10 0.19958333333333333 0.24875 0.10916666666666666 0.12625
10 0.3145833333333333 0.2484375 0.11416666666666667 0.119375
10 0.4266666666666667 0.2525 0.09833333333333333 0.10875
10 0.5295833333333333 0.1921875 0.1025 0.025625
10 0.53125 0.2171875 0.1025 0.024375
10 0.5295833333333333 0.2371875 0.1025 0.023125
10 0.52875 0.2565625 0.1025 0.020625
10 0.5275 0.2725 0.10333333333333333 0.01625
10 0.5283333333333333 0.288125 0.10333333333333333 0.01625
10 0.6329166666666667 0.2203125 0.1025 0.024375
10 0.6341666666666667 0.2396875 0.105 0.019375
10 0.6316666666666667 0.25625 0.105 0.0175
10 0.63 0.274375 0.1 0.0175
10 0.6325 0.2903125 0.10333333333333333 0.015625
10 0.7366666666666667 0.1934375 0.10333333333333333 0.023125
10 0.73875 0.2121875 0.1075 0.020625
10 0.7366666666666667 0.2309375 0.10666666666666667 0.018125
10 0.7379166666666667 0.2484375 0.10583333333333333 0.015625
10 0.7358333333333333 0.2665625 0.10333333333333333 0.016875
10 0.7325 0.2834375 0.10166666666666667 0.015625
10 0.8416666666666667 0.186875 0.10666666666666667 0.0225
10 0.8466666666666667 0.2075 0.10666666666666667 0.02125
10 0.8454166666666667 0.226875 0.10416666666666667 0.0225
10 0.84375 0.2459375 0.11083333333333334 0.016875
10 0.8433333333333334 0.261875 0.11166666666666666 0.01625
10 0.8433333333333334 0.2803125 0.11166666666666666 0.015625
10 0.9558333333333333 0.239375 0.085 0.10625
10 0.06666666666666667 0.98875 0.13166666666666665 0.02
10 0.0675 0.9628125 0.13333333333333333 0.043125
10 0.07125 0.928125 0.13583333333333333 0.03375
10 0.07375 0.894375 0.14416666666666667 0.0425
10 0.07083333333333333 0.8553125 0.13333333333333333 0.040625
10 0.07041666666666667 0.816875 0.13083333333333333 0.0325
10 0.06916666666666667 0.7853125 0.12833333333333333 0.040625
10 0.06791666666666667 0.7496875 0.12916666666666668 0.038125
10 0.24041666666666667 0.743125 0.21583333333333332 0.03875
10 0.24333333333333335 0.77625 0.21166666666666667 0.03125
10 0.24541666666666667 0.8109375 0.21583333333333332 0.038125
10 0.24416666666666667 0.85 0.21166666666666667 0.04375
10 0.24791666666666667 0.8884375 0.2075 0.043125
10 0.24666666666666667 0.925 0.205 0.04125
10 0.2425 0.9603125 0.20333333333333334 0.044375
10 0.24291666666666667 0.9896875 0.2075 0.018125
10 0.45875 0.7396875 0.23083333333333333 0.039375
10 0.455 0.7771875 0.21333333333333335 0.040625
10 0.46041666666666664 0.8225 0.21583333333333332 0.03875
10 0.4554166666666667 0.86375 0.2125 0.0425
10 0.45875 0.899375 0.20916666666666667 0.035
10 0.45666666666666667 0.9353125 0.20833333333333334 0.036875
10 0.45125 0.9728125 0.2125 0.040625
10 0.6695833333333333 0.97375 0.22083333333333333 0.0425
10 0.8795833333333334 0.9740625 0.20416666666666666 0.039375
10 0.8804166666666666 0.939375 0.2125 0.0425
10 0.6666666666666666 0.9346875 0.20833333333333334 0.040625
10 0.6679166666666667 0.896875 0.20916666666666667 0.04125
10 0.8808333333333334 0.8990625 0.215 0.046875
10 0.8833333333333333 0.85375 0.20833333333333334 0.0375
10 0.88375 0.813125 0.20583333333333334 0.0375
10 0.6691666666666667 0.8528125 0.20833333333333334 0.038125
10 0.6733333333333333 0.81625 0.21333333333333335 0.03375
10 0.67125 0.7765625 0.21416666666666667 0.040625
10 0.6691666666666667 0.734375 0.20166666666666666 0.05
10 0.8820833333333333 0.7215625 0.2075 0.038125
10 0.8816666666666667 0.7696875 0.20333333333333334 0.036875
10 0.8916666666666667 0.678125 0.18666666666666668 0.04375
10 0.6716666666666666 0.6925 0.22 0.04
10 0.6775 0.6528125 0.22 0.044375
10 0.8875 0.6346875 0.19666666666666666 0.041875
10 0.8845833333333334 0.593125 0.1975 0.04125
10 0.68 0.605 0.20833333333333334 0.04875
10 0.4791666666666667 0.5925 0.165 0.03375
10 0.48041666666666666 0.558125 0.16583333333333333 0.035
10 0.3095833333333333 0.5884375 0.1625 0.046875
