11 0.051666666666666666 0.3475 0.095 0.1975
11 0.18916666666666668 0.34375 0.20333333333333334 0.1925
11 0.395 0.3465625 0.205 0.193125
11 0.605 0.344375 0.20333333333333334 0.2025
11 0.8075 0.34 0.19333333333333333 0.2025
11 0.95375 0.334375 0.08916666666666667 0.20875
11 0.12166666666666667 0.6628125 0.17833333333333334 0.163125
11 0.29625 0.6609375 0.17083333333333334 0.174375
11 0.46416666666666667 0.654375 0.165 0.1775
11 0.6370833333333333 0.6390625 0.16083333333333333 0.199375
11 0.80125 0.640625 0.15583333333333332 0.19375
11 0.9408333333333333 0.6934375 0.115 0.171875
11 0.9341666666666667 0.86125 0.125 0.155
11 0.6325 0.8515625 0.16166666666666665 0.210625
11 0.7920833333333334 0.851875 0.15916666666666668 0.2125
11 0.4525 0.8775 0.18666666666666668 0.1775
11 0.2675 0.8778125 0.19 0.170625
11 0.11666666666666667 0.829375 0.14 0.16
11 0.17833333333333334 0.194375 0.20333333333333334 0.09875
11 0.4058333333333333 0.18875 0.21 0.1025
