10 0.19958333333333333 0.35125 0.3908333333333333 0.045
10 0.18458333333333332 0.30125 0.3641666666666667 0.05375
10 0.18083333333333335 0.245 0.36 0.06
10 0.1825 0.1834375 0.3566666666666667 0.066875
10 0.5104166666666666 0.3575 0.21916666666666668 0.04125
10 0.5170833333333333 0.3225 0.2125 0.04375
10 0.5083333333333333 0.28125 0.21833333333333332 0.0425
10 0.5108333333333334 0.24 0.21833333333333332 0.0425
10 0.51625 0.1925 0.21583333333333332 0.05
10 0.7270833333333333 0.355625 0.21083333333333334 0.03875
10 0.7304166666666667 0.31875 0.21583333333333332 0.0375
10 0.7366666666666667 0.273125 0.21333333333333335 0.05
10 0.7354166666666667 0.2290625 0.2225 0.044375
10 0.73625 0.181875 0.2225 0.05125
10 0.9191666666666667 0.3578125 0.15666666666666668 0.038125
10 0.9191666666666667 0.2796875 0.15 0.038125
10 0.9204166666666667 0.318125 0.1525 0.0425
10 0.92 0.2353125 0.15333333333333332 0.045625
10 0.8845833333333334 0.9171875 0.20083333333333334 0.035625
10 0.8845833333333334 0.8775 0.20083333333333334 0.04
10 0.8833333333333333 0.8340625 0.20166666666666666 0.041875
10 0.88625 0.798125 0.19583333333333333 0.03375
10 0.8875 0.75875 0.195 0.045
10 0.88375 0.7134375 0.2025 0.049375
10 0.6679166666666667 0.915 0.22583333333333333 0.03625
10 0.6670833333333334 0.8778125 0.22583333333333333 0.041875
10 0.6641666666666667 0.84 0.23666666666666666 0.0325
10 0.6666666666666666 0.79875 0.235 0.03625
10 0.6641666666666667 0.75375 0.24 0.04125
10 0.66125 0.7171875 0.24083333333333334 0.035625
10 0.4375 0.9121875 0.235 0.043125
10 0.42916666666666664 0.87375 0.23833333333333334 0.04375
10 0.4245833333333333 0.83875 0.24916666666666668 0.04875
10 0.41833333333333333 0.800625 0.25166666666666665 0.0425
10 0.41541666666666666 0.7640625 0.2608333333333333 0.043125
10 0.41333333333333333 0.7209375 0.26 0.048125
10 0.405 0.6825 0.265 0.05125
10 0.20416666666666666 0.9159375 0.245 0.033125
10 0.18916666666666668 0.8815625 0.22833333333333333 0.035625
10 0.18625 0.844375 0.22583333333333333 0.0425
10 0.185 0.80875 0.225 0.045
10 0.1825 0.7709375 0.21833333333333332 0.041875
10 0.18083333333333335 0.731875 0.215 0.04625
10 0.17541666666666667 0.688125 0.20416666666666666 0.0525
