3 0.0421875 0.21875 0.046875 0.128125
3 0.09479166666666666 0.21640625 0.058333333333333334 0.1359375
3 0.15833333333333333 0.2015625 0.06875 0.165625
3 0.21979166666666666 0.201171875 0.06458333333333334 0.16484375
3 0.28229166666666666 0.199609375 0.06458333333333334 0.16640625
3 0.3463541666666667 0.19296875 0.06145833333333333 0.1796875
3 0.4109375 0.191796875 0.06354166666666666 0.18203125
3 0.10260416666666666 0.40625 0.057291666666666664 0.1578125
3 0.1921875 0.409765625 0.057291666666666664 0.14921875
3 0.25052083333333336 0.4125 0.059375 0.153125
3 0.4078125 0.410546875 0.06354166666666666 0.17265625
3 0.5 0.2046875 0.06666666666666667 0.1609375
3 0.5572916666666666 0.20234375 0.06041666666666667 0.1578125
3 0.6171875 0.187890625 0.071875 0.18671875
3 0.4942708333333333 0.41015625 0.065625 0.1796875
3 0.5916666666666667 0.410546875 0.06875 0.18671875
3 0.6536458333333334 0.413671875 0.06770833333333333 0.17734375
3 0.7203125 0.415625 0.065625 0.178125
3 0.7859375 0.416015625 0.06145833333333333 0.17265625
3 0.8953125 0.414453125 0.071875 0.18828125
3 0.6890625 0.1859375 0.07395833333333333 0.1890625
3 0.7619791666666667 0.183203125 0.07604166666666666 0.19140625
3 0.8322916666666667 0.19375 0.07291666666666667 0.1671875
3 0.9057291666666667 0.187890625 0.07395833333333333 0.17734375
3 0.9671875 0.18515625 0.06145833333333333 0.178125
