11 0.07583333333333334 0.1590625 0.13166666666666665 0.060625
11 0.21875 0.1578125 0.1375 0.061875
11 0.085 0.2575 0.13666666666666666 0.1275
11 0.21208333333333335 0.2575 0.1325 0.12625
11 0.35208333333333336 0.2534375 0.13416666666666666 0.134375
11 0.4820833333333333 0.2534375 0.1275 0.135625
11 0.6054166666666667 0.251875 0.1275 0.1325
11 0.70375 0.2428125 0.09083333333333334 0.154375
11 0.8020833333333334 0.24 0.1025 0.155
11 0.9358333333333333 0.2303125 0.11666666666666667 0.176875
11 0.05625 0.483125 0.11083333333333334 0.1175
11 0.16708333333333333 0.481875 0.12083333333333333 0.115
11 0.04625 0.5996875 0.08083333333333333 0.115625
11 0.14041666666666666 0.614375 0.1275 0.12125
11 0.26375 0.61375 0.12416666666666666 0.11625
11 0.28291666666666665 0.48 0.1125 0.11375
11 0.3858333333333333 0.5975 0.10833333333333334 0.145
11 0.49 0.59625 0.105 0.145
11 0.6054166666666667 0.609375 0.12083333333333333 0.12
11 0.72625 0.61 0.12583333333333332 0.1225
11 0.855 0.6140625 0.135 0.118125
11 0.9595833333333333 0.611875 0.0775 0.11875
11 0.060833333333333336 0.4021875 0.10666666666666667 0.041875
11 0.17208333333333334 0.4021875 0.11916666666666667 0.041875
11 0.2833333333333333 0.4021875 0.105 0.043125
11 0.38458333333333333 0.4525 0.1075 0.14125
11 0.4895833333333333 0.451875 0.10916666666666666 0.13875
11 0.60625 0.49125 0.11916666666666667 0.11625
11 0.7291666666666666 0.4925 0.12166666666666667 0.11875
11 0.06833333333333333 0.81375 0.12 0.10625
11 0.17666666666666667 0.8175 0.12 0.10625
11 0.07791666666666666 0.9234375 0.1175 0.101875
11 0.18875 0.9253125 0.1175 0.104375
11 0.2995833333333333 0.924375 0.1125 0.105
11 0.2925 0.8159375 0.11666666666666667 0.109375
11 0.4008333333333333 0.9178125 0.1 0.130625
11 0.39958333333333335 0.79125 0.10083333333333333 0.11875
11 0.4970833333333333 0.7921875 0.1025 0.120625
11 0.4979166666666667 0.91625 0.10083333333333333 0.1275
11 0.60375 0.9253125 0.1175 0.101875
11 0.72 0.9271875 0.115 0.100625
11 0.6075 0.82125 0.11666666666666667 0.10625
11 0.7216666666666667 0.8215625 0.11666666666666667 0.110625
11 0.8466666666666667 0.8265625 0.13166666666666665 0.121875
11 0.8416666666666667 0.9321875 0.12666666666666668 0.109375
11 0.9516666666666667 0.9346875 0.09333333333333334 0.119375
11 0.9554166666666667 0.833125 0.08583333333333333 0.1275
