11 0.03333333333333333 0.131875 0.065 0.12875
11 0.1325 0.134375 0.13 0.125
11 0.2529166666666667 0.1409375 0.12083333333333333 0.125625
11 0.3695833333333333 0.1434375 0.1175 0.125625
11 0.3720833333333333 0.2621875 0.1225 0.120625
11 0.2520833333333333 0.2621875 0.1225 0.120625
11 0.1325 0.259375 0.12333333333333334 0.12375
11 0.03916666666666667 0.258125 0.07666666666666666 0.12375
11 0.11666666666666667 0.043125 0.11833333333333333 0.05625
11 0.23625 0.0371875 0.12583333333333332 0.061875
11 0.35833333333333334 0.0546875 0.11333333333333333 0.055625
11 0.48333333333333334 0.0546875 0.11166666666666666 0.061875
11 0.5979166666666667 0.0546875 0.11916666666666667 0.055625
11 0.7141666666666666 0.0565625 0.11 0.059375
11 0.4875 0.264375 0.11166666666666666 0.12
11 0.6045833333333334 0.265 0.11916666666666667 0.11625
11 0.4875 0.1421875 0.11666666666666667 0.121875
11 0.6029166666666667 0.14625 0.1175 0.12
11 0.7179166666666666 0.1478125 0.11583333333333333 0.118125
11 0.7204166666666667 0.2671875 0.11583333333333333 0.118125
11 0.8333333333333334 0.27 0.11333333333333333 0.11875
11 0.8320833333333333 0.15125 0.11416666666666667 0.11875
11 0.825 0.0646875 0.11166666666666666 0.059375
11 0.93875 0.1553125 0.10916666666666666 0.114375
11 0.94375 0.2678125 0.10583333333333333 0.116875
11 0.0625 0.9521875 0.10666666666666667 0.084375
11 0.059166666666666666 0.8596875 0.09833333333333333 0.094375
11 0.05541666666666667 0.785625 0.09083333333333334 0.05125
11 0.15625 0.784375 0.10583333333333333 0.04625
11 0.16083333333333333 0.8575 0.10833333333333334 0.1
11 0.16666666666666666 0.9540625 0.10666666666666667 0.090625
11 0.27208333333333334 0.9528125 0.1075 0.090625
11 0.26416666666666666 0.8575 0.10666666666666667 0.0975
11 0.2654166666666667 0.7846875 0.10416666666666667 0.045625
11 0.37 0.78125 0.105 0.04625
11 0.37 0.8546875 0.105 0.091875
11 0.3775 0.9478125 0.1 0.091875
11 0.4775 0.945 0.10333333333333333 0.09125
11 0.47541666666666665 0.8515625 0.10083333333333333 0.095625
11 0.47375 0.7790625 0.1025 0.045625
11 0.5808333333333333 0.9409375 0.09833333333333333 0.095625
11 0.695 0.9378125 0.10166666666666667 0.099375
11 0.76875 0.9025 0.06583333333333333 0.0875
11 0.8245833333333333 0.873125 0.059166666666666666 0.08
