13 0.12291666666666666 0.86625 0.17083333333333334 0.1725
13 0.3025 0.8621875 0.21333333333333335 0.171875
13 0.5625 0.8634375 0.20833333333333334 0.160625
13 0.7133333333333334 0.85375 0.15166666666666667 0.155
13 0.8966666666666666 0.8521875 0.19666666666666666 0.191875
13 0.2925 0.4934375 0.21166666666666667 0.248125
13 0.5029166666666667 0.496875 0.20916666666666667 0.2575
13 0.7283333333333334 0.4934375 0.21333333333333335 0.263125
13 0.9175 0.521875 0.15666666666666668 0.2
13 0.41041666666666665 0.164375 0.23916666666666667 0.285
13 0.6283333333333333 0.1671875 0.215 0.275625
