10 0.71 0.95125 0.16 0.03875
10 0.70875 0.914375 0.16583333333333333 0.03375
10 0.7091666666666666 0.8790625 0.16666666666666666 0.036875
10 0.7108333333333333 0.8471875 0.175 0.029375
10 0.7091666666666666 0.816875 0.18166666666666667 0.03375
10 0.7008333333333333 0.7834375 0.17833333333333334 0.036875
10 0.6645833333333333 0.675625 0.13916666666666666 0.03375
10 0.6679166666666667 0.6415625 0.1375 0.025625
10 0.5308333333333334 0.780625 0.15666666666666668 0.035
10 0.5345833333333333 0.81375 0.16416666666666666 0.03
10 0.5433333333333333 0.84875 0.16333333333333333 0.035
10 0.54625 0.88125 0.1625 0.03375
10 0.5466666666666666 0.91375 0.16166666666666665 0.03625
10 0.5470833333333334 0.9471875 0.1575 0.033125
10 0.38708333333333333 0.9403125 0.16083333333333333 0.039375
10 0.38333333333333336 0.9109375 0.16833333333333333 0.033125
10 0.38208333333333333 0.8809375 0.16916666666666666 0.043125
10 0.3770833333333333 0.8465625 0.16916666666666666 0.031875
10 0.3745833333333333 0.815625 0.1725 0.03375
10 0.37083333333333335 0.783125 0.16333333333333333 0.035
10 0.36875 0.7534375 0.16916666666666666 0.038125
10 0.23041666666666666 0.9409375 0.16416666666666666 0.033125
10 0.225 0.9121875 0.16166666666666665 0.033125
10 0.21875 0.879375 0.16083333333333333 0.0325
10 0.21291666666666667 0.8496875 0.1625 0.034375
10 0.2125 0.818125 0.16166666666666665 0.0325
10 0.2075 0.788125 0.16166666666666665 0.03375
10 0.20625 0.7559375 0.15583333333333332 0.036875
10 0.06333333333333334 0.698125 0.12666666666666668 0.0375
10 0.06333333333333334 0.7303125 0.12666666666666668 0.034375
10 0.06375 0.7625 0.1275 0.0325
10 0.06416666666666666 0.78875 0.12833333333333333 0.02875
10 0.06416666666666666 0.8140625 0.12833333333333333 0.028125
10 0.06666666666666667 0.844375 0.13166666666666665 0.03125
10 0.06958333333333333 0.873125 0.13916666666666666 0.0325
10 0.06916666666666667 0.89875 0.13833333333333334 0.0325
10 0.0725 0.9309375 0.145 0.035625
10 0.08083333333333333 0.543125 0.15833333333333333 0.025
10 0.07625 0.51625 0.15083333333333335 0.0275
10 0.07666666666666666 0.4865625 0.15 0.034375
10 0.07833333333333334 0.460625 0.15333333333333332 0.02875
10 0.2633333333333333 0.54375 0.205 0.025
10 0.25583333333333336 0.5184375 0.19833333333333333 0.026875
10 0.25375 0.491875 0.19916666666666666 0.03
10 0.255 0.4628125 0.19666666666666666 0.028125
10 0.42875 0.54875 0.12083333333333333 0.02
10 0.4345833333333333 0.5309375 0.12083333333333333 0.020625
10 0.42833333333333334 0.5103125 0.11333333333333333 0.020625
10 0.43166666666666664 0.4884375 0.11666666666666667 0.019375
10 0.4320833333333333 0.4659375 0.1175 0.023125
10 0.5466666666666666 0.4625 0.11166666666666666 0.02375
10 0.545 0.4840625 0.115 0.021875
10 0.54875 0.506875 0.10916666666666666 0.025
10 0.5504166666666667 0.5275 0.11416666666666667 0.02125
10 0.54625 0.548125 0.1125 0.02
10 0.7 0.5503125 0.18 0.021875
10 0.7033333333333334 0.5309375 0.17833333333333334 0.026875
10 0.6941666666666667 0.5103125 0.18166666666666667 0.023125
10 0.69125 0.4896875 0.17416666666666666 0.021875
10 0.7283333333333334 0.3703125 0.125 0.016875
10 0.7266666666666667 0.350625 0.125 0.02125
10 0.7266666666666667 0.328125 0.12666666666666668 0.02375
10 0.735 0.3046875 0.12666666666666668 0.021875
10 0.735 0.281875 0.13 0.0225
10 0.7320833333333333 0.259375 0.1275 0.02
10 0.73875 0.2340625 0.12583333333333332 0.026875
10 0.6070833333333333 0.3709375 0.11916666666666667 0.015625
10 0.6091666666666666 0.3509375 0.11166666666666666 0.023125
10 0.6083333333333333 0.328125 0.11166666666666666 0.02125
10 0.6125 0.3053125 0.11666666666666667 0.021875
10 0.49166666666666664 0.3690625 0.11666666666666667 0.019375
10 0.49375 0.3490625 0.11916666666666667 0.021875
10 0.49375 0.3309375 0.11916666666666667 0.018125
10 0.49291666666666667 0.3125 0.11916666666666667 0.02125
10 0.49875 0.2896875 0.11583333333333333 0.024375
10 0.5016666666666667 0.26625 0.11666666666666667 0.02125
10 0.36375 0.3690625 0.1375 0.020625
10 0.35541666666666666 0.3425 0.14083333333333334 0.0275
10 0.36375 0.315625 0.1375 0.03
10 0.36625 0.2884375 0.1475 0.028125
10 0.37166666666666665 0.2596875 0.14166666666666666 0.029375
10 0.08916666666666667 0.364375 0.13333333333333333 0.025
10 0.22375 0.365625 0.14083333333333334 0.02375
10 0.21833333333333332 0.340625 0.13666666666666666 0.0275
10 0.23125 0.311875 0.13083333333333333 0.03125
10 0.08666666666666667 0.338125 0.135 0.03125
10 0.09458333333333334 0.31 0.14083333333333334 0.03125
10 0.20375 0.274375 0.10083333333333333 0.02375
10 0.1725 0.249375 0.13833333333333334 0.02375
10 0.53 0.680625 0.12833333333333333 0.02375
10 0.5295833333333333 0.6609375 0.1375 0.019375
10 0.5304166666666666 0.636875 0.13583333333333333 0.02875
10 0.53375 0.6065625 0.13916666666666666 0.026875
10 0.39458333333333334 0.61 0.14083333333333334 0.0225
10 0.3975 0.6353125 0.12833333333333333 0.025625
10 0.38416666666666666 0.66 0.13666666666666666 0.0175
