9 0.10958333333333334 0.8534375 0.1375 0.190625
9 0.26166666666666666 0.8559375 0.14666666666666667 0.194375
9 0.11875 0.7234375 0.14416666666666667 0.066875
9 0.2733333333333333 0.725 0.16 0.0625
9 0.4245833333333333 0.8509375 0.15583333333333332 0.190625
9 0.5770833333333333 0.836875 0.1325 0.19125
9 0.4270833333333333 0.7228125 0.14416666666666667 0.065625
9 0.7291666666666666 0.856875 0.15833333333333333 0.20625
9 0.8970833333333333 0.8753125 0.16083333333333333 0.184375
9 0.8975 0.749375 0.155 0.08
9 0.8875 0.5496875 0.16666666666666666 0.184375
9 0.7025 0.54875 0.14 0.1625
9 0.55 0.5496875 0.165 0.176875
9 0.38458333333333333 0.55875 0.15416666666666667 0.14875
9 0.38666666666666666 0.444375 0.15666666666666668 0.075
9 0.21166666666666667 0.4603125 0.175 0.069375
9 0.20041666666666666 0.56875 0.1675 0.1475
9 0.051666666666666666 0.56 0.1 0.15625
9 0.05333333333333334 0.440625 0.10333333333333333 0.075
9 0.10541666666666667 0.234375 0.1525 0.16125
9 0.09875 0.1203125 0.1575 0.074375
9 0.23458333333333334 0.0515625 0.17916666666666667 0.078125
9 0.25583333333333336 0.12875 0.15166666666666667 0.06125
9 0.26 0.2384375 0.155 0.154375
9 0.40791666666666665 0.0928125 0.1525 0.071875
9 0.5766666666666667 0.0959375 0.175 0.079375
9 0.57625 0.2321875 0.14916666666666667 0.171875
9 0.42125 0.2265625 0.1675 0.186875
9 0.77125 0.0596875 0.18916666666666668 0.086875
9 0.7629166666666667 0.2121875 0.1975 0.211875
9 0.93125 0.208125 0.13583333333333333 0.22
9 0.9366666666666666 0.0496875 0.115 0.090625
