11 0.042916666666666665 0.9196875 0.08416666666666667 0.103125
11 0.1475 0.9171875 0.125 0.103125
11 0.26916666666666667 0.91375 0.12833333333333333 0.10625
11 0.03125 0.8140625 0.0625 0.106875
11 0.125 0.809375 0.13333333333333333 0.11
11 0.2579166666666667 0.8046875 0.13083333333333333 0.109375
11 0.027083333333333334 0.695 0.0525 0.125
11 0.11375 0.6890625 0.13416666666666666 0.120625
11 0.245 0.6865625 0.13833333333333334 0.123125
11 0.37375 0.6721875 0.1325 0.116875
11 0.38333333333333336 0.7909375 0.13333333333333333 0.116875
11 0.3929166666666667 0.91 0.12416666666666666 0.1125
11 0.5204166666666666 0.914375 0.12916666666666668 0.1125
11 0.5091666666666667 0.799375 0.13 0.11875
11 0.5041666666666667 0.6775 0.12666666666666668 0.11875
11 0.635 0.6771875 0.12833333333333333 0.123125
11 0.6358333333333334 0.7975 0.12666666666666668 0.115
11 0.6466666666666666 0.9090625 0.12333333333333334 0.111875
11 0.7691666666666667 0.8984375 0.12166666666666667 0.114375
11 0.7645833333333333 0.8409375 0.12916666666666668 0.229375
11 0.7658333333333334 0.664375 0.12833333333333333 0.12
11 0.8933333333333333 0.7825 0.12833333333333333 0.11875
11 0.89 0.8965625 0.125 0.113125
11 0.9741666666666666 0.8953125 0.043333333333333335 0.111875
11 0.9741666666666666 0.7815625 0.043333333333333335 0.114375
11 0.12791666666666668 0.4546875 0.1525 0.126875
11 0.26708333333333334 0.45125 0.1425 0.125
11 0.035 0.454375 0.06833333333333333 0.12625
11 0.10541666666666667 0.3203125 0.14916666666666667 0.135625
11 0.24375 0.3196875 0.1475 0.134375
11 0.10125 0.2209375 0.14583333333333334 0.063125
11 0.24083333333333334 0.2165625 0.14333333333333334 0.066875
11 0.38 0.21375 0.14 0.06875
11 0.3883333333333333 0.3171875 0.14 0.131875
11 0.39875 0.445625 0.1375 0.12375
11 0.53 0.443125 0.135 0.13125
11 0.67875 0.4403125 0.1375 0.128125
11 0.6 0.3284375 0.09333333333333334 0.090625
11 0.68625 0.3284375 0.0825 0.083125
11 0.7741666666666667 0.325625 0.08833333333333333 0.08625
11 0.8608333333333333 0.325 0.08166666666666667 0.0825
11 0.7891666666666667 0.433125 0.08833333333333333 0.11625
11 0.8695833333333334 0.4275 0.0725 0.1075
