11 0.9645833333333333 0.9109375 0.06583333333333333 0.101875
11 0.96125 0.809375 0.07583333333333334 0.1025
11 0.8766666666666667 0.8103125 0.09833333333333333 0.101875
11 0.8783333333333333 0.911875 0.09666666666666666 0.09875
11 0.7808333333333334 0.911875 0.09833333333333333 0.0975
11 0.6820833333333334 0.9103125 0.09583333333333334 0.101875
11 0.6833333333333333 0.810625 0.09833333333333333 0.0975
11 0.7795833333333333 0.8084375 0.09583333333333334 0.099375
11 0.6920833333333334 0.46875 0.09583333333333334 0.0875
11 0.6941666666666667 0.5584375 0.09833333333333333 0.090625
11 0.7870833333333334 0.469375 0.10083333333333333 0.08625
11 0.7904166666666667 0.56 0.10083333333333333 0.09
11 0.8854166666666666 0.468125 0.09916666666666667 0.09125
11 0.8879166666666667 0.559375 0.10083333333333333 0.09625
11 0.9683333333333334 0.56125 0.06 0.0925
11 0.9629166666666666 0.4675 0.06416666666666666 0.09125
11 0.7070833333333333 0.1475 0.1075 0.08375
11 0.705 0.2296875 0.10833333333333334 0.084375
11 0.81375 0.1465625 0.1025 0.081875
11 0.8158333333333333 0.2284375 0.10833333333333334 0.078125
11 0.9229166666666667 0.23 0.11416666666666667 0.07375
11 0.9204166666666667 0.14875 0.1075 0.08875
12 0.055 0.1265625 0.08833333333333333 0.104375
12 0.04875 0.219375 0.0875 0.095
12 0.13791666666666666 0.218125 0.0875 0.0975
12 0.23083333333333333 0.2178125 0.095 0.098125
12 0.14208333333333334 0.1228125 0.08583333333333333 0.094375
12 0.23083333333333333 0.12 0.09166666666666666 0.09875
12 0.32375 0.1196875 0.09083333333333334 0.101875
12 0.32208333333333333 0.21875 0.09083333333333334 0.1
12 0.4175 0.1190625 0.09333333333333334 0.105625
12 0.41541666666666666 0.2184375 0.09583333333333334 0.103125
12 0.5108333333333334 0.1175 0.09333333333333334 0.10375
12 0.51125 0.2178125 0.09416666666666666 0.101875
12 0.6029166666666667 0.115 0.0925 0.105
12 0.6045833333333334 0.218125 0.09083333333333334 0.10125
12 0.04875 0.41 0.08583333333333333 0.1175
12 0.13666666666666666 0.4071875 0.09166666666666666 0.121875
12 0.22208333333333333 0.408125 0.08083333333333333 0.12625
12 0.30875 0.4121875 0.0975 0.125625
12 0.40791666666666665 0.411875 0.09416666666666666 0.1225
12 0.5033333333333333 0.413125 0.095 0.1275
12 0.5970833333333333 0.4134375 0.09583333333333334 0.126875
12 0.0325 0.5384375 0.06 0.135625
12 0.11083333333333334 0.5375 0.095 0.135
12 0.20583333333333334 0.538125 0.09666666666666666 0.13625
12 0.30583333333333335 0.5428125 0.09833333333333333 0.129375
12 0.40458333333333335 0.54125 0.09416666666666666 0.13125
12 0.50125 0.54 0.09583333333333334 0.1275
12 0.5983333333333334 0.541875 0.09666666666666666 0.12875
12 0.03166666666666667 0.8640625 0.06333333333333334 0.135625
12 0.03625 0.73125 0.06916666666666667 0.13
12 0.11541666666666667 0.731875 0.0875 0.13375
12 0.1 0.8665625 0.06333333333333334 0.135625
12 0.18083333333333335 0.8903125 0.09166666666666666 0.140625
12 0.19333333333333333 0.7321875 0.07 0.134375
12 0.2783333333333333 0.75625 0.095 0.13625
12 0.27666666666666667 0.8921875 0.095 0.138125
12 0.3775 0.89375 0.09833333333333333 0.14
12 0.4795833333333333 0.89125 0.09916666666666667 0.14
12 0.39208333333333334 0.741875 0.09083333333333334 0.12875
12 0.48583333333333334 0.7421875 0.09333333333333334 0.130625
12 0.57875 0.741875 0.0925 0.1325
12 0.5779166666666666 0.89375 0.09583333333333334 0.145
