13 0.5526041666666667 0.1921875 0.165625 0.0375
13 0.5557291666666667 0.22265625 0.178125 0.0265625
13 0.553125 0.251171875 0.17916666666666667 0.03046875
13 0.5526041666666667 0.2765625 0.18229166666666666 0.025
13 0.5484375 0.29921875 0.18020833333333333 0.0234375
13 0.7208333333333333 0.192578125 0.17083333333333334 0.03984375
13 0.7234375 0.219140625 0.17604166666666668 0.03203125
13 0.7265625 0.2515625 0.16979166666666667 0.0359375
13 0.7296875 0.2765625 0.16979166666666667 0.0234375
13 0.7291666666666666 0.298046875 0.17708333333333334 0.02109375
13 0.890625 0.194921875 0.17291666666666666 0.03359375
13 0.8984375 0.221484375 0.17604166666666668 0.02890625
13 0.8973958333333333 0.2453125 0.17604166666666668 0.025
13 0.9036458333333334 0.272265625 0.178125 0.02421875
13 0.9015625 0.29296875 0.171875 0.0203125
13 0.5348958333333333 0.446875 0.16354166666666667 0.025
13 0.5338541666666666 0.465625 0.16770833333333332 0.0203125
13 0.5364583333333334 0.4828125 0.16666666666666666 0.0171875
13 0.7140625 0.45234375 0.18645833333333334 0.0296875
13 0.7171875 0.47890625 0.19270833333333334 0.0203125
13 0.8666666666666667 0.458984375 0.11875 0.02734375
13 0.8703125 0.480078125 0.11979166666666667 0.02109375
13 0.9609375 0.459765625 0.07395833333333333 0.02109375
13 0.9614583333333333 0.48046875 0.06875 0.0203125
13 0.5234375 0.65625 0.13645833333333332 0.01875
13 0.5203125 0.634375 0.13229166666666667 0.0234375
13 0.5223958333333333 0.60859375 0.134375 0.0265625
13 0.5255208333333333 0.5671875 0.121875 0.021875
13 0.675 0.635546875 0.16041666666666668 0.02734375
13 0.6796875 0.658203125 0.17395833333333333 0.02578125
13 0.8432291666666667 0.65703125 0.15520833333333334 0.025
13 0.846875 0.63203125 0.16666666666666666 0.028125
13 0.5854166666666667 0.85390625 0.17083333333333334 0.0234375
13 0.58125 0.833984375 0.16458333333333333 0.02578125
13 0.5765625 0.809375 0.14479166666666668 0.0234375
13 0.5734375 0.784765625 0.153125 0.02421875
13 0.5661458333333333 0.763671875 0.16145833333333334 0.02421875
13 0.5619791666666667 0.74453125 0.153125 0.0296875
13 0.5677083333333334 0.7203125 0.16041666666666668 0.025
13 0.7119791666666667 0.7171875 0.15104166666666666 0.0265625
13 0.721875 0.741015625 0.15833333333333333 0.02265625
13 0.7260416666666667 0.7765625 0.16666666666666666 0.0296875
13 0.7328125 0.804296875 0.16770833333333332 0.01796875
13 0.7494791666666667 0.82578125 0.178125 0.01875
13 0.7494791666666667 0.84375 0.16979166666666667 0.015625
13 0.753125 0.859375 0.16458333333333333 0.0234375
13 0.9098958333333333 0.855078125 0.15729166666666666 0.02890625
13 0.9572916666666667 0.598828125 0.07291666666666667 0.02734375
13 0.9588541666666667 0.656640625 0.071875 0.02421875
9 0.0765625 0.081640625 0.109375 0.11015625
9 0.1765625 0.079296875 0.09895833333333333 0.11796875
9 0.28229166666666666 0.084375 0.09791666666666667 0.1078125
9 0.37552083333333336 0.08515625 0.09270833333333334 0.109375
9 0.04010416666666667 0.25859375 0.07604166666666666 0.10625
9 0.11875 0.255078125 0.09166666666666666 0.10859375
9 0.21614583333333334 0.25625 0.096875 0.109375
9 0.315625 0.255859375 0.1 0.11015625
9 0.3958333333333333 0.257421875 0.06041666666666667 0.10859375
9 0.38125 0.44375 0.09583333333333334 0.1046875
9 0.2875 0.441796875 0.09583333333333334 0.10859375
9 0.1859375 0.4390625 0.109375 0.1171875
9 0.09166666666666666 0.4453125 0.09791666666666667 0.1015625
9 0.07447916666666667 0.3703125 0.08854166666666667 0.05
9 0.10104166666666667 0.6234375 0.09583333333333334 0.1015625
9 0.19322916666666667 0.619921875 0.10104166666666667 0.10703125
9 0.2942708333333333 0.61953125 0.09270833333333334 0.1015625
9 0.384375 0.6203125 0.0875 0.1
