10 0.11708333333333333 0.2221875 0.19416666666666665 0.025625
10 0.1225 0.2 0.18333333333333332 0.0275
10 0.12083333333333333 0.171875 0.195 0.03125
10 0.11958333333333333 0.1403125 0.1875 0.031875
10 0.12791666666666668 0.1140625 0.1975 0.026875
10 0.12833333333333333 0.0853125 0.20833333333333334 0.026875
10 0.335 0.223125 0.20166666666666666 0.02375
10 0.33458333333333334 0.196875 0.20583333333333334 0.02875
10 0.33541666666666664 0.16875 0.20916666666666667 0.02875
10 0.3375 0.1465625 0.21166666666666667 0.025625
10 0.3408333333333333 0.1221875 0.21666666666666667 0.029375
10 0.345 0.0934375 0.20333333333333334 0.030625
10 0.56375 0.2215625 0.22916666666666666 0.024375
10 0.5604166666666667 0.195625 0.22583333333333333 0.03125
10 0.5604166666666667 0.166875 0.22416666666666665 0.025
10 0.56125 0.1375 0.21916666666666668 0.03125
10 0.5591666666666667 0.1115625 0.22 0.023125
10 0.5583333333333333 0.0825 0.225 0.03375
10 0.7966666666666666 0.2215625 0.235 0.024375
10 0.7979166666666667 0.195625 0.2425 0.02625
10 0.7966666666666666 0.1703125 0.245 0.021875
10 0.7945833333333333 0.1440625 0.2475 0.025625
10 0.7925 0.1140625 0.23333333333333334 0.024375
10 0.7891666666666667 0.0871875 0.235 0.028125
10 0.09541666666666666 0.835625 0.1875 0.03
10 0.09791666666666667 0.8090625 0.18916666666666668 0.034375
10 0.10083333333333333 0.780625 0.19166666666666668 0.0325
10 0.10083333333333333 0.7540625 0.17833333333333334 0.034375
10 0.305 0.8478125 0.19666666666666666 0.035625
10 0.3070833333333333 0.819375 0.1975 0.03875
10 0.30666666666666664 0.7915625 0.19666666666666666 0.031875
10 0.30333333333333334 0.765625 0.2 0.03125
10 0.2916666666666667 0.7453125 0.18166666666666667 0.048125
10 0.51625 0.856875 0.20416666666666666 0.035
10 0.5216666666666666 0.835 0.20166666666666666 0.03125
10 0.5216666666666666 0.806875 0.20666666666666667 0.0325
10 0.5204166666666666 0.7790625 0.2075 0.036875
10 0.5204166666666666 0.750625 0.20916666666666667 0.0375
10 0.7354166666666667 0.87 0.2025 0.03125
10 0.7416666666666667 0.8459375 0.205 0.038125
10 0.7458333333333333 0.8215625 0.20666666666666667 0.044375
10 0.74875 0.7928125 0.2125 0.039375
10 0.74375 0.7609375 0.2175 0.036875
10 0.9308333333333333 0.8778125 0.13333333333333333 0.034375
10 0.9345833333333333 0.855 0.1275 0.03
10 0.93625 0.826875 0.12416666666666666 0.035
10 0.9341666666666667 0.7965625 0.12833333333333333 0.034375
10 0.9295833333333333 0.7640625 0.1325 0.031875
10 0.13375 0.9678125 0.22916666666666666 0.044375
10 0.13416666666666666 0.935 0.23 0.0425
10 0.3745833333333333 0.9746875 0.23416666666666666 0.038125
10 0.27458333333333335 0.65375 0.19583333333333333 0.03
10 0.26875 0.6265625 0.1925 0.026875
10 0.07875 0.6475 0.1575 0.02875
10 0.07875 0.61625 0.15416666666666667 0.03125
10 0.07916666666666666 0.58875 0.15666666666666668 0.02625
10 0.08041666666666666 0.5625 0.16083333333333333 0.0275
10 0.08166666666666667 0.535625 0.16166666666666665 0.03
10 0.08208333333333333 0.5078125 0.16083333333333333 0.035625
10 0.26708333333333334 0.5984375 0.19416666666666665 0.026875
10 0.2683333333333333 0.5709375 0.195 0.033125
10 0.27208333333333334 0.54125 0.20416666666666666 0.025
10 0.27375 0.5103125 0.2125 0.039375
10 0.4845833333333333 0.658125 0.21083333333333334 0.03625
10 0.48333333333333334 0.6325 0.21666666666666667 0.0275
10 0.4820833333333333 0.6015625 0.20916666666666667 0.031875
10 0.48125 0.565625 0.2075 0.03625
10 0.70625 0.67 0.21083333333333334 0.04
10 0.7083333333333334 0.6471875 0.21833333333333332 0.043125
10 0.70625 0.61875 0.22583333333333333 0.04125
10 0.7066666666666667 0.58375 0.22333333333333333 0.0375
10 0.9104166666666667 0.67625 0.16416666666666666 0.0375
10 0.9108333333333334 0.6465625 0.16333333333333333 0.028125
10 0.9104166666666667 0.6215625 0.1625 0.035625
10 0.91125 0.5940625 0.16416666666666666 0.033125
10 0.925 0.5628125 0.13333333333333333 0.030625
10 0.9058333333333334 0.458125 0.17666666666666667 0.035
10 0.08666666666666667 0.44625 0.14333333333333334 0.02875
10 0.26416666666666666 0.4509375 0.20833333333333334 0.021875
10 0.0825 0.425 0.14166666666666666 0.0225
10 0.25625 0.4284375 0.19583333333333333 0.025625
10 0.25416666666666665 0.401875 0.2 0.02875
10 0.25458333333333333 0.376875 0.20083333333333334 0.03125
10 0.08291666666666667 0.400625 0.14583333333333334 0.025
10 0.0825 0.3771875 0.13833333333333334 0.025625
10 0.07666666666666666 0.35375 0.14 0.0225
10 0.07166666666666667 0.3278125 0.13333333333333333 0.029375
10 0.25333333333333335 0.3215625 0.21 0.033125
10 0.25625 0.350625 0.20416666666666666 0.03125
10 0.47458333333333336 0.45375 0.21083333333333334 0.02875
10 0.4658333333333333 0.4259375 0.21166666666666667 0.030625
10 0.4579166666666667 0.4 0.2025 0.03625
10 0.46625 0.370625 0.21083333333333334 0.0375
10 0.4691666666666667 0.339375 0.20166666666666666 0.03875
