11 0.09041666666666667 0.10875 0.08583333333333333 0.08875
11 0.09333333333333334 0.195 0.085 0.085
11 0.029583333333333333 0.193125 0.0575 0.08375
11 0.024166666666666666 0.1071875 0.04833333333333333 0.085625
11 0.07958333333333334 0.045625 0.08083333333333333 0.04125
11 0.1575 0.040625 0.08666666666666667 0.04375
11 0.17416666666666666 0.1121875 0.08333333333333333 0.085625
11 0.17625 0.1946875 0.0825 0.085625
11 0.2604166666666667 0.195625 0.07916666666666666 0.0825
11 0.24625 0.05375 0.07916666666666666 0.03625
11 0.25583333333333336 0.1134375 0.08333333333333333 0.085625
11 0.33625 0.11375 0.07916666666666666 0.085
11 0.32875 0.05 0.07916666666666666 0.04125
11 0.33958333333333335 0.1984375 0.08083333333333333 0.081875
11 0.41875 0.199375 0.07916666666666666 0.08375
11 0.41791666666666666 0.1153125 0.0825 0.083125
11 0.4116666666666667 0.0525 0.08166666666666667 0.0425
11 0.49125 0.0540625 0.07583333333333334 0.041875
11 0.49625 0.11625 0.07916666666666666 0.08375
11 0.5695833333333333 0.0559375 0.07916666666666666 0.040625
11 0.5745833333333333 0.115625 0.08083333333333333 0.0825
11 0.4979166666666667 0.1990625 0.0775 0.080625
11 0.5754166666666667 0.1990625 0.0775 0.084375
11 0.6520833333333333 0.1203125 0.0775 0.079375
11 0.65625 0.2015625 0.0775 0.080625
11 0.7325 0.200625 0.075 0.08125
11 0.7308333333333333 0.1190625 0.08 0.083125
11 0.7304166666666667 0.0571875 0.07583333333333334 0.043125
11 0.80625 0.11875 0.0775 0.0825
11 0.8070833333333334 0.20125 0.07583333333333334 0.0825
11 0.8058333333333333 0.058125 0.07666666666666666 0.035
11 0.8845833333333334 0.0609375 0.07583333333333334 0.041875
11 0.9604166666666667 0.0615625 0.07583333333333334 0.038125
11 0.88375 0.1221875 0.07583333333333334 0.078125
11 0.9604166666666667 0.121875 0.07583333333333334 0.08
11 0.9608333333333333 0.203125 0.07166666666666667 0.08
11 0.88625 0.1846875 0.07916666666666666 0.049375
11 0.057916666666666665 0.6890625 0.08083333333333333 0.069375
11 0.04958333333333333 0.6196875 0.07916666666666666 0.068125
11 0.04583333333333333 0.5696875 0.07166666666666667 0.034375
11 0.12166666666666667 0.568125 0.07333333333333333 0.0325
11 0.125 0.6196875 0.07833333333333334 0.068125
11 0.12958333333333333 0.689375 0.07583333333333334 0.065
11 0.205 0.6875 0.07833333333333334 0.06375
11 0.19958333333333333 0.6203125 0.07916666666666666 0.070625
11 0.19791666666666666 0.566875 0.0775 0.035
11 0.2725 0.565625 0.07333333333333333 0.035
11 0.34541666666666665 0.564375 0.07416666666666667 0.035
11 0.2733333333333333 0.618125 0.07333333333333333 0.07
11 0.3458333333333333 0.61625 0.075 0.0675
11 0.27875 0.6859375 0.07416666666666667 0.064375
11 0.3516666666666667 0.6834375 0.07166666666666667 0.065625
11 0.4225 0.6809375 0.06833333333333333 0.069375
11 0.47875 0.575625 0.0575 0.05375
11 0.5016666666666667 0.6790625 0.07 0.065625
11 0.5620833333333334 0.6653125 0.060833333333333336 0.061875
11 0.61125 0.6525 0.049166666666666664 0.06125
11 0.9254166666666667 0.6746875 0.07083333333333333 0.065625
11 0.9754166666666667 0.6728125 0.0325 0.066875
11 0.9270833333333334 0.6059375 0.0725 0.069375
11 0.9770833333333333 0.604375 0.030833333333333334 0.065
11 0.8645833333333334 0.6075 0.0475 0.0675
11 0.8625 0.555 0.06166666666666667 0.0325
11 0.93125 0.5565625 0.06916666666666667 0.029375
11 0.04958333333333333 0.8175 0.06583333333333333 0.06625
11 0.11791666666666667 0.81625 0.0725 0.0725
11 0.19125 0.8140625 0.07416666666666667 0.069375
11 0.050416666666666665 0.884375 0.07083333333333333 0.06375
11 0.06125 0.945 0.0725 0.06
11 0.13 0.9446875 0.07166666666666667 0.060625
11 0.20166666666666666 0.943125 0.07166666666666667 0.06125
11 0.12041666666666667 0.8834375 0.0725 0.065625
11 0.195 0.881875 0.07333333333333333 0.0625
11 0.26416666666666666 0.8121875 0.075 0.066875
11 0.26875 0.8778125 0.07416666666666667 0.064375
11 0.2725 0.940625 0.07166666666666667 0.065
11 0.34291666666666665 0.935625 0.07083333333333333 0.06375
11 0.34041666666666665 0.8709375 0.0725 0.064375
11 0.33541666666666664 0.8034375 0.0725 0.064375
11 0.40541666666666665 0.806875 0.0725 0.065
11 0.47583333333333333 0.805 0.07 0.06625
11 0.41 0.8734375 0.07 0.066875
11 0.47791666666666666 0.871875 0.06916666666666667 0.0625
11 0.4141666666666667 0.938125 0.07 0.0625
11 0.48333333333333334 0.935625 0.07 0.06375
11 0.5520833333333334 0.9278125 0.06916666666666667 0.065625
11 0.62 0.9265625 0.06833333333333333 0.061875
11 0.5479166666666667 0.8634375 0.07083333333333333 0.061875
11 0.6158333333333333 0.86375 0.07166666666666667 0.06375
11 0.5470833333333334 0.79875 0.0725 0.06625
11 0.68375 0.8634375 0.0675 0.056875
11 0.6866666666666666 0.925 0.07 0.06375
11 0.755 0.923125 0.06833333333333333 0.065
11 0.75125 0.8621875 0.07083333333333333 0.059375
11 0.8204166666666667 0.860625 0.0725 0.06125
11 0.82375 0.9246875 0.06916666666666667 0.066875
11 0.89125 0.9228125 0.06916666666666667 0.064375
11 0.9595833333333333 0.9221875 0.06916666666666667 0.066875
11 0.8891666666666667 0.8584375 0.07 0.064375
11 0.9591666666666666 0.8559375 0.07333333333333333 0.065625
11 0.8375 0.7925 0.045 0.06625
11 0.8933333333333333 0.7909375 0.07 0.066875
11 0.96125 0.7896875 0.07083333333333333 0.065625
