11 0.3779166666666667 0.9009375 0.0975 0.100625
11 0.47291666666666665 0.90125 0.09583333333333334 0.0975
11 0.3775 0.8021875 0.09666666666666666 0.095625
11 0.47291666666666665 0.8028125 0.09416666666666666 0.098125
11 0.5670833333333334 0.8015625 0.1025 0.094375
11 0.5708333333333333 0.9034375 0.09833333333333333 0.100625
11 0.6720833333333334 0.9034375 0.1025 0.101875
11 0.6675 0.8009375 0.09833333333333333 0.099375
11 0.7654166666666666 0.8 0.09916666666666667 0.09875
11 0.8629166666666667 0.8 0.10416666666666667 0.10125
11 0.77125 0.9028125 0.09916666666666667 0.101875
11 0.8708333333333333 0.9028125 0.10333333333333333 0.101875
11 0.38916666666666666 0.5540625 0.09666666666666666 0.090625
11 0.48291666666666666 0.5521875 0.0975 0.090625
11 0.38916666666666666 0.4628125 0.09333333333333334 0.084375
11 0.48 0.461875 0.095 0.08625
11 0.5741666666666667 0.460625 0.09833333333333333 0.08875
11 0.58 0.550625 0.09833333333333333 0.09
11 0.6766666666666666 0.5503125 0.10666666666666667 0.093125
11 0.6704166666666667 0.4565625 0.09916666666666667 0.088125
11 0.7725 0.456875 0.10333333333333333 0.09125
11 0.87125 0.454375 0.10583333333333333 0.09375
11 0.7779166666666667 0.5503125 0.1075 0.093125
11 0.8825 0.5484375 0.11 0.094375
11 0.41 0.2209375 0.105 0.080625
11 0.5158333333333334 0.2184375 0.10833333333333334 0.076875
11 0.40958333333333335 0.1365625 0.10416666666666667 0.088125
11 0.5170833333333333 0.13375 0.10583333333333333 0.09
11 0.62 0.1325 0.10666666666666667 0.0875
11 0.6233333333333333 0.2121875 0.11 0.080625
11 0.7304166666666667 0.20875 0.10583333333333333 0.08125
11 0.7254166666666667 0.1228125 0.10583333333333333 0.090625
11 0.83 0.123125 0.10666666666666667 0.085
11 0.8333333333333334 0.2065625 0.10333333333333333 0.079375
12 0.035 0.12125 0.065 0.105
12 0.11458333333333333 0.116875 0.09083333333333334 0.105
12 0.03333333333333333 0.2203125 0.06666666666666667 0.103125
12 0.1125 0.2165625 0.09333333333333334 0.100625
12 0.20583333333333334 0.214375 0.08833333333333333 0.1
12 0.205 0.1134375 0.09333333333333334 0.101875
12 0.29791666666666666 0.11 0.09083333333333334 0.1025
12 0.29833333333333334 0.213125 0.095 0.09875
12 0.027083333333333334 0.414375 0.05416666666666667 0.1225
12 0.10541666666666667 0.411875 0.08916666666666667 0.12625
12 0.19916666666666666 0.40875 0.09333333333333334 0.12625
12 0.2925 0.4084375 0.10333333333333333 0.124375
12 0.29333333333333333 0.538125 0.09833333333333333 0.1275
12 0.19708333333333333 0.5384375 0.09583333333333334 0.126875
12 0.10083333333333333 0.54125 0.095 0.12625
12 0.025 0.5421875 0.05 0.128125
12 0.10875 0.7384375 0.08916666666666667 0.126875
12 0.20333333333333334 0.7375 0.09 0.1275
12 0.28958333333333336 0.7365625 0.08083333333333333 0.128125
12 0.2725 0.885625 0.095 0.14
12 0.17708333333333334 0.8853125 0.09416666666666666 0.135625
12 0.07791666666666666 0.8878125 0.09583333333333334 0.133125
