12 0.08583333333333333 0.1096875 0.12666666666666668 0.184375
12 0.21875 0.1096875 0.13916666666666666 0.183125
12 0.35333333333333333 0.104375 0.13 0.18625
12 0.10625 0.290625 0.1175 0.17875
12 0.21916666666666668 0.29125 0.13 0.1775
12 0.3441666666666667 0.29 0.12833333333333333 0.18125
12 0.46791666666666665 0.2875 0.13916666666666666 0.18
12 0.475 0.119375 0.11833333333333333 0.16125
12 0.6045833333333334 0.28625 0.13083333333333333 0.17375
12 0.7329166666666667 0.2865625 0.1325 0.170625
12 0.7370833333333333 0.1153125 0.12916666666666668 0.166875
12 0.8670833333333333 0.0940625 0.13083333333333333 0.176875
12 0.8754166666666666 0.2771875 0.13083333333333333 0.184375
12 0.96875 0.2746875 0.05583333333333333 0.185625
12 0.17666666666666667 0.5675 0.16833333333333333 0.21875
12 0.0575 0.5671875 0.11333333333333333 0.218125
12 0.35041666666666665 0.5521875 0.15083333333333335 0.196875
12 0.49375 0.555625 0.14083333333333334 0.195
12 0.6583333333333333 0.5775 0.15333333333333332 0.2175
12 0.8166666666666667 0.5784375 0.15 0.209375
12 0.20125 0.784375 0.1625 0.21
12 0.06583333333333333 0.7815625 0.13 0.210625
12 0.35291666666666666 0.7796875 0.15583333333333332 0.204375
12 0.5016666666666667 0.7784375 0.15 0.214375
12 0.6591666666666667 0.7896875 0.15166666666666667 0.195625
12 0.8158333333333333 0.78375 0.14833333333333334 0.1975
