10 0.12958333333333333 0.50375 0.2225 0.2425
10 0.41291666666666665 0.595625 0.23083333333333333 0.04125
10 0.41041666666666665 0.55375 0.2325 0.04375
10 0.41375 0.513125 0.2325 0.04375
10 0.41291666666666665 0.4671875 0.22083333333333333 0.050625
10 0.4295833333333333 0.4265625 0.2075 0.050625
10 0.6420833333333333 0.598125 0.22583333333333333 0.0475
10 0.6425 0.55625 0.225 0.045
10 0.6466666666666666 0.5178125 0.22833333333333333 0.046875
10 0.6433333333333333 0.470625 0.22833333333333333 0.04625
10 0.13666666666666666 0.17375 0.215 0.21375
10 0.3541666666666667 0.17625 0.21666666666666667 0.2175
10 0.5795833333333333 0.1784375 0.22583333333333333 0.213125
10 0.8095833333333333 0.18 0.23416666666666666 0.2075
10 0.45416666666666666 0.035 0.20333333333333334 0.055
10 0.6791666666666667 0.0321875 0.22833333333333333 0.040625
10 0.9016666666666666 0.0353125 0.19 0.046875
10 0.835 0.5984375 0.16 0.040625
10 0.8341666666666666 0.555625 0.14333333333333334 0.045
10 0.83125 0.5140625 0.12583333333333332 0.038125
10 0.8258333333333333 0.47 0.11 0.045
10 0.84 0.42625 0.09666666666666666 0.0475
10 0.9475 0.5134375 0.095 0.234375
