12 0.06166666666666667 0.0659375 0.07833333333333334 0.104375
12 0.13291666666666666 0.0665625 0.07416666666666667 0.106875
12 0.27458333333333335 0.0684375 0.07416666666666667 0.104375
12 0.20375 0.066875 0.07416666666666667 0.1025
12 0.345 0.0690625 0.075 0.101875
12 0.415 0.0675 0.06833333333333333 0.10625
12 0.48833333333333334 0.0671875 0.07 0.106875
12 0.55875 0.0678125 0.07083333333333333 0.105625
12 0.62875 0.0671875 0.06916666666666667 0.105625
12 0.6991666666666667 0.06625 0.07166666666666667 0.11
12 0.7691666666666667 0.068125 0.06666666666666667 0.105
12 0.8391666666666666 0.068125 0.06666666666666667 0.1075
12 0.9104166666666667 0.0690625 0.0725 0.103125
12 0.9716666666666667 0.070625 0.055 0.10125
12 0.09458333333333334 0.3046875 0.07083333333333333 0.095625
12 0.03 0.30375 0.06 0.095
12 0.03 0.2059375 0.06 0.096875
12 0.09625 0.2071875 0.06916666666666667 0.096875
12 0.16833333333333333 0.20875 0.06833333333333333 0.0975
12 0.16625 0.305 0.0675 0.09375
12 0.23833333333333334 0.2090625 0.06833333333333333 0.095625
12 0.23416666666666666 0.305 0.07 0.0975
12 0.30875 0.21 0.07083333333333333 0.095
12 0.30875 0.2971875 0.07083333333333333 0.081875
12 0.38125 0.21125 0.07083333333333333 0.0975
12 0.37958333333333333 0.3065625 0.0675 0.094375
12 0.45375 0.21 0.07083333333333333 0.09875
12 0.45 0.306875 0.06666666666666667 0.09625
12 0.5258333333333334 0.2096875 0.06833333333333333 0.098125
12 0.5233333333333333 0.3075 0.07166666666666667 0.095
12 0.5966666666666667 0.210625 0.07166666666666667 0.09875
12 0.5958333333333333 0.306875 0.06833333333333333 0.095
12 0.6675 0.2096875 0.06833333333333333 0.096875
12 0.6658333333333334 0.3075 0.06666666666666667 0.09375
12 0.7379166666666667 0.210625 0.06916666666666667 0.0975
12 0.7354166666666667 0.3059375 0.06916666666666667 0.093125
12 0.8095833333333333 0.210625 0.07083333333333333 0.1
12 0.8066666666666666 0.3071875 0.06833333333333333 0.094375
12 0.8795833333333334 0.210625 0.06916666666666667 0.09625
12 0.8766666666666667 0.306875 0.06833333333333333 0.095
12 0.9479166666666666 0.2103125 0.06416666666666666 0.095625
12 0.9479166666666666 0.305625 0.0725 0.09375
12 0.07958333333333334 0.4459375 0.06916666666666667 0.088125
12 0.024166666666666666 0.44625 0.04666666666666667 0.08875
12 0.025 0.5346875 0.05 0.086875
12 0.08333333333333333 0.53375 0.06666666666666667 0.08625
12 0.15041666666666667 0.5328125 0.06583333333333333 0.086875
12 0.14666666666666667 0.4453125 0.06833333333333333 0.086875
12 0.2275 0.445 0.06166666666666667 0.0825
12 0.21458333333333332 0.5340625 0.06583333333333333 0.085625
12 0.28041666666666665 0.533125 0.06416666666666666 0.085
12 0.28958333333333336 0.444375 0.06916666666666667 0.0875
12 0.3570833333333333 0.444375 0.06916666666666667 0.0875
12 0.34458333333333335 0.5325 0.0675 0.08375
12 0.41041666666666665 0.531875 0.0625 0.085
12 0.4216666666666667 0.4459375 0.06833333333333333 0.085625
12 0.48583333333333334 0.445 0.06333333333333334 0.08875
12 0.4725 0.5315625 0.06166666666666667 0.086875
12 0.5358333333333334 0.5303125 0.06666666666666667 0.084375
12 0.5516666666666666 0.44375 0.06666666666666667 0.085
12 0.62625 0.4434375 0.0625 0.084375
12 0.6020833333333333 0.5290625 0.06416666666666666 0.086875
12 0.66625 0.53 0.06416666666666666 0.0875
12 0.7395833333333334 0.4415625 0.05583333333333333 0.079375
12 0.7291666666666666 0.5303125 0.065 0.086875
12 0.795 0.53 0.06333333333333334 0.0875
12 0.7958333333333333 0.4396875 0.05333333333333334 0.079375
12 0.8733333333333333 0.4425 0.065 0.08875
12 0.8595833333333334 0.5278125 0.06416666666666666 0.088125
12 0.93 0.5296875 0.065 0.084375
12 0.9441666666666667 0.4434375 0.06666666666666667 0.089375
12 0.1175 0.6478125 0.065 0.069375
12 0.05333333333333334 0.6484375 0.07 0.069375
12 0.059166666666666666 0.72625 0.07 0.085
12 0.12041666666666667 0.7253125 0.06916666666666667 0.085625
12 0.18458333333333332 0.7253125 0.06583333333333333 0.084375
12 0.24416666666666667 0.6459375 0.06833333333333333 0.068125
12 0.24708333333333332 0.725625 0.06583333333333333 0.0875
12 0.31083333333333335 0.724375 0.06666666666666667 0.0875
12 0.30916666666666665 0.6446875 0.06833333333333333 0.068125
12 0.375 0.645 0.06666666666666667 0.0675
12 0.3754166666666667 0.7228125 0.0625 0.085625
12 0.4379166666666667 0.6440625 0.06416666666666666 0.066875
12 0.43833333333333335 0.721875 0.06166666666666667 0.0875
12 0.50125 0.6415625 0.0625 0.068125
12 0.5020833333333333 0.7215625 0.06416666666666666 0.086875
12 0.56625 0.641875 0.06416666666666666 0.06625
12 0.5629166666666666 0.7209375 0.0625 0.086875
12 0.62625 0.7196875 0.0625 0.086875
12 0.6883333333333334 0.7196875 0.06166666666666667 0.086875
12 0.75125 0.719375 0.060833333333333336 0.08625
12 0.8125 0.7071875 0.06 0.079375
12 0.042916666666666665 0.8584375 0.06916666666666667 0.084375
12 0.05 0.9409375 0.065 0.081875
12 0.10458333333333333 0.855625 0.06583333333333333 0.0825
12 0.11291666666666667 0.94125 0.06583333333333333 0.08375
12 0.16791666666666666 0.855 0.0675 0.0825
12 0.17625 0.9390625 0.06416666666666666 0.080625
12 0.22666666666666666 0.856875 0.065 0.07875
12 0.23916666666666667 0.9390625 0.065 0.080625
12 0.29083333333333333 0.8546875 0.065 0.080625
12 0.3016666666666667 0.9353125 0.06166666666666667 0.083125
12 0.3545833333333333 0.8546875 0.0625 0.083125
12 0.3591666666666667 0.9375 0.06 0.08125
12 0.41583333333333333 0.8540625 0.06333333333333334 0.084375
12 0.4195833333333333 0.9396875 0.059166666666666666 0.085625
12 0.4775 0.8565625 0.065 0.083125
12 0.4795833333333333 0.940625 0.0625 0.08375
12 0.5395833333333333 0.856875 0.0625 0.08125
12 0.5416666666666666 0.94125 0.06 0.08125
12 0.5995833333333334 0.8559375 0.0625 0.080625
12 0.6029166666666667 0.94125 0.059166666666666666 0.08
12 0.66125 0.8553125 0.0625 0.081875
12 0.6629166666666667 0.939375 0.060833333333333336 0.08125
12 0.7225 0.8528125 0.058333333333333334 0.085625
12 0.7229166666666667 0.94 0.060833333333333336 0.08
12 0.7825 0.85375 0.06 0.0875
12 0.7825 0.939375 0.06 0.08125
12 0.8441666666666666 0.940625 0.06 0.0825
12 0.9041666666666667 0.9378125 0.06 0.079375
12 0.8429166666666666 0.8546875 0.059166666666666666 0.081875
12 0.9025 0.85375 0.06166666666666667 0.08375
