12 0.11333333333333333 0.138125 0.145 0.1775
12 0.07958333333333334 0.330625 0.15083333333333335 0.21875
12 0.23166666666666666 0.3321875 0.15333333333333332 0.213125
12 0.3825 0.3378125 0.145 0.215625
12 0.2525 0.14 0.13333333333333333 0.18
12 0.3875 0.1409375 0.135 0.174375
12 0.5316666666666666 0.1440625 0.14833333333333334 0.198125
12 0.53375 0.346875 0.1525 0.19875
12 0.68625 0.1484375 0.1475 0.194375
12 0.8366666666666667 0.150625 0.14166666666666666 0.20375
12 0.6816666666666666 0.3478125 0.15 0.201875
12 0.8291666666666667 0.3484375 0.14333333333333334 0.200625
12 0.9504166666666667 0.350625 0.09416666666666666 0.195
12 0.9516666666666667 0.1546875 0.09 0.198125
12 0.09458333333333334 0.63625 0.13416666666666666 0.19875
12 0.22916666666666666 0.638125 0.12833333333333333 0.1975
12 0.35625 0.63875 0.1225 0.19375
12 0.21666666666666667 0.8334375 0.12 0.189375
12 0.08916666666666667 0.8321875 0.13 0.194375
12 0.34833333333333333 0.8646875 0.145 0.214375
12 0.49583333333333335 0.8721875 0.14333333333333334 0.198125
12 0.6483333333333333 0.8696875 0.14333333333333334 0.205625
12 0.4945833333333333 0.66875 0.14583333333333334 0.20375
12 0.6375 0.654375 0.14 0.18875
12 0.7745833333333333 0.653125 0.1275 0.18125
12 0.9075 0.6528125 0.13166666666666665 0.184375
12 0.7945833333333333 0.8690625 0.1475 0.198125
12 0.9329166666666666 0.865 0.12916666666666668 0.2
