11 0.17458333333333334 0.3646875 0.10916666666666666 0.099375
11 0.27875 0.3628125 0.11416666666666667 0.103125
11 0.38458333333333333 0.36375 0.1125 0.10125
11 0.3858333333333333 0.284375 0.11 0.05
11 0.27125 0.2853125 0.10916666666666666 0.049375
11 0.16791666666666666 0.2871875 0.10083333333333333 0.049375
11 0.08791666666666667 0.348125 0.07916666666666666 0.13625
11 0.025833333333333333 0.349375 0.05 0.14
11 0.5970833333333333 0.359375 0.1075 0.1075
11 0.49041666666666667 0.360625 0.11083333333333334 0.10875
11 0.7 0.35625 0.10833333333333334 0.1125
11 0.7804166666666666 0.3425 0.07916666666666666 0.12875
11 0.8620833333333333 0.3375 0.08583333333333333 0.135
11 0.9629166666666666 0.335625 0.07083333333333333 0.1375
11 0.04666666666666667 0.5253125 0.08666666666666667 0.078125
11 0.03625 0.6153125 0.0725 0.078125
11 0.09833333333333333 0.6134375 0.06833333333333333 0.081875
11 0.15541666666666668 0.5371875 0.08083333333333333 0.090625
11 0.16166666666666665 0.62875 0.07666666666666666 0.08625
11 0.23083333333333333 0.635 0.085 0.09375
11 0.23833333333333334 0.540625 0.09666666666666666 0.09875
11 0.3329166666666667 0.54 0.0975 0.0975
11 0.3204166666666667 0.6503125 0.10083333333333333 0.096875
11 0.4195833333333333 0.6496875 0.10583333333333333 0.100625
11 0.4270833333333333 0.5371875 0.09416666666666666 0.098125
11 0.5154166666666666 0.5175 0.09083333333333334 0.1125
11 0.60375 0.5165625 0.0875 0.110625
11 0.5195833333333333 0.6375 0.0875 0.12
11 0.6033333333333334 0.635 0.09 0.125
11 0.6991666666666667 0.54875 0.10166666666666667 0.10125
11 0.7004166666666667 0.64625 0.1025 0.09625
11 0.8025 0.6471875 0.10166666666666667 0.098125
11 0.80125 0.550625 0.10583333333333333 0.09625
11 0.915 0.65375 0.11666666666666667 0.09625
11 0.07791666666666666 0.9040625 0.09583333333333334 0.085625
11 0.15791666666666668 0.82125 0.1025 0.0875
11 0.16666666666666666 0.9065625 0.09 0.083125
11 0.07666666666666666 0.795 0.07333333333333333 0.0775
11 0.25125 0.8165625 0.09583333333333334 0.091875
11 0.35 0.9096875 0.09666666666666666 0.089375
11 0.25875 0.908125 0.09583333333333334 0.0875
11 0.3441666666666667 0.8184375 0.09833333333333333 0.091875
11 0.43916666666666665 0.8190625 0.095 0.093125
11 0.4425 0.91125 0.095 0.09125
11 0.5291666666666667 0.9028125 0.08333333333333333 0.114375
11 0.61 0.90375 0.085 0.10875
11 0.6104166666666667 0.8 0.0875 0.09875
11 0.5258333333333334 0.798125 0.08333333333333333 0.09625
11 0.7025 0.8271875 0.095 0.090625
11 0.7008333333333333 0.915 0.09666666666666666 0.08625
11 0.79875 0.9159375 0.0975 0.089375
11 0.8 0.825625 0.10166666666666667 0.09375
11 0.90875 0.83125 0.11583333333333333 0.10125
11 0.9054166666666666 0.9225 0.11583333333333333 0.09375
