10 0.06666666666666667 0.9478125 0.13 0.043125
10 0.33375 0.9340625 0.3908333333333333 0.041875
10 0.13958333333333334 0.8925 0.27416666666666667 0.045
10 0.40166666666666667 0.8853125 0.23833333333333334 0.043125
10 0.32875 0.83625 0.3908333333333333 0.04625
10 0.06333333333333334 0.843125 0.12 0.04125
10 0.13833333333333334 0.78625 0.2733333333333333 0.04125
10 0.40875 0.784375 0.25416666666666665 0.03625
10 0.05875 0.734375 0.11583333333333333 0.05125
10 0.33375 0.7346875 0.4141666666666667 0.043125
10 0.4058333333333333 0.689375 0.24833333333333332 0.03625
10 0.14208333333333334 0.68625 0.2775 0.0525
10 0.3279166666666667 0.6396875 0.42083333333333334 0.041875
10 0.058333333333333334 0.63375 0.11333333333333333 0.04375
10 0.13458333333333333 0.5909375 0.2625 0.051875
10 0.40541666666666665 0.59 0.2725 0.04625
10 0.32375 0.5434375 0.4225 0.046875
10 0.40291666666666665 0.484375 0.26416666666666666 0.0575
10 0.13291666666666666 0.4928125 0.2625 0.056875
10 0.3304166666666667 0.4303125 0.4091666666666667 0.059375
10 0.06541666666666666 0.4359375 0.12416666666666666 0.058125
10 0.1375 0.3753125 0.27166666666666667 0.050625
10 0.40958333333333335 0.3675 0.2808333333333333 0.06
10 0.34375 0.315625 0.42083333333333334 0.0575
10 0.06625 0.31375 0.13083333333333333 0.06
10 0.415 0.243125 0.22 0.05375
10 0.34875 0.1853125 0.31083333333333335 0.051875
10 0.6970833333333334 0.183125 0.2658333333333333 0.06125
10 0.7770833333333333 0.2503125 0.4225 0.075625
10 0.6920833333333334 0.31 0.2625 0.0625
10 0.91125 0.318125 0.17083333333333334 0.06
10 0.76125 0.3690625 0.4075 0.058125
10 0.6858333333333333 0.424375 0.26666666666666666 0.05875
10 0.9075 0.425625 0.18 0.04875
10 0.7508333333333334 0.476875 0.4066666666666667 0.05875
10 0.66625 0.5290625 0.25916666666666666 0.054375
10 0.8958333333333334 0.5325 0.20333333333333334 0.05625
10 0.7408333333333333 0.5815625 0.39166666666666666 0.060625
10 0.6675 0.63625 0.24833333333333332 0.05
10 0.8941666666666667 0.634375 0.205 0.045
10 0.73625 0.685 0.3958333333333333 0.05625
10 0.6620833333333334 0.73375 0.24583333333333332 0.0525
10 0.8916666666666667 0.73875 0.21333333333333335 0.0475
10 0.74 0.7834375 0.3933333333333333 0.058125
10 0.6579166666666667 0.8340625 0.2608333333333333 0.046875
10 0.8895833333333333 0.8325 0.2125 0.04375
10 0.7204166666666667 0.881875 0.3875 0.04875
10 0.6579166666666667 0.9325 0.25916666666666666 0.04625
10 0.8858333333333334 0.926875 0.205 0.03875
9 0.22041666666666668 0.0934375 0.15083333333333335 0.066875
9 0.3641666666666667 0.08875 0.14166666666666666 0.06375
9 0.22083333333333333 0.1421875 0.145 0.029375
9 0.07208333333333333 0.0775 0.14416666666666667 0.08
9 0.0725 0.135625 0.14166666666666666 0.0475
9 0.3675 0.143125 0.14 0.0375
9 0.5116666666666667 0.0946875 0.13833333333333334 0.069375
9 0.6508333333333334 0.095625 0.135 0.06375
