12 0.12375 0.19375 0.08416666666666667 0.12
12 0.03791666666666667 0.3075 0.07416666666666667 0.12125
12 0.052083333333333336 0.196875 0.0575 0.1025
12 0.06958333333333333 0.0478125 0.08083333333333333 0.094375
12 0.16416666666666666 0.049375 0.085 0.09875
12 0.25458333333333333 0.0521875 0.0825 0.099375
12 0.3425 0.05125 0.085 0.1025
12 0.42791666666666667 0.0528125 0.0825 0.104375
12 0.5129166666666667 0.0559375 0.08416666666666667 0.103125
12 0.5966666666666667 0.0571875 0.08333333333333333 0.103125
12 0.6795833333333333 0.0590625 0.08083333333333333 0.103125
12 0.76125 0.0615625 0.08083333333333333 0.105625
12 0.84 0.06625 0.08166666666666667 0.09875
12 0.9233333333333333 0.0671875 0.08166666666666667 0.099375
12 0.97875 0.0690625 0.035833333333333335 0.098125
12 0.11958333333333333 0.31125 0.08583333333333333 0.1175
12 0.21166666666666667 0.1934375 0.085 0.116875
12 0.20333333333333334 0.311875 0.08333333333333333 0.11875
12 0.29625 0.195 0.08416666666666667 0.12
12 0.28708333333333336 0.3128125 0.0825 0.118125
12 0.37166666666666665 0.3153125 0.085 0.121875
12 0.37833333333333335 0.1959375 0.07833333333333334 0.114375
12 0.4579166666666667 0.3175 0.08416666666666667 0.12
12 0.46 0.1996875 0.08833333333333333 0.116875
12 0.5429166666666667 0.200625 0.08583333333333333 0.115
12 0.5395833333333333 0.3175 0.08416666666666667 0.12
12 0.6229166666666667 0.3190625 0.0825 0.118125
12 0.6283333333333333 0.2028125 0.08333333333333333 0.110625
12 0.71 0.205625 0.08166666666666667 0.11375
12 0.7058333333333333 0.3184375 0.08 0.118125
12 0.79375 0.20625 0.0825 0.11375
12 0.7904166666666667 0.3209375 0.0825 0.116875
12 0.8729166666666667 0.3215625 0.08083333333333333 0.115625
12 0.9525 0.323125 0.08333333333333333 0.1175
12 0.87375 0.2065625 0.08083333333333333 0.113125
12 0.9541666666666667 0.2078125 0.08166666666666667 0.113125
12 0.08125 0.6225 0.08583333333333333 0.12125
12 0.16666666666666666 0.623125 0.085 0.12125
12 0.07916666666666666 0.5015625 0.08833333333333333 0.123125
12 0.16583333333333333 0.5034375 0.085 0.118125
12 0.25 0.5059375 0.08666666666666667 0.120625
12 0.2520833333333333 0.624375 0.08416666666666667 0.12125
12 0.3333333333333333 0.504375 0.08333333333333333 0.12
12 0.3358333333333333 0.624375 0.08166666666666667 0.12
12 0.41875 0.5046875 0.08416666666666667 0.118125
12 0.42041666666666666 0.625 0.08416666666666667 0.12
12 0.5008333333333334 0.50625 0.085 0.12
12 0.50375 0.6253125 0.0825 0.121875
12 0.5816666666666667 0.506875 0.08166666666666667 0.1175
12 0.5875 0.6259375 0.08333333333333333 0.116875
12 0.6641666666666667 0.5075 0.08333333333333333 0.1175
12 0.67125 0.6259375 0.08416666666666667 0.118125
12 0.7475 0.5096875 0.08333333333333333 0.116875
12 0.7520833333333333 0.626875 0.0775 0.115
12 0.83125 0.5096875 0.08416666666666667 0.119375
12 0.83625 0.6275 0.08583333333333333 0.11875
12 0.9183333333333333 0.6284375 0.08166666666666667 0.116875
12 0.9120833333333334 0.50875 0.08416666666666667 0.115
12 0.9754166666666667 0.5103125 0.0425 0.116875
12 0.97875 0.6284375 0.0375 0.116875
12 0.08291666666666667 0.7875 0.08916666666666667 0.12125
12 0.07208333333333333 0.914375 0.08583333333333333 0.12125
12 0.16041666666666668 0.915 0.0825 0.12
12 0.17041666666666666 0.7865625 0.08416666666666667 0.119375
12 0.25625 0.781875 0.08416666666666667 0.10875
12 0.24541666666666667 0.910625 0.08583333333333333 0.12
12 0.33416666666666667 0.9103125 0.08166666666666667 0.125625
12 0.33958333333333335 0.785625 0.08083333333333333 0.1175
12 0.42291666666666666 0.7859375 0.0825 0.116875
12 0.41791666666666666 0.909375 0.0825 0.12
12 0.5033333333333333 0.9125 0.08166666666666667 0.12
12 0.5079166666666667 0.7871875 0.08416666666666667 0.120625
12 0.59125 0.7853125 0.08583333333333333 0.119375
12 0.5870833333333333 0.9121875 0.08416666666666667 0.119375
12 0.6716666666666666 0.9125 0.08166666666666667 0.1225
12 0.675 0.7878125 0.08666666666666667 0.123125
12 0.7533333333333333 0.9109375 0.08666666666666667 0.116875
12 0.7570833333333333 0.7878125 0.08083333333333333 0.119375
12 0.8383333333333334 0.7865625 0.08 0.118125
12 0.8354166666666667 0.9078125 0.08083333333333333 0.120625
12 0.9216666666666666 0.90875 0.08166666666666667 0.1175
12 0.9220833333333334 0.7875 0.08583333333333333 0.12
