12 0.06333333333333334 0.92625 0.08333333333333333 0.10125
12 0.14375 0.9240625 0.0775 0.100625
12 0.2225 0.923125 0.07666666666666666 0.1
12 0.06583333333333333 0.81875 0.08666666666666667 0.10625
12 0.14916666666666667 0.8203125 0.07166666666666667 0.100625
12 0.22708333333333333 0.82 0.07583333333333334 0.10625
12 0.30416666666666664 0.8175 0.07 0.10625
12 0.29791666666666666 0.92 0.0725 0.1
12 0.3754166666666667 0.9184375 0.07416666666666667 0.096875
12 0.37916666666666665 0.8159375 0.07666666666666666 0.101875
12 0.45958333333333334 0.815 0.07083333333333333 0.1
12 0.45416666666666666 0.915625 0.07166666666666667 0.10125
12 0.52625 0.91125 0.0675 0.1025
12 0.5333333333333333 0.805 0.06666666666666667 0.10125
12 0.60375 0.8028125 0.06916666666666667 0.101875
12 0.5966666666666667 0.9075 0.06666666666666667 0.1
12 0.6691666666666667 0.9065625 0.06666666666666667 0.099375
12 0.6741666666666667 0.8028125 0.065 0.098125
12 0.7420833333333333 0.8065625 0.06916666666666667 0.098125
12 0.7358333333333333 0.9040625 0.07 0.098125
12 0.8029166666666666 0.9025 0.06416666666666666 0.09875
12 0.8095833333333333 0.8046875 0.0625 0.091875
12 0.8741666666666666 0.8021875 0.06666666666666667 0.094375
12 0.8679166666666667 0.9003125 0.06583333333333333 0.095625
12 0.9291666666666667 0.8971875 0.06333333333333334 0.095625
12 0.9791666666666666 0.89625 0.03833333333333333 0.095
12 0.94 0.8015625 0.06333333333333334 0.094375
12 0.9854166666666667 0.800625 0.025833333333333333 0.09375
12 0.06541666666666666 0.646875 0.07916666666666666 0.1125
12 0.14875 0.648125 0.07583333333333334 0.1125
12 0.075 0.5421875 0.08 0.096875
12 0.1575 0.5440625 0.08166666666666667 0.094375
12 0.23791666666666667 0.5459375 0.07916666666666666 0.098125
12 0.23208333333333334 0.6484375 0.07583333333333334 0.108125
12 0.31083333333333335 0.649375 0.07333333333333333 0.10625
12 0.38458333333333333 0.6490625 0.07416666666666667 0.108125
12 0.46041666666666664 0.6521875 0.07416666666666667 0.109375
12 0.53375 0.6534375 0.07083333333333333 0.110625
12 0.6033333333333334 0.6534375 0.07166666666666667 0.108125
12 0.54 0.5525 0.07 0.095
12 0.60875 0.5546875 0.06916666666666667 0.094375
12 0.6791666666666667 0.5578125 0.06833333333333333 0.091875
12 0.67625 0.6540625 0.07083333333333333 0.104375
12 0.7441666666666666 0.6565625 0.07 0.103125
12 0.7470833333333333 0.5590625 0.06916666666666667 0.089375
12 0.815 0.5615625 0.06333333333333334 0.088125
12 0.81 0.6565625 0.06333333333333334 0.101875
12 0.8775 0.656875 0.06833333333333333 0.1
12 0.9429166666666666 0.65625 0.06416666666666666 0.1
12 0.8825 0.5621875 0.06666666666666667 0.088125
12 0.9483333333333334 0.5625 0.065 0.08625
12 0.07666666666666666 0.28625 0.08833333333333333 0.12
12 0.16041666666666668 0.2925 0.07916666666666666 0.11625
12 0.07291666666666667 0.4009375 0.07916666666666666 0.115625
12 0.15833333333333333 0.40375 0.08166666666666667 0.115
12 0.265 0.3221875 0.06333333333333334 0.096875
12 0.26458333333333334 0.416875 0.06583333333333333 0.095
12 0.32708333333333334 0.3253125 0.06583333333333333 0.096875
12 0.3925 0.3296875 0.06 0.096875
12 0.3304166666666667 0.4196875 0.06583333333333333 0.091875
12 0.39416666666666667 0.4225 0.06 0.09125
12 0.5329166666666667 0.4228125 0.06916666666666667 0.104375
12 0.6129166666666667 0.424375 0.07583333333333334 0.10375
12 0.6841666666666667 0.4265625 0.07 0.106875
12 0.6145833333333334 0.3221875 0.06583333333333333 0.100625
12 0.6941666666666667 0.32375 0.06833333333333333 0.10625
12 0.7658333333333334 0.32625 0.06833333333333333 0.11125
12 0.7616666666666667 0.431875 0.07 0.10125
12 0.8316666666666667 0.433125 0.06833333333333333 0.10625
12 0.9008333333333334 0.4353125 0.06666666666666667 0.105625
12 0.83625 0.326875 0.06583333333333333 0.11
12 0.9045833333333333 0.3309375 0.0625 0.105625
12 0.96875 0.3340625 0.059166666666666666 0.106875
12 0.96625 0.4365625 0.0625 0.105625
12 0.07291666666666667 0.1234375 0.0875 0.114375
12 0.16083333333333333 0.13125 0.08333333333333333 0.11375
12 0.24458333333333335 0.1371875 0.08416666666666667 0.110625
12 0.33166666666666667 0.1440625 0.085 0.108125
12 0.16791666666666666 0.0390625 0.08416666666666667 0.078125
12 0.25416666666666665 0.041875 0.08833333333333333 0.08375
12 0.33708333333333335 0.049375 0.0775 0.095
12 0.4175 0.0496875 0.08 0.098125
12 0.49875 0.053125 0.07583333333333334 0.10125
12 0.5775 0.0553125 0.07666666666666666 0.106875
12 0.415 0.1503125 0.07833333333333334 0.104375
12 0.49625 0.1540625 0.07583333333333334 0.106875
12 0.57375 0.1596875 0.07916666666666666 0.108125
12 0.6516666666666666 0.1653125 0.08 0.105625
12 0.7254166666666667 0.1690625 0.07416666666666667 0.106875
12 0.79875 0.1746875 0.07416666666666667 0.104375
12 0.8041666666666667 0.0734375 0.07166666666666667 0.109375
12 0.6533333333333333 0.0590625 0.07166666666666667 0.108125
12 0.72625 0.0659375 0.08083333333333333 0.113125
12 0.9308333333333333 0.186875 0.07 0.09875
12 0.8545833333333334 0.18875 0.0425 0.08375
12 0.8629166666666667 0.096875 0.04416666666666667 0.10375
12 0.9175 0.0959375 0.06333333333333334 0.086875
12 0.97375 0.0990625 0.049166666666666664 0.084375
