10 0.1325 0.8246875 0.26 0.060625
10 0.16208333333333333 0.780625 0.21583333333333332 0.03625
10 0.14583333333333334 0.74125 0.2866666666666667 0.0575
10 0.18041666666666667 0.69875 0.22083333333333333 0.045
10 0.15375 0.6496875 0.2991666666666667 0.048125
10 0.3779166666666667 0.8425 0.20916666666666667 0.04625
10 0.38708333333333333 0.795 0.22583333333333333 0.0575
10 0.405 0.741875 0.205 0.05375
10 0.4125 0.69125 0.22666666666666666 0.06125
10 0.4270833333333333 0.64375 0.24583333333333332 0.04875
10 0.43333333333333335 0.595625 0.24 0.05625
10 0.44083333333333335 0.54625 0.24 0.06625
10 0.19083333333333333 0.6021875 0.23833333333333334 0.049375
10 0.15875 0.553125 0.3175 0.055
10 0.20041666666666666 0.5090625 0.2375 0.056875
10 0.165 0.46125 0.33 0.065
10 0.4625 0.4884375 0.24666666666666667 0.070625
10 0.46291666666666664 0.4240625 0.25583333333333336 0.054375
10 0.46416666666666667 0.3640625 0.255 0.063125
10 0.46708333333333335 0.29875 0.2608333333333333 0.065
10 0.20625 0.4084375 0.2475 0.054375
10 0.041666666666666664 0.405625 0.08 0.0475
10 0.16375 0.3584375 0.3275 0.055625
10 0.20708333333333334 0.3003125 0.2525 0.058125
10 0.041666666666666664 0.305 0.08333333333333333 0.05
10 0.17083333333333334 0.25125 0.3416666666666667 0.0625
10 0.22625 0.1909375 0.2475 0.056875
10 0.17583333333333334 0.135 0.35 0.04875
10 0.4741666666666667 0.2315625 0.25 0.064375
10 0.4775 0.1675 0.25 0.06375
10 0.48125 0.10125 0.24583333333333332 0.06875
10 0.6029166666666667 0.85625 0.2375 0.0575
10 0.6925 0.81625 0.37666666666666665 0.06
10 0.8608333333333333 0.8734375 0.2733333333333333 0.058125
10 0.93875 0.829375 0.11416666666666667 0.05125
10 0.6279166666666667 0.7640625 0.24583333333333332 0.048125
10 0.8766666666666667 0.780625 0.24166666666666667 0.06125
10 0.95125 0.7440625 0.0925 0.054375
10 0.71375 0.72375 0.3825 0.05625
10 0.6645833333333333 0.6709375 0.23916666666666667 0.049375
10 0.8841666666666667 0.6865625 0.2 0.060625
10 0.7475 0.6290625 0.38166666666666665 0.065625
10 0.90875 0.594375 0.17916666666666667 0.05625
10 0.6866666666666666 0.575 0.25166666666666665 0.045
10 0.7891666666666667 0.53125 0.4033333333333333 0.06625
10 0.9166666666666666 0.4821875 0.16333333333333333 0.058125
10 0.7133333333333334 0.4634375 0.25166666666666665 0.061875
10 0.7845833333333333 0.4090625 0.39416666666666667 0.070625
10 0.9254166666666667 0.361875 0.13916666666666666 0.06375
10 0.7225 0.351875 0.2633333333333333 0.05375
10 0.7975 0.295 0.4 0.06125
10 0.9404166666666667 0.2403125 0.11583333333333333 0.056875
10 0.7404166666666666 0.236875 0.2825 0.05875
10 0.8041666666666667 0.1759375 0.385 0.068125
10 0.7470833333333333 0.1071875 0.2775 0.068125
10 0.81 0.0446875 0.35333333333333333 0.058125
10 0.9420833333333334 0.1096875 0.11083333333333334 0.063125
