11 0.33 0.840625 0.11166666666666666 0.11125
11 0.43875 0.8390625 0.11583333333333333 0.110625
11 0.33916666666666667 0.7121875 0.10666666666666667 0.105625
11 0.44416666666666665 0.711875 0.10833333333333334 0.10375
11 0.33916666666666667 0.61 0.10833333333333334 0.09125
11 0.445 0.6090625 0.10666666666666667 0.094375
11 0.5495833333333333 0.7109375 0.10916666666666666 0.106875
11 0.5529166666666666 0.8434375 0.11416666666666667 0.105625
11 0.6641666666666667 0.84 0.115 0.11
11 0.7783333333333333 0.8415625 0.115 0.110625
11 0.6658333333333334 0.7309375 0.11666666666666667 0.113125
11 0.7829166666666667 0.7290625 0.1175 0.111875
11 0.6708333333333333 0.619375 0.11833333333333333 0.11375
11 0.7891666666666667 0.616875 0.12 0.10875
11 0.9095833333333333 0.6165625 0.1175 0.114375
11 0.8970833333333333 0.7303125 0.1175 0.114375
11 0.89375 0.843125 0.11916666666666667 0.11125
11 0.31666666666666665 0.440625 0.12 0.11875
11 0.43416666666666665 0.4415625 0.12 0.116875
11 0.31083333333333335 0.3184375 0.11833333333333333 0.123125
11 0.42916666666666664 0.318125 0.125 0.12625
11 0.3020833333333333 0.1903125 0.12416666666666666 0.133125
11 0.42375 0.188125 0.12583333333333332 0.1325
11 0.5454166666666667 0.2221875 0.12416666666666666 0.060625
11 0.54875 0.3165625 0.11916666666666667 0.128125
11 0.5508333333333333 0.4409375 0.12 0.115625
11 0.6725 0.4371875 0.12333333333333334 0.119375
11 0.66625 0.32 0.1175 0.11375
11 0.7829166666666667 0.3196875 0.11583333333333333 0.110625
11 0.7904166666666667 0.4346875 0.1225 0.119375
11 0.6704166666666667 0.2034375 0.11583333333333333 0.120625
11 0.7829166666666667 0.2028125 0.11416666666666667 0.119375
11 0.8995833333333333 0.2015625 0.11416666666666667 0.118125
11 0.8975 0.316875 0.115 0.11
11 0.9120833333333334 0.43375 0.1225 0.12
11 0.30916666666666665 0.029375 0.12166666666666667 0.055
11 0.4320833333333333 0.0240625 0.12416666666666666 0.048125
11 0.5583333333333333 0.0246875 0.125 0.045625
11 0.68875 0.02375 0.1275 0.0425
11 0.8166666666666667 0.0215625 0.125 0.040625
11 0.9370833333333334 0.02375 0.12083333333333333 0.0325
12 0.056666666666666664 0.0290625 0.10833333333333334 0.058125
12 0.17708333333333334 0.0278125 0.12583333333333332 0.046875
12 0.0675 0.25375 0.12166666666666667 0.16875
12 0.1875 0.2534375 0.12666666666666668 0.164375
12 0.19458333333333333 0.419375 0.12916666666666668 0.16
12 0.07083333333333333 0.419375 0.125 0.165
12 0.09041666666666667 0.6721875 0.12583333333333332 0.151875
12 0.20791666666666667 0.6715625 0.11916666666666667 0.155625
12 0.21458333333333332 0.82375 0.12583333333333332 0.15125
12 0.1025 0.8221875 0.12166666666666667 0.144375
