12 0.07625 0.1103125 0.09583333333333334 0.110625
12 0.16875 0.1078125 0.09583333333333334 0.109375
12 0.2625 0.1065625 0.09333333333333334 0.111875
12 0.3566666666666667 0.1071875 0.09166666666666666 0.108125
12 0.07541666666666667 0.213125 0.09416666666666666 0.10375
12 0.16958333333333334 0.2134375 0.0925 0.100625
12 0.2625 0.214375 0.09666666666666666 0.1
12 0.35833333333333334 0.2134375 0.09333333333333334 0.099375
12 0.45125 0.1128125 0.09583333333333334 0.113125
12 0.45208333333333334 0.2146875 0.09583333333333334 0.099375
12 0.5416666666666666 0.110625 0.095 0.10375
12 0.545 0.215 0.09833333333333333 0.09875
12 0.63625 0.1125 0.09583333333333334 0.10625
12 0.6366666666666667 0.2159375 0.09666666666666666 0.100625
12 0.7291666666666666 0.10875 0.09333333333333334 0.10375
12 0.7316666666666667 0.2128125 0.09333333333333334 0.100625
12 0.8233333333333334 0.1059375 0.10166666666666667 0.101875
12 0.82375 0.211875 0.09916666666666667 0.10125
12 0.9241666666666667 0.213125 0.10333333333333333 0.1025
12 0.9233333333333333 0.1059375 0.09833333333333333 0.106875
12 0.98 0.1103125 0.03666666666666667 0.098125
12 0.9825 0.2146875 0.03166666666666667 0.101875
12 0.09125 0.4115625 0.0925 0.128125
12 0.07625 0.541875 0.0975 0.13375
12 0.17333333333333334 0.5403125 0.09833333333333333 0.130625
12 0.2679166666666667 0.539375 0.0975 0.13
12 0.18375 0.409375 0.0975 0.1275
12 0.275 0.40875 0.09166666666666666 0.12875
12 0.3645833333333333 0.4096875 0.0925 0.126875
12 0.3620833333333333 0.539375 0.0975 0.135
12 0.4575 0.538125 0.095 0.12875
12 0.45375 0.409375 0.08916666666666667 0.125
12 0.5429166666666667 0.406875 0.08583333333333333 0.12625
12 0.54875 0.5371875 0.09416666666666666 0.130625
12 0.6425 0.5353125 0.09333333333333334 0.133125
12 0.62875 0.4040625 0.09416666666666666 0.128125
12 0.72875 0.4090625 0.09416666666666666 0.126875
12 0.7375 0.5378125 0.09833333333333333 0.126875
12 0.8333333333333334 0.536875 0.09833333333333333 0.1275
12 0.82875 0.409375 0.10083333333333333 0.125
12 0.9241666666666667 0.4071875 0.09666666666666666 0.123125
12 0.9266666666666666 0.5353125 0.09333333333333334 0.125625
12 0.9841666666666666 0.534375 0.028333333333333332 0.125
12 0.9829166666666667 0.4090625 0.030833333333333334 0.124375
12 0.06541666666666666 0.7378125 0.10083333333333333 0.131875
12 0.0725 0.8740625 0.09 0.134375
12 0.16541666666666666 0.871875 0.09083333333333334 0.13625
12 0.18208333333333335 0.7271875 0.08916666666666667 0.125625
12 0.275 0.72625 0.09 0.12375
12 0.2575 0.8703125 0.08833333333333333 0.133125
12 0.3616666666666667 0.8509375 0.08666666666666667 0.121875
12 0.3620833333333333 0.7246875 0.08583333333333333 0.124375
12 0.44875 0.723125 0.0875 0.125
12 0.4483333333333333 0.8515625 0.08833333333333333 0.123125
12 0.5354166666666667 0.849375 0.08583333333333333 0.12625
12 0.5358333333333334 0.7221875 0.08833333333333333 0.129375
12 0.6225 0.7225 0.08333333333333333 0.12625
12 0.6308333333333334 0.8696875 0.095 0.129375
12 0.7208333333333333 0.7434375 0.095 0.129375
12 0.72375 0.8728125 0.0975 0.129375
12 0.8070833333333334 0.7290625 0.0825 0.121875
12 0.8208333333333333 0.8696875 0.09666666666666666 0.129375
12 0.915 0.8678125 0.095 0.125625
12 0.8916666666666667 0.7259375 0.08833333333333333 0.119375
12 0.9670833333333333 0.724375 0.0625 0.1175
12 0.98 0.8653125 0.03833333333333333 0.126875
