12 0.04375 0.860625 0.0825 0.15875
12 0.14541666666666667 0.855625 0.10916666666666666 0.16
12 0.2579166666666667 0.85625 0.11583333333333333 0.16625
12 0.25708333333333333 0.6965625 0.10583333333333333 0.154375
12 0.15291666666666667 0.6978125 0.10916666666666666 0.156875
12 0.049166666666666664 0.4834375 0.08833333333333333 0.151875
12 0.15291666666666667 0.5015625 0.1125 0.116875
12 0.03 0.3315625 0.06 0.155625
12 0.05125 0.110625 0.1025 0.1425
12 0.15958333333333333 0.11375 0.11416666666666667 0.14
12 0.2725 0.1121875 0.11166666666666666 0.141875
12 0.3854166666666667 0.1159375 0.11416666666666667 0.134375
12 0.4975 0.1165625 0.11 0.141875
12 0.60375 0.12 0.10416666666666667 0.14125
12 0.715 0.1203125 0.10833333333333334 0.143125
11 0.8104166666666667 0.13125 0.0925 0.1175
11 0.8891666666666667 0.1303125 0.06833333333333333 0.123125
11 0.9533333333333334 0.1453125 0.06666666666666667 0.095625
11 0.26125 0.505625 0.10583333333333333 0.1075
11 0.3695833333333333 0.5084375 0.10583333333333333 0.110625
11 0.47208333333333335 0.509375 0.10416666666666667 0.10625
11 0.5775 0.5109375 0.11 0.105625
11 0.5954166666666667 0.4078125 0.0725 0.099375
11 0.5983333333333334 0.3075 0.07166666666666667 0.0975
11 0.6908333333333333 0.308125 0.105 0.1025
11 0.685 0.4090625 0.10833333333333334 0.103125
11 0.6870833333333334 0.51375 0.1075 0.105
11 0.7995833333333333 0.51375 0.11416666666666667 0.10625
11 0.795 0.408125 0.11333333333333333 0.1025
11 0.8008333333333333 0.306875 0.10833333333333334 0.10125
11 0.8991666666666667 0.3246875 0.09333333333333334 0.125625
11 0.89875 0.410625 0.08916666666666667 0.05
11 0.8991666666666667 0.5 0.09333333333333334 0.13125
11 0.9675 0.5003125 0.04666666666666667 0.131875
11 0.9666666666666667 0.32375 0.051666666666666666 0.1275
11 0.5945833333333334 0.8446875 0.10083333333333333 0.104375
11 0.7845833333333333 0.844375 0.1025 0.11
11 0.6345833333333334 0.6384375 0.07916666666666666 0.051875
11 0.7091666666666666 0.6384375 0.07833333333333334 0.051875
11 0.6425 0.70875 0.08166666666666667 0.08125
11 0.7175 0.70375 0.07333333333333333 0.08
11 0.805 0.70875 0.07833333333333334 0.08125
11 0.8029166666666666 0.640625 0.08083333333333333 0.05625
11 0.875 0.6403125 0.065 0.051875
11 0.8733333333333333 0.703125 0.06333333333333334 0.07375
11 0.9429166666666666 0.700625 0.0725 0.0775
11 0.9429166666666666 0.6371875 0.0725 0.046875
