10 0.5445833333333333 0.9484375 0.24916666666666668 0.038125
10 0.5495833333333333 0.9225 0.25416666666666665 0.04375
10 0.55 0.8809375 0.25333333333333335 0.040625
10 0.5516666666666666 0.84375 0.26166666666666666 0.0475
10 0.5558333333333333 0.8 0.27166666666666667 0.04625
10 0.5620833333333334 0.7521875 0.2725 0.053125
10 0.5708333333333333 0.7021875 0.27166666666666667 0.045625
10 0.7966666666666666 0.95375 0.255 0.04
10 0.8008333333333333 0.920625 0.25 0.0425
10 0.80875 0.8875 0.2658333333333333 0.04625
10 0.8079166666666666 0.8446875 0.2525 0.046875
10 0.82625 0.8040625 0.2675 0.060625
10 0.8420833333333333 0.755 0.2658333333333333 0.06125
10 0.8395833333333333 0.7065625 0.2658333333333333 0.055625
10 0.8320833333333333 0.6553125 0.2841666666666667 0.051875
10 0.84625 0.60875 0.2941666666666667 0.04625
10 0.8558333333333333 0.56375 0.2816666666666667 0.05
10 0.8566666666666667 0.52375 0.2783333333333333 0.05125
10 0.5595833333333333 0.5315625 0.20916666666666667 0.033125
10 0.2733333333333333 0.9578125 0.255 0.041875
10 0.2783333333333333 0.9253125 0.26666666666666666 0.036875
10 0.29041666666666666 0.886875 0.25083333333333335 0.045
10 0.28 0.841875 0.255 0.04375
10 0.2791666666666667 0.7971875 0.26 0.048125
10 0.26125 0.749375 0.24916666666666668 0.04375
10 0.2579166666666667 0.700625 0.25416666666666665 0.0475
10 0.2529166666666667 0.6515625 0.2658333333333333 0.048125
10 0.25125 0.5984375 0.2675 0.051875
10 0.24083333333333334 0.536875 0.24666666666666667 0.04625
10 0.07208333333333333 0.94625 0.1425 0.04375
10 0.07125 0.9078125 0.13916666666666666 0.033125
10 0.07208333333333333 0.8703125 0.14083333333333334 0.039375
10 0.07125 0.8303125 0.13916666666666666 0.038125
10 0.07375 0.785 0.14416666666666667 0.05
10 0.06333333333333334 0.7321875 0.12666666666666668 0.046875
10 0.06333333333333334 0.6853125 0.125 0.044375
10 0.057916666666666665 0.6371875 0.11416666666666667 0.046875
10 0.057916666666666665 0.5846875 0.11083333333333334 0.049375
10 0.15333333333333332 0.381875 0.17333333333333334 0.02875
10 0.14708333333333334 0.355 0.17583333333333334 0.03125
10 0.13041666666666665 0.319375 0.17416666666666666 0.035
10 0.1225 0.28375 0.17333333333333334 0.035
10 0.11708333333333333 0.250625 0.16916666666666666 0.03625
10 0.11416666666666667 0.2153125 0.18333333333333332 0.039375
10 0.1025 0.1703125 0.17166666666666666 0.044375
10 0.29833333333333334 0.3815625 0.11166666666666666 0.031875
10 0.2825 0.3509375 0.09166666666666666 0.025625
10 0.27708333333333335 0.3225 0.1075 0.025
10 0.27208333333333334 0.2875 0.12083333333333333 0.0375
10 0.2633333333333333 0.2503125 0.11833333333333333 0.040625
10 0.2629166666666667 0.214375 0.12083333333333333 0.035
10 0.565 0.3821875 0.2733333333333333 0.041875
10 0.5666666666666667 0.3415625 0.2833333333333333 0.054375
10 0.5733333333333334 0.294375 0.2733333333333333 0.05
10 0.56875 0.2496875 0.2791666666666667 0.056875
10 0.7129166666666666 0.223125 0.2225 0.0475
10 0.85125 0.3890625 0.2925 0.040625
10 0.85375 0.35375 0.2875 0.065
10 0.855 0.3121875 0.2816666666666667 0.056875
10 0.8545833333333334 0.2675 0.2841666666666667 0.05625
