12 0.07208333333333333 0.1759375 0.1425 0.209375
12 0.23083333333333333 0.173125 0.14666666666666667 0.21125
12 0.38625 0.1703125 0.1525 0.218125
12 0.5479166666666667 0.1665625 0.15416666666666667 0.233125
12 0.075 0.38875 0.14833333333333334 0.21375
12 0.22416666666666665 0.38875 0.15333333333333332 0.21375
12 0.3825 0.3890625 0.15666666666666668 0.211875
12 0.55 0.391875 0.155 0.21625
12 0.7904166666666667 0.1665625 0.16083333333333333 0.219375
12 0.7954166666666667 0.385625 0.15416666666666667 0.21375
12 0.9329166666666666 0.170625 0.12416666666666666 0.21375
12 0.9341666666666667 0.38375 0.11833333333333333 0.21375
12 0.2 0.6809375 0.15166666666666667 0.204375
12 0.065 0.6715625 0.13 0.206875
12 0.0675 0.8778125 0.13333333333333333 0.201875
12 0.20416666666666666 0.883125 0.13833333333333334 0.205
12 0.35 0.888125 0.14166666666666666 0.20375
12 0.49416666666666664 0.889375 0.14333333333333334 0.205
12 0.3491666666666667 0.6803125 0.15166666666666667 0.210625
12 0.49666666666666665 0.680625 0.15 0.2125
12 0.6525 0.684375 0.15666666666666668 0.2125
12 0.6604166666666667 0.89125 0.14583333333333334 0.2
12 0.8175 0.694375 0.14666666666666667 0.2075
12 0.82375 0.896875 0.14916666666666667 0.2025
12 0.9541666666666667 0.8934375 0.08666666666666667 0.195625
12 0.9491666666666667 0.6946875 0.095 0.199375
