10 0.31583333333333335 0.9096875 0.42833333333333334 0.063125
10 0.30041666666666667 0.8534375 0.43416666666666665 0.073125
10 0.29625 0.7921875 0.42583333333333334 0.060625
10 0.30125 0.7246875 0.4175 0.061875
10 0.76125 0.929375 0.4675 0.0625
10 0.7583333333333333 0.8734375 0.4716666666666667 0.069375
10 0.755 0.81375 0.4766666666666667 0.07
10 0.755 0.7453125 0.47 0.066875
10 0.12291666666666666 0.5153125 0.24416666666666667 0.056875
10 0.3933333333333333 0.521875 0.29 0.05
10 0.12583333333333332 0.461875 0.25166666666666665 0.0575
10 0.3933333333333333 0.463125 0.2866666666666667 0.06625
10 0.40041666666666664 0.40375 0.2941666666666667 0.065
10 0.12666666666666668 0.401875 0.25333333333333335 0.0625
10 0.13833333333333334 0.336875 0.27666666666666667 0.07125
10 0.69875 0.5228125 0.32083333333333336 0.055625
10 0.6933333333333334 0.4634375 0.315 0.059375
10 0.7279166666666667 0.4059375 0.3125 0.070625
10 0.66125 0.2853125 0.24916666666666668 0.039375
10 0.415 0.2828125 0.23333333333333334 0.038125
10 0.9275 0.52375 0.14 0.05125
10 0.9233333333333333 0.4671875 0.14833333333333334 0.059375
10 0.9383333333333334 0.4040625 0.11833333333333333 0.059375
10 0.9404166666666667 0.34375 0.11583333333333333 0.0575
10 0.9483333333333334 0.279375 0.09833333333333333 0.06125
