12 0.06875 0.4175 0.07916666666666666 0.1225
12 0.14958333333333335 0.4165625 0.0825 0.119375
12 0.06916666666666667 0.53875 0.06833333333333333 0.11875
12 0.15791666666666668 0.5484375 0.1025 0.145625
12 0.2608333333333333 0.5515625 0.08833333333333333 0.149375
12 0.36041666666666666 0.555 0.11083333333333334 0.16
12 0.4741666666666667 0.5578125 0.10666666666666667 0.156875
12 0.38 0.405625 0.09 0.14125
12 0.4791666666666667 0.405 0.11 0.1475
12 0.5904166666666667 0.4090625 0.10916666666666666 0.158125
12 0.5870833333333333 0.5634375 0.11416666666666667 0.154375
12 0.7 0.5621875 0.11 0.161875
12 0.6995833333333333 0.40375 0.10416666666666667 0.15875
12 0.8104166666666667 0.4075 0.10583333333333333 0.1575
12 0.8091666666666667 0.5653125 0.10666666666666667 0.160625
12 0.92375 0.5678125 0.11416666666666667 0.161875
12 0.9220833333333334 0.4075 0.11583333333333333 0.15625
12 0.13666666666666666 0.9025 0.10166666666666667 0.1625
12 0.04833333333333333 0.89625 0.06 0.16125
12 0.24291666666666667 0.90375 0.10916666666666666 0.165
12 0.25666666666666665 0.755 0.105 0.13625
12 0.3575 0.9065625 0.10833333333333334 0.165625
12 0.4675 0.9109375 0.10333333333333333 0.163125
12 0.3645833333333333 0.75625 0.10583333333333333 0.1325
12 0.4725 0.7625 0.10833333333333334 0.1375
12 0.5816666666666667 0.7646875 0.11 0.138125
12 0.5766666666666667 0.914375 0.10666666666666667 0.165
12 0.6879166666666666 0.9146875 0.1075 0.164375
12 0.6895833333333333 0.7646875 0.1075 0.131875
12 0.7958333333333333 0.769375 0.11333333333333333 0.13125
12 0.795 0.916875 0.11166666666666666 0.16
12 0.9045833333333333 0.916875 0.10916666666666666 0.16125
12 0.9058333333333334 0.7709375 0.10666666666666667 0.131875
12 0.9791666666666666 0.7728125 0.04 0.128125
12 0.98 0.9203125 0.03666666666666667 0.158125
12 0.05625 0.178125 0.10416666666666667 0.14
12 0.06125 0.0540625 0.10916666666666666 0.106875
12 0.17125 0.05375 0.10583333333333333 0.10625
12 0.165 0.1790625 0.11 0.143125
12 0.27958333333333335 0.1796875 0.11416666666666667 0.146875
12 0.28125 0.0540625 0.10916666666666666 0.108125
12 0.3925 0.054375 0.10666666666666667 0.10875
12 0.39125 0.180625 0.1125 0.14625
12 0.5033333333333333 0.181875 0.115 0.1475
12 0.50375 0.055 0.1125 0.1075
12 0.61875 0.056875 0.1125 0.11375
12 0.6175 0.183125 0.11166666666666666 0.14625
12 0.7208333333333333 0.0734375 0.09166666666666666 0.140625
12 0.71625 0.200625 0.08916666666666667 0.11125
12 0.8341666666666666 0.1903125 0.11333333333333333 0.135625
12 0.8191666666666667 0.0659375 0.10333333333333333 0.111875
12 0.9225 0.065 0.105 0.10375
12 0.9441666666666667 0.1903125 0.10666666666666667 0.141875
