6 0.28854166666666664 0.300390625 0.08958333333333333 0.19296875
6 0.35052083333333334 0.2984375 0.08645833333333333 0.190625
6 0.425 0.302734375 0.06041666666666667 0.17734375
6 0.8125 0.30078125 0.06458333333333334 0.1953125
6 0.14947916666666666 0.536328125 0.06354166666666666 0.15703125
5 0.14583333333333334 0.301953125 0.08541666666666667 0.18359375
5 0.22083333333333333 0.30078125 0.07916666666666666 0.1765625
5 0.09322916666666667 0.537890625 0.06979166666666667 0.16328125
5 0.3098958333333333 0.53515625 0.06979166666666667 0.1625
5 0.3776041666666667 0.53515625 0.065625 0.1640625
5 0.446875 0.53671875 0.06875 0.16875
5 0.5114583333333333 0.5375 0.06666666666666667 0.171875
5 0.6359375 0.541796875 0.059375 0.16015625
5 0.6994791666666667 0.54765625 0.071875 0.159375
5 0.6130208333333333 0.29453125 0.065625 0.2046875
5 0.6796875 0.292578125 0.065625 0.20546875
5 0.7411458333333333 0.294921875 0.057291666666666664 0.19609375
5 0.9114583333333334 0.29140625 0.06666666666666667 0.2125
6 0.10625 0.9265625 0.07291666666666667 0.115625
6 0.17291666666666666 0.932421875 0.06458333333333334 0.11640625
6 0.23229166666666667 0.93046875 0.06666666666666667 0.1234375
6 0.29010416666666666 0.928515625 0.06354166666666666 0.12578125
6 0.35 0.92890625 0.06666666666666667 0.1265625
6 0.4140625 0.93203125 0.065625 0.1296875
6 0.48125 0.93125 0.0625 0.1265625
6 0.5395833333333333 0.934375 0.06875 0.11875
6 0.9489583333333333 0.538671875 0.0625 0.18515625
6 0.840625 0.548046875 0.05416666666666667 0.15546875
6 0.8921875 0.54609375 0.059375 0.159375
6 0.7744791666666667 0.56328125 0.071875 0.125
