13 0.365 0.1446875 0.15333333333333332 0.114375
13 0.5270833333333333 0.1171875 0.17416666666666666 0.159375
13 0.75625 0.133125 0.20083333333333334 0.13875
13 0.8029166666666666 0.3890625 0.16416666666666666 0.203125
13 0.1475 0.834375 0.27166666666666667 0.03625
13 0.32458333333333333 0.8025 0.3075 0.03375
13 0.08 0.8709375 0.15333333333333332 0.041875
13 0.30041666666666667 0.8734375 0.29083333333333333 0.048125
13 0.13041666666666665 0.9171875 0.2608333333333333 0.049375
13 0.3525 0.9175 0.18166666666666667 0.04375
13 0.285 0.9621875 0.31333333333333335 0.048125
13 0.06333333333333334 0.9621875 0.12666666666666668 0.049375
13 0.58 0.956875 0.275 0.04125
13 0.8070833333333334 0.9528125 0.17916666666666667 0.049375
13 0.9475 0.9575 0.1 0.0425
13 0.5316666666666666 0.9153125 0.185 0.039375
13 0.7629166666666667 0.909375 0.2808333333333333 0.0425
13 0.9470833333333334 0.9153125 0.09083333333333334 0.036875
13 0.9483333333333334 0.8775 0.09166666666666666 0.03625
13 0.8154166666666667 0.866875 0.1775 0.04
13 0.5854166666666667 0.869375 0.2791666666666667 0.0375
13 0.6341666666666667 0.8284375 0.29833333333333334 0.036875
13 0.8841666666666667 0.82375 0.20833333333333334 0.04875
13 0.8833333333333333 0.7846875 0.21166666666666667 0.031875
13 0.63125 0.79125 0.2991666666666667 0.03875
13 0.42625 0.379375 0.2125 0.22375
13 0.62625 0.4103125 0.18416666666666667 0.155625
