10 0.09708333333333333 0.9853125 0.18916666666666668 0.021875
10 0.2975 0.98375 0.2 0.03
10 0.49875 0.978125 0.19583333333333333 0.03375
10 0.695 0.976875 0.18666666666666668 0.02625
10 0.88625 0.98375 0.18583333333333332 0.025
10 0.0975 0.9525 0.19 0.03625
10 0.2945833333333333 0.9525 0.20083333333333334 0.03875
10 0.49916666666666665 0.9453125 0.2 0.040625
10 0.09458333333333334 0.916875 0.18583333333333332 0.04
10 0.29333333333333333 0.9165625 0.20333333333333334 0.034375
10 0.29583333333333334 0.88125 0.20666666666666667 0.04625
10 0.1 0.8825 0.19666666666666666 0.0425
10 0.09791666666666667 0.8475 0.19416666666666665 0.03625
10 0.09541666666666666 0.809375 0.18916666666666668 0.03875
10 0.30125 0.8453125 0.21416666666666667 0.035625
10 0.30083333333333334 0.8109375 0.215 0.039375
10 0.30541666666666667 0.780625 0.20583333333333334 0.0325
10 0.31125 0.7490625 0.20916666666666667 0.036875
10 0.31166666666666665 0.708125 0.215 0.04
10 0.315 0.6703125 0.215 0.030625
10 0.10458333333333333 0.6621875 0.2075 0.036875
10 0.10125 0.7003125 0.20083333333333334 0.035625
10 0.10125 0.7378125 0.20083333333333334 0.039375
10 0.10083333333333333 0.7725 0.19666666666666666 0.0325
10 0.5058333333333334 0.911875 0.21333333333333335 0.03375
10 0.515 0.8803125 0.21166666666666667 0.031875
10 0.5104166666666666 0.84625 0.20583333333333334 0.03625
10 0.5120833333333333 0.8075 0.20916666666666667 0.03625
10 0.5141666666666667 0.779375 0.205 0.0375
10 0.52 0.746875 0.20666666666666667 0.03625
10 0.6983333333333334 0.94125 0.19333333333333333 0.04
10 0.7083333333333334 0.9065625 0.18833333333333332 0.039375
10 0.71125 0.87125 0.19416666666666665 0.0425
10 0.7108333333333333 0.8365625 0.19333333333333333 0.039375
10 0.7166666666666667 0.79875 0.19833333333333333 0.0375
10 0.7108333333333333 0.7684375 0.19666666666666666 0.034375
10 0.71875 0.7375 0.2025 0.03625
10 0.66875 0.595 0.15916666666666668 0.045
10 0.66625 0.629375 0.15083333333333335 0.03125
10 0.8325 0.5675 0.15166666666666667 0.03375
10 0.8291666666666667 0.6025 0.16166666666666665 0.03375
10 0.8258333333333333 0.6284375 0.165 0.030625
10 0.9041666666666667 0.771875 0.175 0.04125
10 0.9091666666666667 0.7309375 0.175 0.039375
10 0.15 0.265 0.12 0.125
10 0.2995833333333333 0.3190625 0.12416666666666666 0.016875
10 0.2995833333333333 0.3003125 0.12083333333333333 0.024375
10 0.29875 0.278125 0.12416666666666666 0.0225
10 0.30083333333333334 0.2546875 0.12166666666666667 0.028125
10 0.30541666666666667 0.2296875 0.1225 0.029375
10 0.4191666666666667 0.2565625 0.115 0.029375
10 0.4216666666666667 0.283125 0.12 0.03125
10 0.41875 0.3040625 0.1175 0.025625
10 0.41791666666666666 0.3221875 0.11416666666666667 0.019375
10 0.5954166666666667 0.269375 0.10416666666666667 0.125
10 0.51 0.3240625 0.07 0.016875
10 0.5116666666666667 0.3034375 0.06666666666666667 0.023125
10 0.705 0.2746875 0.11333333333333333 0.118125
10 0.8004166666666667 0.2825 0.0825 0.1025
10 0.8808333333333334 0.32625 0.08166666666666667 0.01625
10 0.8816666666666667 0.314375 0.08333333333333333 0.01625
10 0.8804166666666666 0.2975 0.08583333333333333 0.0175
10 0.8829166666666667 0.2853125 0.08583333333333333 0.019375
10 0.885 0.2671875 0.085 0.024375
10 0.88875 0.2496875 0.08916666666666667 0.024375
10 0.8858333333333334 0.228125 0.09166666666666666 0.01875
10 0.9654166666666667 0.254375 0.06583333333333333 0.02625
10 0.9633333333333334 0.2725 0.07 0.02
10 0.9625 0.2878125 0.07 0.018125
10 0.96 0.305 0.07333333333333333 0.01875
10 0.9579166666666666 0.3190625 0.07583333333333334 0.013125
10 0.13958333333333334 0.08625 0.12583333333333332 0.1275
10 0.2608333333333333 0.0878125 0.11666666666666667 0.128125
10 0.3745833333333333 0.090625 0.1175 0.12875
10 0.4891666666666667 0.0909375 0.11666666666666667 0.126875
10 0.605 0.093125 0.11333333333333333 0.12875
10 0.7183333333333334 0.1009375 0.115 0.119375
10 0.8245833333333333 0.1121875 0.1075 0.101875
10 0.9270833333333334 0.1125 0.10583333333333333 0.10625
10 0.6791666666666667 0.01625 0.11666666666666667 0.025
10 0.55875 0.015625 0.12083333333333333 0.02875
10 0.43166666666666664 0.014375 0.13 0.02375
10 0.30875 0.0128125 0.1125 0.025625
