10 0.53625 0.910625 0.29583333333333334 0.04375
10 0.8458333333333333 0.9134375 0.3 0.039375
10 0.84625 0.8740625 0.2975 0.038125
10 0.6508333333333334 0.594375 0.315 0.03875
10 0.6479166666666667 0.558125 0.3175 0.03875
10 0.6470833333333333 0.5134375 0.30583333333333335 0.046875
10 0.9033333333333333 0.5909375 0.19 0.038125
10 0.9025 0.5521875 0.19333333333333333 0.041875
10 0.9004166666666666 0.511875 0.1975 0.03875
10 0.8941666666666667 0.4309375 0.19166666666666668 0.036875
10 0.8870833333333333 0.3896875 0.20416666666666666 0.041875
10 0.3358333333333333 0.591875 0.31166666666666665 0.04
10 0.33416666666666667 0.5571875 0.30833333333333335 0.033125
10 0.3358333333333333 0.516875 0.31666666666666665 0.035
10 0.32958333333333334 0.475 0.31583333333333335 0.035
10 0.32708333333333334 0.44 0.31583333333333335 0.02875
10 0.32916666666666666 0.4040625 0.31333333333333335 0.038125
10 0.08416666666666667 0.595 0.165 0.0375
10 0.08333333333333333 0.555 0.15833333333333333 0.03875
10 0.08291666666666667 0.5146875 0.1575 0.040625
10 0.08458333333333333 0.47375 0.15916666666666668 0.04
10 0.08416666666666667 0.43375 0.15333333333333332 0.04125
10 0.08708333333333333 0.3909375 0.1575 0.036875
10 0.88875 0.0990625 0.19916666666666666 0.044375
10 0.8916666666666667 0.1409375 0.20166666666666666 0.043125
10 0.8891666666666667 0.176875 0.195 0.03625
10 0.895 0.2125 0.2 0.045
10 0.895 0.245 0.19833333333333333 0.04125
10 0.6341666666666667 0.116875 0.31333333333333335 0.045
10 0.63375 0.15625 0.31583333333333335 0.045
10 0.6358333333333334 0.191875 0.31833333333333336 0.05
10 0.6379166666666667 0.2321875 0.31583333333333335 0.046875
10 0.6379166666666667 0.2646875 0.31916666666666665 0.035625
10 0.3104166666666667 0.046875 0.32083333333333336 0.03625
10 0.3129166666666667 0.083125 0.3175 0.03875
10 0.3120833333333333 0.1171875 0.32083333333333336 0.044375
10 0.3129166666666667 0.156875 0.32416666666666666 0.04
10 0.31333333333333335 0.191875 0.3233333333333333 0.045
10 0.31666666666666665 0.2284375 0.32666666666666666 0.043125
10 0.315 0.2621875 0.32666666666666666 0.039375
10 0.07 0.0440625 0.14 0.035625
10 0.07083333333333333 0.078125 0.14 0.0375
10 0.06958333333333333 0.1153125 0.13916666666666666 0.036875
10 0.0675 0.1496875 0.135 0.036875
10 0.06875 0.1884375 0.13416666666666666 0.040625
10 0.07 0.2284375 0.13666666666666666 0.044375
10 0.07041666666666667 0.263125 0.14083333333333334 0.035
