4  0.16875 0.07421875 0.041666666666666664 0.084375
4  0.20364583333333333 0.07109375 0.04479166666666667 0.0765625
4  0.3578125 0.154296875 0.042708333333333334 0.08984375
4  0.3953125 0.145703125 0.04479166666666667 0.09765625
4  0.44114583333333335 0.137890625 0.057291666666666664 0.10078125
4  0.2911458333333333 0.27109375 0.053125 0.078125
4  0.35104166666666664 0.266015625 0.03958333333333333 0.08515625
4  0.38645833333333335 0.2640625 0.04791666666666667 0.0828125
4  0.42552083333333335 0.260546875 0.04895833333333333 0.08359375
4  0.5192708333333333 0.138671875 0.053125 0.08515625
4  0.5838541666666667 0.1234375 0.059375 0.1
4  0.6328125 0.11484375 0.053125 0.103125
4  0.7385416666666667 0.1 0.06875 0.1109375
4  0.68125 0.112109375 0.058333333333333334 0.10546875
4  0.7953125 0.09453125 0.06354166666666666 0.1140625
4  0.253125 0.272265625 0.04375 0.08046875
4  0.20104166666666667 0.369140625 0.04791666666666667 0.07578125
4  0.2625 0.369140625 0.04583333333333333 0.07578125
4  0.38229166666666664 0.366015625 0.04375 0.07734375
4  0.41875 0.36796875 0.03958333333333333 0.078125
4  0.453125 0.36328125 0.03958333333333333 0.0859375
4  0.4895833333333333 0.363671875 0.04375 0.08515625
4  0.209375 0.4609375 0.04375 0.0765625
4  0.24479166666666666 0.462109375 0.041666666666666664 0.08046875
4  0.30625 0.46015625 0.04791666666666667 0.071875
4  0.3609375 0.461328125 0.040625 0.07890625
4  0.41354166666666664 0.46953125 0.04375 0.0828125
4  0.453125 0.471484375 0.04375 0.08359375
4  0.49114583333333334 0.471875 0.046875 0.090625
4  0.5333333333333333 0.474609375 0.04791666666666667 0.08671875
4  0.5739583333333333 0.476171875 0.04375 0.08828125
4  0.6208333333333333 0.475390625 0.05416666666666667 0.09140625
4  0.6734375 0.47421875 0.059375 0.0984375
4  0.7338541666666667 0.470703125 0.04895833333333333 0.09453125
4  0.7807291666666667 0.4796875 0.05520833333333333 0.1
4  0.8380208333333333 0.480859375 0.059375 0.10234375
4  0.8973958333333333 0.474609375 0.04895833333333333 0.09921875
4  0.21822916666666667 0.553515625 0.03854166666666667 0.07109375
4  0.24739583333333334 0.55546875 0.03854166666666667 0.0703125
4  0.2796875 0.55859375 0.03854166666666667 0.075
4  0.315625 0.558203125 0.041666666666666664 0.07734375
4  0.4270833333333333 0.56796875 0.04375 0.0765625
4  0.4635416666666667 0.571875 0.041666666666666664 0.0765625
4  0.5026041666666666 0.573046875 0.040625 0.08359375
4  0.5421875 0.576953125 0.046875 0.08984375
4  0.5817708333333333 0.581640625 0.051041666666666666 0.08359375
4  0.6286458333333333 0.58515625 0.051041666666666666 0.090625
4  0.675 0.587890625 0.052083333333333336 0.08984375
4  0.7265625 0.591796875 0.053125 0.09140625
4  0.7739583333333333 0.596875 0.05625 0.0984375
4  0.8333333333333334 0.6046875 0.05416666666666667 0.090625
4  0.8864583333333333 0.60234375 0.05416666666666667 0.0984375
4  0.11197916666666667 0.380859375 0.034375 0.06171875
4  0.08802083333333334 0.380859375 0.028125 0.06171875
4  0.06614583333333333 0.38046875 0.03229166666666667 0.0625
4  0.04479166666666667 0.38203125 0.029166666666666667 0.059375
4  0.034895833333333334 0.29453125 0.026041666666666668 0.0625
4  0.05520833333333333 0.29296875 0.03125 0.0640625
4  0.07916666666666666 0.292578125 0.027083333333333334 0.06171875
4  0.10052083333333334 0.29140625 0.030208333333333334 0.0609375
4  0.035416666666666666 0.19765625 0.041666666666666664 0.071875
4  0.04739583333333333 0.46171875 0.036458333333333336 0.05625
4  0.0734375 0.46171875 0.023958333333333335 0.05625
4  0.09114583333333333 0.464453125 0.028125 0.05859375
4  0.13177083333333334 0.54765625 0.030208333333333334 0.0609375
4  0.09791666666666667 0.54375 0.035416666666666666 0.059375
4  0.06770833333333333 0.54375 0.03333333333333333 0.059375
4  0.04375 0.543359375 0.029166666666666667 0.05859375
4 0.640625 0.728515625 0.06875 0.16640625
4 0.7057291666666666 0.725 0.059375 0.1453125
4 0.5182291666666666 0.7015625 0.057291666666666664 0.1375
4 0.5739583333333333 0.719921875 0.0625 0.15703125
4 0.36822916666666666 0.69140625 0.06145833333333333 0.1390625
4 0.421875 0.680078125 0.052083333333333336 0.10859375
4 0.46875 0.683984375 0.04583333333333333 0.11171875
4 0.24270833333333333 0.85234375 0.06041666666666667 0.153125
4 0.3109375 0.859765625 0.04895833333333333 0.11640625
4 0.36354166666666665 0.87265625 0.06041666666666667 0.159375
4 0.42083333333333334 0.86875 0.052083333333333336 0.140625
4 0.4671875 0.89609375 0.059375 0.1640625
4 0.5291666666666667 0.916796875 0.06041666666666667 0.15234375
4 0.590625 0.919140625 0.05625 0.15234375
4 0.049479166666666664 0.816015625 0.053125 0.14140625
4 0.10260416666666666 0.821875 0.06145833333333333 0.146875
4 0.05416666666666667 0.6484375 0.0625 0.128125
4 0.13645833333333332 0.652734375 0.05 0.11953125
4 0.3 0.676953125 0.04791666666666667 0.10546875
