10 0.0875 0.1303125 0.16666666666666666 0.038125
10 0.08416666666666667 0.16875 0.16333333333333333 0.0375
10 0.07791666666666666 0.203125 0.1475 0.03875
10 0.07833333333333334 0.236875 0.15 0.03625
10 0.07875 0.26875 0.15416666666666667 0.035
10 0.07791666666666666 0.2959375 0.15083333333333335 0.030625
10 0.28875 0.29625 0.22916666666666666 0.035
10 0.28833333333333333 0.2665625 0.23166666666666666 0.043125
10 0.2875 0.235 0.22666666666666666 0.0375
10 0.29083333333333333 0.205625 0.23166666666666666 0.03375
10 0.29 0.180625 0.23333333333333334 0.0325
10 0.2891666666666667 0.1459375 0.22833333333333333 0.034375
10 0.5366666666666666 0.300625 0.25 0.035
10 0.5329166666666667 0.271875 0.2475 0.0325
10 0.53125 0.239375 0.2425 0.0325
10 0.53375 0.2071875 0.2425 0.033125
10 0.5341666666666667 0.174375 0.235 0.0275
10 0.53125 0.1434375 0.2475 0.031875
10 0.78625 0.304375 0.25583333333333336 0.03625
10 0.7879166666666667 0.27125 0.2608333333333333 0.0275
10 0.7883333333333333 0.243125 0.26 0.0275
10 0.78875 0.213125 0.2658333333333333 0.02875
10 0.7858333333333334 0.1825 0.26166666666666666 0.02875
10 0.7854166666666667 0.1478125 0.2575 0.039375
10 0.4404166666666667 0.5428125 0.23083333333333333 0.035625
10 0.42333333333333334 0.5175 0.215 0.035
10 0.42625 0.485 0.2175 0.03625
10 0.43166666666666664 0.4528125 0.225 0.041875
10 0.44 0.4175 0.21333333333333335 0.0425
10 0.21583333333333332 0.54 0.22833333333333333 0.0375
10 0.21083333333333334 0.5125 0.21 0.03
10 0.20666666666666667 0.485625 0.215 0.03625
10 0.20708333333333334 0.455 0.21916666666666668 0.0425
10 0.20916666666666667 0.4275 0.22833333333333333 0.03625
10 0.20166666666666666 0.3959375 0.23333333333333334 0.039375
10 0.06291666666666666 0.73375 0.1175 0.03625
10 0.06 0.701875 0.11 0.0275
10 0.059583333333333335 0.67625 0.11083333333333334 0.0275
10 0.0625 0.6496875 0.115 0.028125
10 0.0575 0.6228125 0.105 0.028125
10 0.2375 0.7446875 0.20666666666666667 0.034375
10 0.22958333333333333 0.716875 0.20416666666666666 0.02875
10 0.22375 0.689375 0.19583333333333333 0.0325
10 0.22416666666666665 0.661875 0.2 0.03125
10 0.22666666666666666 0.629375 0.21666666666666667 0.03125
10 0.22708333333333333 0.5984375 0.2225 0.030625
10 0.45 0.7534375 0.215 0.041875
10 0.4504166666666667 0.7228125 0.22416666666666665 0.033125
10 0.4504166666666667 0.6903125 0.22083333333333333 0.036875
10 0.4475 0.65625 0.22333333333333333 0.03375
10 0.6783333333333333 0.76875 0.22333333333333333 0.04
10 0.6879166666666666 0.74375 0.23083333333333333 0.04625
10 0.6854166666666667 0.714375 0.23083333333333333 0.0475
10 0.9058333333333334 0.778125 0.185 0.04
10 0.9045833333333333 0.74875 0.18916666666666668 0.03375
10 0.9070833333333334 0.72375 0.18416666666666667 0.04
10 0.9083333333333333 0.694375 0.18 0.03625
10 0.9208333333333333 0.664375 0.15666666666666668 0.03
10 0.8941666666666667 0.5575 0.19666666666666666 0.03875
10 0.06291666666666666 0.025625 0.12583333333333332 0.0275
10 0.26375 0.025 0.2625 0.02875
10 0.5341666666666667 0.016875 0.255 0.0275
10 0.8041666666666667 0.015625 0.285 0.025
10 0.07833333333333334 0.9190625 0.155 0.038125
10 0.07291666666666667 0.89 0.14583333333333334 0.0375
10 0.07875 0.8640625 0.1525 0.040625
10 0.07333333333333333 0.8365625 0.14166666666666666 0.038125
10 0.2675 0.9328125 0.19 0.041875
10 0.27291666666666664 0.9053125 0.1975 0.041875
10 0.27166666666666667 0.8784375 0.19 0.029375
10 0.25083333333333335 0.8340625 0.16833333333333333 0.048125
10 0.4875 0.949375 0.20166666666666666 0.03125
10 0.4866666666666667 0.921875 0.19666666666666666 0.0375
10 0.49541666666666667 0.8971875 0.21416666666666667 0.033125
10 0.49083333333333334 0.87 0.21 0.0375
10 0.4895833333333333 0.84 0.2125 0.03875
10 0.7158333333333333 0.86 0.225 0.03625
10 0.7254166666666667 0.8875 0.2225 0.04
10 0.7191666666666666 0.9175 0.21166666666666667 0.04125
10 0.7158333333333333 0.94125 0.20166666666666666 0.03125
10 0.71125 0.961875 0.19916666666666666 0.02875
10 0.9141666666666667 0.9725 0.165 0.02875
10 0.9208333333333333 0.948125 0.15 0.03125
10 0.9220833333333334 0.92375 0.14916666666666667 0.03375
10 0.9225 0.89375 0.14833333333333334 0.03625
10 0.9204166666666667 0.86125 0.1525 0.0375
