11 0.2633333333333333 0.9346875 0.10166666666666667 0.096875
11 0.35875 0.935 0.09916666666666667 0.09
11 0.35541666666666666 0.8409375 0.0975 0.096875
11 0.25666666666666665 0.836875 0.09666666666666666 0.09875
11 0.25375 0.7371875 0.0975 0.098125
11 0.35541666666666666 0.740625 0.10083333333333333 0.095
11 0.4529166666666667 0.7665625 0.09916666666666667 0.044375
11 0.4558333333333333 0.8378125 0.10166666666666667 0.094375
11 0.4583333333333333 0.9353125 0.09666666666666666 0.089375
11 0.5570833333333334 0.9315625 0.09916666666666667 0.096875
11 0.6529166666666667 0.9284375 0.09583333333333334 0.098125
11 0.75125 0.92875 0.09916666666666667 0.1
11 0.7445833333333334 0.81 0.0975 0.09125
11 0.6508333333333334 0.8121875 0.09333333333333334 0.090625
11 0.5575 0.8128125 0.09166666666666666 0.089375
11 0.56 0.7271875 0.09333333333333334 0.078125
11 0.6516666666666666 0.728125 0.095 0.075
11 0.74625 0.7265625 0.10416666666666667 0.075625
11 0.2604166666666667 0.4828125 0.10416666666666667 0.099375
11 0.2625 0.5846875 0.105 0.101875
11 0.36375 0.581875 0.1025 0.09875
11 0.3595833333333333 0.4809375 0.10083333333333333 0.099375
11 0.46166666666666667 0.4809375 0.1 0.100625
11 0.46166666666666667 0.5821875 0.1 0.099375
11 0.5645833333333333 0.58 0.1025 0.10125
11 0.56125 0.4796875 0.10416666666666667 0.098125
11 0.6616666666666666 0.4784375 0.10333333333333333 0.101875
11 0.7633333333333333 0.4784375 0.1 0.103125
11 0.76375 0.580625 0.09916666666666667 0.10125
11 0.6666666666666666 0.5809375 0.1 0.103125
11 0.27166666666666667 0.1178125 0.10166666666666667 0.096875
11 0.26875 0.2178125 0.10416666666666667 0.098125
11 0.37375 0.216875 0.10583333333333333 0.09875
11 0.3720833333333333 0.1175 0.10416666666666667 0.1
11 0.47333333333333333 0.1115625 0.10666666666666667 0.103125
11 0.4775 0.215625 0.10833333333333334 0.10375
11 0.5829166666666666 0.2140625 0.10583333333333333 0.100625
11 0.5795833333333333 0.113125 0.1075 0.1
11 0.7966666666666666 0.114375 0.105 0.10125
11 0.6879166666666666 0.1109375 0.10583333333333333 0.103125
11 0.7970833333333334 0.2140625 0.10916666666666666 0.101875
11 0.6895833333333333 0.2134375 0.10583333333333333 0.100625
12 0.058333333333333334 0.2 0.11166666666666666 0.14125
12 0.05541666666666667 0.063125 0.10583333333333333 0.125
12 0.16416666666666666 0.06375 0.11 0.12375
12 0.165 0.1978125 0.105 0.141875
12 0.07541666666666667 0.42875 0.0975 0.1325
12 0.17 0.4271875 0.09333333333333334 0.133125
12 0.052083333333333336 0.56875 0.10083333333333333 0.13875
12 0.1525 0.569375 0.10833333333333334 0.13875
12 0.059583333333333335 0.78 0.10416666666666667 0.1375
12 0.15666666666666668 0.7778125 0.10333333333333333 0.136875
12 0.16375 0.9115625 0.10083333333333333 0.135625
12 0.060833333333333336 0.9128125 0.10166666666666667 0.133125
