11 0.3575 0.9078125 0.14166666666666666 0.154375
11 0.5025 0.9046875 0.14666666666666667 0.163125
11 0.64875 0.908125 0.14916666666666667 0.14875
11 0.3720833333333333 0.7403125 0.1375 0.136875
11 0.5054166666666666 0.740625 0.12916666666666668 0.14
11 0.6391666666666667 0.7384375 0.13333333333333333 0.139375
11 0.3804166666666667 0.60125 0.13083333333333333 0.13375
11 0.5054166666666666 0.6040625 0.12416666666666666 0.134375
11 0.6229166666666667 0.631875 0.10083333333333333 0.0575
11 0.7925 0.9071875 0.14333333333333334 0.154375
11 0.9283333333333333 0.9075 0.13 0.15125
11 0.7929166666666667 0.7590625 0.14416666666666667 0.146875
11 0.7995833333333333 0.6121875 0.14416666666666667 0.146875
11 0.93375 0.6159375 0.12916666666666668 0.145625
11 0.9341666666666667 0.7596875 0.13 0.146875
11 0.3875 0.1059375 0.14 0.136875
11 0.5258333333333334 0.1046875 0.13666666666666666 0.140625
11 0.5254166666666666 0.2475 0.13583333333333333 0.14625
11 0.385 0.245625 0.13833333333333334 0.1425
11 0.38166666666666665 0.38875 0.13666666666666666 0.14125
11 0.5241666666666667 0.3903125 0.14 0.141875
11 0.6608333333333334 0.3915625 0.14 0.140625
11 0.665 0.24875 0.135 0.14375
11 0.66375 0.146875 0.14083333333333334 0.0675
11 0.78625 0.15375 0.11916666666666667 0.12875
11 0.9091666666666667 0.1575 0.12 0.12875
11 0.7879166666666667 0.2696875 0.11916666666666667 0.114375
11 0.9116666666666666 0.273125 0.12833333333333333 0.11
11 0.805 0.395 0.14333333333333334 0.14375
11 0.935 0.3971875 0.12833333333333333 0.138125
12 0.10291666666666667 0.168125 0.1425 0.18375
12 0.24583333333333332 0.173125 0.13833333333333334 0.18625
12 0.24041666666666667 0.361875 0.14416666666666667 0.19125
12 0.08625 0.358125 0.14916666666666667 0.19125
12 0.06958333333333333 0.881875 0.1325 0.21
12 0.20833333333333334 0.8828125 0.145 0.208125
12 0.21583333333333332 0.6771875 0.145 0.199375
12 0.07291666666666667 0.6725 0.14083333333333334 0.2025
