12 0.11041666666666666 0.8253125 0.08083333333333333 0.120625
12 0.03333333333333333 0.8284375 0.06666666666666667 0.125625
12 0.0325 0.9453125 0.065 0.105625
12 0.10416666666666667 0.94375 0.08 0.10875
12 0.18625 0.9471875 0.08583333333333333 0.100625
12 0.27166666666666667 0.94875 0.08333333333333333 0.10125
12 0.18958333333333333 0.831875 0.0775 0.125
12 0.26875 0.8340625 0.07916666666666666 0.128125
12 0.3545833333333333 0.8278125 0.08416666666666667 0.121875
12 0.3566666666666667 0.945 0.085 0.10875
12 0.4429166666666667 0.945 0.08583333333333333 0.10875
12 0.44416666666666665 0.826875 0.08333333333333333 0.12375
12 0.5295833333333333 0.8271875 0.08416666666666667 0.123125
12 0.5279166666666667 0.94 0.0875 0.0925
12 0.615 0.944375 0.08666666666666667 0.105
12 0.6133333333333333 0.8275 0.08666666666666667 0.12
12 0.6970833333333334 0.8215625 0.0875 0.113125
12 0.7004166666666667 0.9446875 0.08583333333333333 0.105625
12 0.7866666666666666 0.945 0.08666666666666667 0.105
12 0.7816666666666666 0.8259375 0.09 0.123125
12 0.8641666666666666 0.82625 0.095 0.1225
12 0.8741666666666666 0.943125 0.085 0.1075
12 0.9545833333333333 0.9446875 0.07916666666666666 0.104375
12 0.9470833333333334 0.8265625 0.09083333333333334 0.121875
12 0.10791666666666666 0.555625 0.07916666666666666 0.11
12 0.034583333333333334 0.5534375 0.0625 0.105625
12 0.029166666666666667 0.664375 0.058333333333333334 0.115
12 0.10333333333333333 0.665625 0.08 0.11125
12 0.18625 0.664375 0.08083333333333333 0.115
12 0.2675 0.6625 0.08166666666666667 0.11625
12 0.18833333333333332 0.5471875 0.07833333333333334 0.114375
12 0.2683333333333333 0.55125 0.07833333333333334 0.10625
12 0.34875 0.5590625 0.07916666666666666 0.105625
12 0.34708333333333335 0.665625 0.08416666666666667 0.10625
12 0.43375 0.6615625 0.0825 0.116875
12 0.43 0.5459375 0.08166666666666667 0.113125
12 0.51 0.5453125 0.08333333333333333 0.115625
12 0.515 0.6621875 0.08166666666666667 0.120625
12 0.5895833333333333 0.5446875 0.08583333333333333 0.114375
12 0.5970833333333333 0.6621875 0.08583333333333333 0.121875
12 0.67 0.5453125 0.085 0.115625
12 0.6791666666666667 0.6625 0.08833333333333333 0.1175
12 0.7529166666666667 0.543125 0.0875 0.1175
12 0.76375 0.663125 0.0875 0.12
12 0.8375 0.54375 0.08833333333333333 0.11625
12 0.8475 0.6621875 0.09 0.119375
12 0.9325 0.6621875 0.08666666666666667 0.119375
12 0.9216666666666666 0.54125 0.08833333333333333 0.11875
12 0.07291666666666667 0.3725 0.07583333333333334 0.11
12 0.15125 0.37 0.08083333333333333 0.10625
12 0.07375 0.2640625 0.07916666666666666 0.105625
12 0.14958333333333335 0.264375 0.0775 0.105
12 0.22458333333333333 0.263125 0.07416666666666667 0.105
12 0.23 0.37 0.08 0.11
12 0.3070833333333333 0.37125 0.08083333333333333 0.1075
12 0.2970833333333333 0.263125 0.07583333333333334 0.105
12 0.37083333333333335 0.2596875 0.07833333333333334 0.103125
12 0.38333333333333336 0.37 0.08 0.11125
12 0.4608333333333333 0.365625 0.08333333333333333 0.11125
12 0.5433333333333333 0.3653125 0.08166666666666667 0.106875
12 0.46541666666666665 0.2628125 0.0725 0.091875
12 0.545 0.256875 0.08 0.10625
12 0.6245833333333334 0.2553125 0.08083333333333333 0.106875
12 0.6229166666666667 0.364375 0.0775 0.10625
12 0.7033333333333334 0.3634375 0.08333333333333333 0.109375
12 0.70125 0.2521875 0.08083333333333333 0.108125
12 0.7791666666666667 0.2515625 0.08333333333333333 0.105625
12 0.7820833333333334 0.3609375 0.0875 0.109375
12 0.8654166666666666 0.3596875 0.0875 0.109375
12 0.8620833333333333 0.250625 0.08583333333333333 0.10625
12 0.9420833333333334 0.25 0.0825 0.10625
12 0.9458333333333333 0.358125 0.08666666666666667 0.11
12 0.08333333333333333 0.1275 0.07333333333333333 0.09875
12 0.02375 0.1290625 0.0475 0.098125
12 0.15916666666666668 0.1253125 0.08 0.103125
12 0.08916666666666667 0.0384375 0.07333333333333333 0.076875
12 0.16333333333333333 0.0375 0.075 0.06875
12 0.24041666666666667 0.034375 0.07583333333333334 0.06875
12 0.2375 0.12375 0.08 0.1025
12 0.3175 0.1221875 0.08166666666666667 0.099375
12 0.31875 0.0340625 0.07416666666666667 0.068125
12 0.3958333333333333 0.0346875 0.08 0.060625
12 0.40208333333333335 0.1178125 0.08583333333333333 0.104375
12 0.495 0.1215625 0.08 0.089375
12 0.4875 0.036875 0.07666666666666666 0.07
12 0.5704166666666667 0.0396875 0.0775 0.074375
12 0.5770833333333333 0.1225 0.08416666666666667 0.0925
12 0.6525 0.03875 0.08 0.0725
12 0.6595833333333333 0.1225 0.0825 0.09
12 0.7408333333333333 0.12 0.08333333333333333 0.09125
12 0.73375 0.0353125 0.08083333333333333 0.070625
12 0.8129166666666666 0.0353125 0.07916666666666666 0.069375
12 0.8229166666666666 0.118125 0.0825 0.09125
12 0.8983333333333333 0.1171875 0.08666666666666667 0.090625
12 0.89375 0.035 0.08083333333333333 0.06875
12 0.9658333333333333 0.035625 0.065 0.0675
12 0.9675 0.1140625 0.06 0.094375
