12 0.18958333333333333 0.2903125 0.1125 0.169375
12 0.295 0.291875 0.12 0.17375
12 0.050833333333333335 0.2896875 0.10166666666666667 0.175625
12 0.06958333333333333 0.459375 0.0975 0.16125
12 0.19791666666666666 0.4509375 0.11583333333333333 0.151875
12 0.2975 0.4525 0.105 0.15375
12 0.40708333333333335 0.4628125 0.11916666666666667 0.165625
12 0.4066666666666667 0.2921875 0.11333333333333333 0.170625
12 0.5295833333333333 0.3028125 0.12583333333333332 0.171875
12 0.5208333333333334 0.468125 0.12 0.15875
12 0.64625 0.4709375 0.12916666666666668 0.163125
12 0.7733333333333333 0.46875 0.12166666666666667 0.16875
12 0.7779166666666667 0.291875 0.1175 0.185
12 0.9120833333333334 0.291875 0.1425 0.1875
12 0.8945833333333333 0.4696875 0.13416666666666666 0.170625
12 0.19791666666666666 0.675 0.12083333333333333 0.13875
12 0.20333333333333334 0.8075 0.11166666666666666 0.12625
12 0.105 0.8025 0.11 0.13
12 0.08958333333333333 0.6665625 0.1125 0.143125
12 0.3120833333333333 0.6725 0.1125 0.14
12 0.3075 0.810625 0.10166666666666667 0.135
12 0.405 0.834375 0.11333333333333333 0.13
12 0.42333333333333334 0.6653125 0.105 0.133125
12 0.5216666666666666 0.8265625 0.10833333333333334 0.133125
12 0.6308333333333334 0.830625 0.11 0.14
12 0.6420833333333333 0.6934375 0.10916666666666666 0.145625
12 0.7595833333333334 0.6959375 0.11583333333333333 0.155625
12 0.7475 0.8421875 0.10833333333333334 0.141875
12 0.8679166666666667 0.8484375 0.12083333333333333 0.143125
12 0.9054166666666666 0.7265625 0.0825 0.119375
