12 0.019166666666666665 0.0934375 0.03833333333333333 0.128125
12 0.11 0.1065625 0.09 0.101875
12 0.20083333333333334 0.106875 0.09 0.1025
12 0.2866666666666667 0.1065625 0.085 0.103125
12 0.2808333333333333 0.2190625 0.09333333333333334 0.124375
12 0.18666666666666668 0.2209375 0.09666666666666666 0.124375
12 0.08958333333333333 0.22 0.09583333333333334 0.125
12 0.0225 0.220625 0.045 0.125
12 0.09958333333333333 0.4221875 0.09916666666666667 0.121875
12 0.027916666666666666 0.421875 0.05583333333333333 0.1225
12 0.029166666666666667 0.545 0.058333333333333334 0.12
12 0.10458333333333333 0.5440625 0.0975 0.123125
12 0.19583333333333333 0.5421875 0.09 0.124375
12 0.28833333333333333 0.540625 0.09833333333333333 0.12125
12 0.19333333333333333 0.4196875 0.095 0.123125
12 0.28458333333333335 0.418125 0.09416666666666666 0.12125
12 0.11208333333333333 0.73875 0.09583333333333334 0.12125
12 0.20166666666666666 0.7365625 0.09333333333333334 0.123125
12 0.29125 0.7353125 0.09416666666666666 0.123125
12 0.1175 0.8590625 0.09333333333333334 0.120625
12 0.034583333333333334 0.7415625 0.0675 0.119375
12 0.03666666666666667 0.8628125 0.07 0.119375
12 0.20833333333333334 0.858125 0.095 0.1175
12 0.29875 0.8571875 0.09083333333333334 0.121875
11 0.37375 0.14125 0.09083333333333334 0.09375
11 0.375 0.2346875 0.09333333333333334 0.094375
11 0.46166666666666667 0.1421875 0.09 0.089375
11 0.465 0.233125 0.09333333333333334 0.0925
11 0.5504166666666667 0.1396875 0.0925 0.090625
11 0.64 0.138125 0.09333333333333334 0.09
11 0.6454166666666666 0.2296875 0.09416666666666666 0.090625
11 0.55375 0.2328125 0.0875 0.090625
11 0.7358333333333333 0.229375 0.09 0.0875
11 0.8220833333333334 0.2275 0.08916666666666667 0.08875
11 0.8183333333333334 0.1375 0.09 0.09125
11 0.7308333333333333 0.1384375 0.09 0.086875
11 0.8216666666666667 0.5475 0.09333333333333334 0.085
11 0.8083333333333333 0.45875 0.08833333333333333 0.0825
11 0.8054166666666667 0.37625 0.0825 0.08125
11 0.38083333333333336 0.5553125 0.08833333333333333 0.088125
11 0.4683333333333333 0.55375 0.08833333333333333 0.08625
11 0.37625 0.4659375 0.0875 0.086875
11 0.46458333333333335 0.465 0.0875 0.0875
11 0.46 0.375 0.09 0.09125
11 0.37083333333333335 0.37625 0.08833333333333333 0.09125
11 0.5483333333333333 0.3996875 0.09333333333333334 0.038125
11 0.5520833333333334 0.46375 0.09083333333333334 0.08875
11 0.5541666666666667 0.553125 0.09 0.0825
11 0.6441666666666667 0.5496875 0.09333333333333334 0.090625
11 0.6379166666666667 0.4625 0.08416666666666667 0.08125
11 0.6370833333333333 0.3803125 0.08416666666666667 0.084375
11 0.72 0.3765625 0.08333333333333333 0.084375
11 0.7220833333333333 0.4628125 0.08416666666666667 0.085625
11 0.7329166666666667 0.549375 0.0875 0.09
11 0.3883333333333333 0.866875 0.08666666666666667 0.09375
11 0.475 0.865 0.085 0.09125
11 0.38916666666666666 0.7678125 0.08666666666666667 0.083125
11 0.47291666666666665 0.7634375 0.08583333333333333 0.083125
11 0.39 0.684375 0.08333333333333333 0.07125
11 0.47208333333333335 0.6825 0.08416666666666667 0.07125
11 0.5570833333333334 0.7621875 0.08583333333333333 0.085625
11 0.56375 0.8659375 0.08916666666666667 0.089375
11 0.64875 0.8625 0.08916666666666667 0.0875
11 0.6470833333333333 0.774375 0.09083333333333334 0.0875
11 0.64625 0.6871875 0.0925 0.088125
11 0.7354166666666667 0.685625 0.08916666666666667 0.08625
11 0.73625 0.7721875 0.0875 0.086875
11 0.7341666666666666 0.8609375 0.08666666666666667 0.089375
11 0.825 0.86125 0.09 0.08875
11 0.8229166666666666 0.771875 0.09083333333333334 0.0875
11 0.8229166666666666 0.6840625 0.0875 0.086875
