11 0.10958333333333334 0.1790625 0.1725 0.170625
11 0.11791666666666667 0.344375 0.15583333333333332 0.1575
11 0.27291666666666664 0.3434375 0.15916666666666668 0.158125
11 0.27166666666666667 0.1834375 0.15333333333333332 0.164375
11 0.42916666666666664 0.18375 0.16 0.16625
11 0.4266666666666667 0.345 0.15333333333333332 0.15625
11 0.58625 0.1828125 0.1575 0.161875
11 0.745 0.1853125 0.15333333333333332 0.161875
11 0.7429166666666667 0.3446875 0.15583333333333332 0.158125
11 0.89125 0.346875 0.1475 0.16
11 0.9 0.1875 0.15166666666666667 0.16125
11 0.12375 0.874375 0.1475 0.14375
11 0.2704166666666667 0.875 0.14916666666666667 0.13875
11 0.11916666666666667 0.73375 0.15 0.145
11 0.2654166666666667 0.734375 0.15583333333333332 0.145
11 0.25958333333333333 0.5871875 0.15083333333333335 0.154375
11 0.41125 0.6278125 0.14916666666666667 0.071875
11 0.41291666666666665 0.7353125 0.1525 0.140625
11 0.41791666666666666 0.8759375 0.14416666666666667 0.138125
11 0.5641666666666667 0.8728125 0.15 0.136875
11 0.7083333333333334 0.86875 0.14333333333333334 0.14
11 0.565 0.7065625 0.135 0.133125
11 0.7008333333333333 0.7046875 0.135 0.134375
11 0.56875 0.5728125 0.13916666666666666 0.128125
11 0.7045833333333333 0.57375 0.13083333333333333 0.12625
11 0.8441666666666666 0.5746875 0.13833333333333334 0.128125
11 0.8370833333333333 0.703125 0.13416666666666666 0.13
11 0.8541666666666666 0.871875 0.15166666666666667 0.1425
11 0.11166666666666666 0.5846875 0.14833333333333334 0.150625
12 0.03 0.845 0.06 0.2
12 0.024583333333333332 0.645625 0.04416666666666667 0.20125
12 0.034583333333333334 0.11 0.0675 0.18375
