11 0.6829166666666666 0.2021875 0.08583333333333333 0.088125
11 0.7708333333333334 0.2009375 0.08333333333333333 0.085625
11 0.8508333333333333 0.200625 0.08166666666666667 0.085
11 0.93 0.2021875 0.05333333333333334 0.091875
11 0.9475 0.1121875 0.051666666666666666 0.091875
11 0.8691666666666666 0.1084375 0.09166666666666666 0.098125
11 0.7779166666666667 0.1090625 0.08416666666666667 0.096875
11 0.69 0.10875 0.09333333333333334 0.08875
11 0.6816666666666666 0.0353125 0.095 0.048125
11 0.7775 0.034375 0.09666666666666666 0.04875
11 0.87125 0.03625 0.09083333333333334 0.0525
11 0.2966666666666667 0.4575 0.08833333333333333 0.07375
11 0.28958333333333336 0.3825 0.0875 0.0725
11 0.29 0.3228125 0.08 0.036875
11 0.37125 0.320625 0.07916666666666666 0.03625
11 0.3720833333333333 0.379375 0.08916666666666667 0.07875
11 0.37833333333333335 0.4575 0.08 0.075
11 0.4529166666666667 0.3790625 0.08083333333333333 0.076875
11 0.45625 0.455625 0.08083333333333333 0.07125
11 0.4508333333333333 0.3203125 0.07833333333333334 0.040625
11 0.52875 0.318125 0.08416666666666667 0.03875
11 0.5333333333333333 0.3775 0.08333333333333333 0.075
11 0.5375 0.4521875 0.07833333333333334 0.073125
11 0.615 0.4503125 0.07666666666666666 0.071875
11 0.6120833333333333 0.374375 0.07916666666666666 0.07875
11 0.61125 0.3159375 0.08083333333333333 0.039375
11 0.6966666666666667 0.3115625 0.08666666666666667 0.038125
11 0.6929166666666666 0.3721875 0.07916666666666666 0.075625
11 0.6904166666666667 0.448125 0.07916666666666666 0.0725
11 0.7695833333333333 0.4453125 0.08083333333333333 0.074375
11 0.7704166666666666 0.369375 0.07916666666666666 0.0775
11 0.7783333333333333 0.3115625 0.08 0.036875
11 0.855 0.3096875 0.07333333333333333 0.036875
11 0.8483333333333334 0.3671875 0.08 0.074375
11 0.8491666666666666 0.441875 0.08 0.07625
11 0.9133333333333333 0.440625 0.05 0.07625
11 0.9183333333333333 0.364375 0.051666666666666666 0.07875
11 0.07875 0.735 0.0775 0.065
11 0.15208333333333332 0.733125 0.08083333333333333 0.06875
11 0.1375 0.6646875 0.085 0.068125
11 0.06375 0.66625 0.08583333333333333 0.0675
11 0.024583333333333332 0.738125 0.04583333333333333 0.06875
11 0.21125 0.6621875 0.07916666666666666 0.069375
11 0.2225 0.7303125 0.075 0.066875
11 0.29625 0.7315625 0.07916666666666666 0.070625
11 0.285 0.6596875 0.07833333333333334 0.070625
11 0.27958333333333335 0.5884375 0.08083333333333333 0.068125
11 0.35541666666666666 0.5853125 0.08416666666666667 0.071875
11 0.3591666666666667 0.6578125 0.07666666666666666 0.068125
11 0.36875 0.7278125 0.07916666666666666 0.066875
11 0.44125 0.7278125 0.07583333333333334 0.068125
11 0.43625 0.6553125 0.0775 0.073125
11 0.4295833333333333 0.5834375 0.08083333333333333 0.074375
11 0.5075 0.58 0.08166666666666667 0.07375
11 0.5104166666666666 0.654375 0.07583333333333334 0.07125
11 0.515 0.7234375 0.075 0.070625
11 0.58375 0.5840625 0.07416666666666667 0.070625
11 0.585 0.6534375 0.07333333333333333 0.065625
11 0.5870833333333333 0.7225 0.0725 0.065
11 0.6554166666666666 0.5796875 0.0725 0.074375
11 0.6566666666666666 0.6509375 0.075 0.069375
11 0.6604166666666667 0.7203125 0.0725 0.065625
11 0.7283333333333334 0.5765625 0.07333333333333333 0.070625
11 0.7333333333333333 0.64875 0.07666666666666666 0.07
11 0.7333333333333333 0.7171875 0.07333333333333333 0.069375
11 0.8095833333333333 0.7159375 0.0725 0.064375
11 0.8833333333333333 0.7134375 0.075 0.065625
11 0.88375 0.6440625 0.0725 0.068125
11 0.8075 0.646875 0.07833333333333334 0.07
11 0.805 0.5740625 0.08333333333333333 0.073125
11 0.88625 0.573125 0.07583333333333334 0.06875
