12 0.14375 0.0959375 0.07583333333333334 0.096875
12 0.07125 0.094375 0.07583333333333334 0.09625
12 0.058333333333333334 0.195625 0.07833333333333334 0.11
12 0.13333333333333333 0.1971875 0.07666666666666666 0.108125
12 0.20625 0.199375 0.07583333333333334 0.10625
12 0.21666666666666667 0.099375 0.07166666666666667 0.095
12 0.28958333333333336 0.1003125 0.07083333333333333 0.094375
12 0.2808333333333333 0.2009375 0.075 0.106875
12 0.35541666666666666 0.200625 0.07416666666666667 0.10875
12 0.35875 0.10375 0.06916666666666667 0.09125
12 0.4295833333333333 0.1040625 0.07083333333333333 0.091875
12 0.50125 0.1046875 0.06916666666666667 0.095625
12 0.42833333333333334 0.2046875 0.07166666666666667 0.106875
12 0.5025 0.204375 0.075 0.1075
12 0.57375 0.210625 0.07583333333333334 0.1
12 0.57375 0.1084375 0.07583333333333334 0.100625
12 0.6529166666666667 0.1121875 0.07416666666666667 0.099375
12 0.6491666666666667 0.2121875 0.075 0.099375
12 0.7225 0.2121875 0.07166666666666667 0.101875
12 0.7258333333333333 0.1125 0.07166666666666667 0.10125
12 0.7975 0.1159375 0.07 0.100625
12 0.7925 0.215 0.07166666666666667 0.1
12 0.05 0.3509375 0.075 0.105625
12 0.05458333333333333 0.455625 0.07083333333333333 0.1025
12 0.12583333333333332 0.4559375 0.07166666666666667 0.103125
12 0.1975 0.4575 0.07333333333333333 0.1025
12 0.1425 0.3559375 0.07333333333333333 0.100625
12 0.21291666666666667 0.3571875 0.06916666666666667 0.103125
12 0.2833333333333333 0.3609375 0.06833333333333333 0.100625
12 0.2816666666666667 0.46 0.06833333333333333 0.095
12 0.34833333333333333 0.46 0.06833333333333333 0.0975
12 0.4170833333333333 0.4615625 0.06416666666666666 0.098125
12 0.35 0.3621875 0.06833333333333333 0.100625
12 0.4175 0.3640625 0.06666666666666667 0.100625
12 0.4845833333333333 0.365 0.0625 0.0975
12 0.4820833333333333 0.4628125 0.0675 0.100625
12 0.5529166666666666 0.466875 0.07083333333333333 0.09375
12 0.5541666666666667 0.369375 0.07 0.1
12 0.6245833333333334 0.3740625 0.06916666666666667 0.091875
12 0.62375 0.46875 0.07083333333333333 0.09875
12 0.6975 0.4675 0.07333333333333333 0.095
12 0.69375 0.374375 0.06916666666666667 0.09125
12 0.7620833333333333 0.375 0.06916666666666667 0.09375
12 0.7695833333333333 0.4703125 0.07083333333333333 0.094375
12 0.055 0.7059375 0.07333333333333333 0.098125
12 0.07 0.60125 0.07333333333333333 0.095
12 0.13791666666666666 0.6009375 0.0675 0.096875
12 0.13875 0.696875 0.0675 0.09625
12 0.20666666666666667 0.6965625 0.06666666666666667 0.094375
12 0.20666666666666667 0.6021875 0.06833333333333333 0.094375
12 0.27458333333333335 0.6015625 0.0675 0.095625
12 0.2725 0.6975 0.06333333333333334 0.09375
12 0.3375 0.7071875 0.06833333333333333 0.100625
12 0.3416666666666667 0.601875 0.065 0.09625
12 0.4066666666666667 0.608125 0.06666666666666667 0.0975
12 0.40541666666666665 0.7084375 0.0675 0.101875
12 0.47541666666666665 0.609375 0.0675 0.09875
12 0.47333333333333333 0.70875 0.07 0.09875
12 0.5420833333333334 0.711875 0.06916666666666667 0.09375
12 0.5454166666666667 0.6184375 0.06916666666666667 0.093125
12 0.6141666666666666 0.6184375 0.06833333333333333 0.094375
12 0.6108333333333333 0.71125 0.06833333333333333 0.0925
12 0.6816666666666666 0.7125 0.07166666666666667 0.09125
12 0.7529166666666667 0.7121875 0.06916666666666667 0.091875
12 0.685 0.616875 0.06666666666666667 0.095
12 0.7525 0.6196875 0.06833333333333333 0.091875
12 0.05375 0.9440625 0.07083333333333333 0.094375
12 0.12416666666666666 0.944375 0.07166666666666667 0.09375
12 0.05291666666666667 0.846875 0.07083333333333333 0.09375
12 0.12416666666666666 0.8484375 0.07166666666666667 0.093125
12 0.19458333333333333 0.8471875 0.0675 0.094375
12 0.19458333333333333 0.94375 0.0675 0.095
12 0.26208333333333333 0.8475 0.0675 0.0975
12 0.2625 0.9428125 0.06833333333333333 0.093125
12 0.33 0.8478125 0.07 0.095625
12 0.33 0.944375 0.06833333333333333 0.09375
12 0.39791666666666664 0.8484375 0.0675 0.096875
12 0.4658333333333333 0.85125 0.06833333333333333 0.095
12 0.3983333333333333 0.9434375 0.06666666666666667 0.091875
12 0.46625 0.9453125 0.06916666666666667 0.091875
12 0.5345833333333333 0.8575 0.06916666666666667 0.08875
12 0.6041666666666666 0.85625 0.06833333333333333 0.09
12 0.5341666666666667 0.946875 0.06833333333333333 0.09
12 0.6033333333333334 0.9459375 0.06833333333333333 0.091875
12 0.67 0.94625 0.06833333333333333 0.09
12 0.6729166666666667 0.85625 0.0675 0.09
12 0.7408333333333333 0.8559375 0.065 0.091875
12 0.7391666666666666 0.94625 0.06833333333333333 0.08625
11 0.8041666666666667 0.9553125 0.065 0.064375
11 0.8683333333333333 0.9553125 0.065 0.066875
11 0.8 0.875 0.05333333333333334 0.06125
11 0.8579166666666667 0.874375 0.060833333333333336 0.05875
11 0.7966666666666666 0.8175 0.055 0.0475
11 0.85625 0.8178125 0.0625 0.045625
11 0.9229166666666667 0.874375 0.0625 0.06375
11 0.93625 0.955625 0.0625 0.05875
11 0.9833333333333333 0.9528125 0.03 0.060625
11 0.9858333333333333 0.89 0.025 0.0625
11 0.8225 0.7259375 0.06666666666666667 0.066875
11 0.89 0.72625 0.06333333333333334 0.06375
11 0.9541666666666667 0.7265625 0.06333333333333334 0.065625
11 0.8229166666666666 0.658125 0.07083333333333333 0.0675
11 0.8933333333333333 0.6590625 0.06333333333333334 0.068125
11 0.95875 0.6615625 0.06583333333333333 0.065625
11 0.8275 0.590625 0.07166666666666667 0.06875
11 0.8970833333333333 0.5921875 0.06583333333333333 0.066875
11 0.9616666666666667 0.610625 0.065 0.03125
11 0.8383333333333334 0.4825 0.06833333333333333 0.07
11 0.9066666666666666 0.4846875 0.065 0.071875
11 0.97 0.485 0.056666666666666664 0.0675
11 0.8429166666666666 0.4134375 0.0725 0.068125
11 0.91125 0.4134375 0.06916666666666667 0.069375
11 0.9720833333333333 0.414375 0.0525 0.07
11 0.865 0.164375 0.06833333333333333 0.06875
11 0.9358333333333333 0.1653125 0.07 0.068125
11 0.8629166666666667 0.2328125 0.0675 0.066875
11 0.93375 0.2325 0.07083333333333333 0.06625
11 0.9841666666666666 0.2315625 0.03 0.068125
11 0.9841666666666666 0.163125 0.028333333333333332 0.0675
