11 0.08625 0.088125 0.10583333333333333 0.10625
11 0.19416666666666665 0.0834375 0.10333333333333333 0.103125
11 0.30083333333333334 0.0840625 0.11333333333333333 0.100625
11 0.30375 0.1771875 0.10916666666666666 0.093125
11 0.19375 0.1765625 0.1075 0.091875
11 0.08416666666666667 0.180625 0.11 0.09625
11 0.08458333333333333 0.265 0.1075 0.085
11 0.19208333333333333 0.2621875 0.1075 0.088125
11 0.3020833333333333 0.2634375 0.10583333333333333 0.085625
11 0.41 0.0875 0.10833333333333334 0.09875
11 0.4091666666666667 0.1796875 0.11 0.093125
11 0.4066666666666667 0.26375 0.10666666666666667 0.085
11 0.515 0.0853125 0.10833333333333334 0.095625
11 0.5145833333333333 0.179375 0.11083333333333334 0.09125
11 0.515 0.265 0.10833333333333334 0.085
11 0.62375 0.0834375 0.1125 0.096875
11 0.6245833333333334 0.1765625 0.11083333333333334 0.086875
11 0.6241666666666666 0.260625 0.11166666666666666 0.08625
11 0.7320833333333333 0.08125 0.1075 0.09875
11 0.7329166666666667 0.175625 0.10916666666666666 0.08625
11 0.7320833333333333 0.2625 0.10916666666666666 0.0875
11 0.8429166666666666 0.259375 0.1125 0.08625
11 0.84125 0.1721875 0.11083333333333334 0.088125
11 0.8416666666666667 0.080625 0.11166666666666666 0.09625
11 0.9454166666666667 0.08625 0.1025 0.08875
11 0.9479166666666666 0.1753125 0.09916666666666667 0.091875
11 0.9495833333333333 0.2603125 0.09916666666666667 0.084375
11 0.04125 0.5709375 0.07583333333333334 0.098125
11 0.12791666666666668 0.56875 0.0975 0.0975
11 0.12875 0.4703125 0.10416666666666667 0.099375
11 0.03875 0.470625 0.0725 0.09875
11 0.03166666666666667 0.399375 0.058333333333333334 0.045
11 0.11375 0.3953125 0.09083333333333334 0.046875
11 0.21083333333333334 0.3975 0.105 0.045
11 0.23208333333333334 0.4715625 0.1025 0.100625
11 0.22666666666666666 0.5725 0.095 0.1025
11 0.32958333333333334 0.571875 0.09583333333333334 0.09625
11 0.4270833333333333 0.57 0.09916666666666667 0.09625
11 0.32916666666666666 0.4728125 0.09666666666666666 0.098125
11 0.42625 0.4725 0.0975 0.10125
11 0.31583333333333335 0.3996875 0.09833333333333333 0.048125
11 0.41833333333333333 0.3978125 0.1 0.048125
11 0.5170833333333333 0.4 0.09416666666666666 0.04625
11 0.61375 0.39875 0.09916666666666667 0.04625
11 0.71125 0.3990625 0.0975 0.049375
11 0.525 0.4728125 0.09833333333333333 0.098125
11 0.5229166666666667 0.5721875 0.0975 0.099375
11 0.6225 0.571875 0.1 0.10125
11 0.6233333333333333 0.4709375 0.09833333333333333 0.099375
11 0.7183333333333334 0.4728125 0.10166666666666667 0.100625
11 0.7216666666666667 0.5715625 0.1 0.103125
11 0.8245833333333333 0.57125 0.10083333333333333 0.09875
11 0.8154166666666667 0.4734375 0.09583333333333334 0.096875
11 0.9141666666666667 0.4709375 0.10166666666666667 0.099375
11 0.9254166666666667 0.57125 0.1025 0.10125
11 0.9141666666666667 0.39875 0.09833333333333333 0.04375
11 0.9808333333333333 0.4703125 0.035 0.096875
11 0.9841666666666666 0.5721875 0.028333333333333332 0.100625
