12 0.09541666666666666 0.10875 0.10916666666666666 0.15875
12 0.20541666666666666 0.109375 0.10916666666666666 0.1575
12 0.3145833333333333 0.110625 0.10916666666666666 0.15375
12 0.4266666666666667 0.1084375 0.11 0.153125
12 0.5458333333333333 0.108125 0.10666666666666667 0.155
12 0.6575 0.1225 0.11166666666666666 0.12125
12 0.13875 0.3409375 0.09583333333333334 0.146875
12 0.025416666666666667 0.33125 0.049166666666666664 0.15375
12 0.13625 0.488125 0.10416666666666667 0.1425
12 0.0275 0.4878125 0.055 0.153125
12 0.23208333333333334 0.4865625 0.0925 0.145625
12 0.23208333333333334 0.33875 0.10583333333333333 0.14625
12 0.3333333333333333 0.33625 0.10333333333333333 0.145
12 0.33125 0.4853125 0.1075 0.154375
12 0.44375 0.341875 0.10416666666666667 0.15
12 0.4404166666666667 0.4896875 0.11083333333333334 0.145625
12 0.5545833333333333 0.49 0.1125 0.14625
12 0.6554166666666666 0.33375 0.1075 0.15375
12 0.6608333333333334 0.48625 0.11166666666666666 0.15
12 0.77 0.485 0.11333333333333333 0.15125
12 0.7629166666666667 0.3296875 0.11083333333333334 0.154375
12 0.12041666666666667 0.705 0.11083333333333334 0.1475
12 0.12208333333333334 0.8525 0.11083333333333334 0.145
12 0.035 0.7740625 0.07 0.296875
12 0.12416666666666666 0.700625 0.11833333333333333 0.1525
12 0.23416666666666666 0.7009375 0.10666666666666667 0.146875
12 0.34708333333333335 0.690625 0.10083333333333333 0.145
12 0.22625 0.8509375 0.10083333333333333 0.151875
12 0.3275 0.8696875 0.11166666666666666 0.146875
12 0.44583333333333336 0.8578125 0.10833333333333334 0.143125
12 0.5545833333333333 0.86 0.10916666666666666 0.14875
12 0.5616666666666666 0.7075 0.11 0.15125
12 0.6708333333333333 0.705625 0.10833333333333334 0.1575
12 0.6695833333333333 0.8628125 0.11416666666666667 0.154375
12 0.78125 0.8615625 0.11416666666666667 0.153125
12 0.92375 0.7815625 0.09083333333333334 0.120625
12 0.8216666666666667 0.76625 0.07833333333333334 0.1175
11 0.77 0.129375 0.11166666666666666 0.11125
11 0.88 0.1290625 0.11166666666666666 0.109375
11 0.96625 0.128125 0.06416666666666666 0.11
