12 0.10541666666666667 0.1353125 0.1175 0.138125
12 0.22333333333333333 0.135625 0.12333333333333334 0.13875
12 0.027916666666666666 0.138125 0.03916666666666667 0.13125
12 0.33 0.1575 0.09333333333333334 0.0925
12 0.4554166666666667 0.135625 0.1225 0.13625
12 0.5616666666666666 0.1396875 0.095 0.111875
12 0.695 0.114375 0.11833333333333333 0.1725
12 0.81375 0.11375 0.1225 0.175
12 0.93625 0.1128125 0.1225 0.174375
12 0.17208333333333334 0.3425 0.1125 0.1575
12 0.056666666666666664 0.344375 0.10166666666666667 0.1525
12 0.285 0.343125 0.11333333333333333 0.16125
12 0.050833333333333335 0.4996875 0.10166666666666667 0.156875
12 0.16375 0.500625 0.11416666666666667 0.1575
12 0.27958333333333335 0.501875 0.1125 0.1575
12 0.4025 0.5021875 0.11666666666666667 0.159375
12 0.40291666666666665 0.3421875 0.11416666666666667 0.159375
12 0.5695833333333333 0.3428125 0.1175 0.156875
12 0.6920833333333334 0.3446875 0.1175 0.153125
12 0.57375 0.4990625 0.11083333333333334 0.154375
12 0.6904166666666667 0.4996875 0.12083333333333333 0.156875
12 0.8125 0.501875 0.12 0.15875
12 0.81375 0.3440625 0.12083333333333333 0.150625
12 0.9354166666666667 0.3446875 0.12083333333333333 0.159375
12 0.9316666666666666 0.5034375 0.12166666666666667 0.159375
12 0.13916666666666666 0.871875 0.10666666666666667 0.16125
12 0.0425 0.86875 0.085 0.1575
12 0.045 0.7096875 0.09 0.158125
12 0.1425 0.7140625 0.11 0.156875
12 0.25 0.8746875 0.115 0.164375
12 0.2525 0.71625 0.11 0.15875
12 0.36583333333333334 0.7171875 0.11 0.158125
12 0.36125 0.879375 0.1075 0.1625
12 0.4825 0.88 0.115 0.15625
12 0.47708333333333336 0.7209375 0.11583333333333333 0.161875
12 0.6066666666666667 0.72875 0.11166666666666666 0.16
12 0.6133333333333333 0.8840625 0.11333333333333333 0.158125
12 0.7341666666666666 0.88375 0.11333333333333333 0.15875
12 0.7270833333333333 0.7284375 0.10916666666666666 0.156875
12 0.8433333333333334 0.7303125 0.11333333333333333 0.148125
12 0.8479166666666667 0.8828125 0.1175 0.155625
12 0.9508333333333333 0.88625 0.095 0.15625
12 0.94875 0.7321875 0.0975 0.154375
