10 0.16666666666666666 0.9309375 0.2 0.036875
10 0.16208333333333333 0.898125 0.1975 0.0325
10 0.15416666666666667 0.8646875 0.175 0.034375
10 0.15375 0.83125 0.18083333333333335 0.0325
10 0.15458333333333332 0.7959375 0.18583333333333332 0.035625
10 0.15416666666666667 0.7575 0.18666666666666668 0.04125
10 0.4216666666666667 0.935 0.29833333333333334 0.04625
10 0.40958333333333335 0.8959375 0.2708333333333333 0.045625
10 0.405 0.8578125 0.28 0.041875
10 0.40166666666666667 0.816875 0.2866666666666667 0.04875
10 0.40291666666666665 0.7765625 0.2891666666666667 0.038125
10 0.3954166666666667 0.741875 0.29583333333333334 0.05
10 0.7241666666666666 0.943125 0.2966666666666667 0.04625
10 0.7083333333333334 0.9 0.30333333333333334 0.05625
10 0.7016666666666667 0.8571875 0.3 0.053125
10 0.7020833333333333 0.8065625 0.3025 0.050625
10 0.6916666666666667 0.7525 0.275 0.05875
10 0.21541666666666667 0.6203125 0.2775 0.035625
10 0.21416666666666667 0.5878125 0.255 0.038125
10 0.21375 0.549375 0.2625 0.04375
10 0.21875 0.5065625 0.25583333333333336 0.045625
10 0.22 0.464375 0.26 0.04
10 0.21958333333333332 0.4221875 0.2708333333333333 0.044375
10 0.5233333333333333 0.6184375 0.2783333333333333 0.040625
10 0.5204166666666666 0.5759375 0.2875 0.044375
10 0.5179166666666667 0.5353125 0.29583333333333334 0.039375
10 0.5175 0.49875 0.295 0.0325
10 0.5208333333333334 0.46625 0.295 0.03
10 0.5170833333333333 0.4290625 0.2841666666666667 0.043125
10 0.8375 0.6190625 0.32166666666666666 0.040625
10 0.8308333333333333 0.576875 0.31833333333333336 0.04
10 0.8283333333333334 0.5384375 0.32166666666666666 0.038125
10 0.8258333333333333 0.498125 0.30833333333333335 0.04
10 0.8179166666666666 0.459375 0.2891666666666667 0.035
10 0.8158333333333333 0.4225 0.29333333333333333 0.0375
10 0.18958333333333333 0.31 0.2841666666666667 0.0275
10 0.19125 0.2778125 0.2791666666666667 0.035625
10 0.19041666666666668 0.240625 0.2875 0.03625
10 0.19166666666666668 0.2028125 0.2816666666666667 0.035625
10 0.19208333333333333 0.1690625 0.28583333333333333 0.034375
10 0.18958333333333333 0.1340625 0.28583333333333333 0.034375
10 0.18875 0.1 0.2791666666666667 0.03625
10 0.485 0.1015625 0.30333333333333334 0.043125
10 0.48833333333333334 0.1396875 0.30833333333333335 0.030625
10 0.49125 0.1715625 0.3075 0.034375
10 0.49583333333333335 0.2096875 0.30833333333333335 0.041875
10 0.49583333333333335 0.244375 0.31166666666666665 0.03125
10 0.4920833333333333 0.2775 0.31916666666666665 0.0375
10 0.49583333333333335 0.3028125 0.3233333333333333 0.026875
10 0.7879166666666667 0.0759375 0.30583333333333335 0.033125
10 0.79 0.1109375 0.305 0.034375
10 0.7954166666666667 0.146875 0.30083333333333334 0.0325
10 0.8016666666666666 0.1803125 0.29833333333333334 0.033125
10 0.80625 0.2196875 0.30583333333333335 0.036875
10 0.8091666666666667 0.25875 0.31166666666666665 0.03375
10 0.8166666666666667 0.290625 0.32 0.02875
