10 0.0875 0.339375 0.17333333333333334 0.045
10 0.06958333333333333 0.2978125 0.1375 0.049375
10 0.06333333333333334 0.244375 0.125 0.0525
10 0.28375 0.353125 0.1975 0.03625
10 0.2866666666666667 0.32 0.20166666666666666 0.03875
10 0.2825 0.2803125 0.19333333333333333 0.040625
10 0.27791666666666665 0.24 0.1975 0.04125
10 0.27375 0.198125 0.20416666666666666 0.04375
10 0.06666666666666667 0.19125 0.13166666666666665 0.04875
10 0.48791666666666667 0.1915625 0.21083333333333334 0.051875
10 0.4875 0.23875 0.21166666666666667 0.0475
10 0.4875 0.2834375 0.21166666666666667 0.049375
10 0.49041666666666667 0.321875 0.2075 0.03625
10 0.48875 0.3596875 0.20083333333333334 0.041875
10 0.7670833333333333 0.37125 0.3308333333333333 0.045
10 0.7675 0.3340625 0.325 0.054375
10 0.7583333333333333 0.2915625 0.3233333333333333 0.043125
10 0.75625 0.2525 0.3175 0.0475
10 0.31125 0.443125 0.19083333333333333 0.04125
10 0.31333333333333335 0.4828125 0.175 0.043125
10 0.5029166666666667 0.49375 0.1975 0.04
10 0.5079166666666667 0.44625 0.1975 0.0425
10 0.5029166666666667 0.5253125 0.1975 0.031875
10 0.7120833333333333 0.469375 0.2075 0.03375
10 0.7066666666666667 0.505625 0.205 0.04125
10 0.7008333333333333 0.5578125 0.2 0.050625
10 0.71125 0.9528125 0.2225 0.063125
10 0.7158333333333333 0.9121875 0.24 0.053125
10 0.7191666666666666 0.863125 0.25333333333333335 0.0625
10 0.7320833333333333 0.82625 0.2675 0.05375
10 0.7295833333333334 0.7915625 0.27416666666666667 0.054375
10 0.7229166666666667 0.7396875 0.26916666666666667 0.065625
10 0.4816666666666667 0.9284375 0.22166666666666668 0.051875
10 0.4816666666666667 0.89125 0.22 0.04875
10 0.47708333333333336 0.84875 0.22916666666666666 0.04875
10 0.47541666666666665 0.8084375 0.22583333333333333 0.041875
10 0.4708333333333333 0.761875 0.23333333333333334 0.0525
10 0.46708333333333335 0.7184375 0.2325 0.053125
10 0.25458333333333333 0.896875 0.19083333333333333 0.05125
10 0.24875 0.8625 0.2025 0.04875
10 0.24416666666666667 0.8271875 0.215 0.059375
10 0.24 0.7828125 0.21333333333333335 0.050625
10 0.235 0.7478125 0.23333333333333334 0.055625
10 0.22916666666666666 0.705625 0.23166666666666666 0.05875
10 0.22958333333333333 0.668125 0.2325 0.0625
10 0.07625 0.8834375 0.1525 0.044375
10 0.07 0.848125 0.13833333333333334 0.0525
10 0.06791666666666667 0.814375 0.13583333333333333 0.0425
10 0.06333333333333334 0.77875 0.125 0.0475
10 0.05875 0.740625 0.1175 0.04125
10 0.05583333333333333 0.7021875 0.11166666666666666 0.045625
10 0.0525 0.6634375 0.105 0.045625
