11 0.93 0.8746875 0.08666666666666667 0.078125
11 0.9233333333333333 0.95125 0.09 0.0725
11 0.9354166666666667 0.7896875 0.08416666666666667 0.085625
11 0.9283333333333333 0.6303125 0.09333333333333334 0.081875
11 0.93875 0.5525 0.09583333333333334 0.0775
11 0.9470833333333334 0.4675 0.0925 0.08625
11 0.91125 0.3340625 0.08916666666666667 0.081875
11 0.9254166666666667 0.2559375 0.07083333333333333 0.070625
11 0.9183333333333333 0.1846875 0.065 0.066875
12 0.11958333333333333 0.1928125 0.09583333333333334 0.130625
12 0.03125 0.18625 0.059166666666666666 0.13625
12 0.03833333333333333 0.3234375 0.075 0.128125
12 0.135 0.3209375 0.09666666666666666 0.123125
12 0.21083333333333334 0.3215625 0.085 0.121875
12 0.2941666666666667 0.3215625 0.095 0.131875
12 0.20416666666666666 0.191875 0.09666666666666666 0.13375
12 0.29041666666666666 0.1909375 0.0875 0.130625
12 0.38166666666666665 0.194375 0.09833333333333333 0.13375
12 0.3829166666666667 0.3234375 0.0975 0.121875
12 0.4766666666666667 0.323125 0.09666666666666666 0.125
12 0.5633333333333334 0.185 0.09333333333333334 0.13875
12 0.5691666666666667 0.319375 0.08666666666666667 0.13
12 0.6545833333333333 0.1803125 0.08916666666666667 0.141875
12 0.6570833333333334 0.3184375 0.08916666666666667 0.130625
12 0.058333333333333334 0.493125 0.09 0.11625
12 0.07458333333333333 0.6053125 0.09083333333333334 0.109375
12 0.14166666666666666 0.4975 0.09833333333333333 0.11375
12 0.1525 0.6078125 0.09333333333333334 0.106875
12 0.23125 0.491875 0.0925 0.11875
12 0.23166666666666666 0.6078125 0.085 0.111875
12 0.3104166666666667 0.6175 0.08916666666666667 0.1075
12 0.31916666666666665 0.4865625 0.09 0.111875
12 0.39916666666666667 0.61 0.08666666666666667 0.10625
12 0.4841666666666667 0.6109375 0.08166666666666667 0.109375
12 0.4866666666666667 0.5003125 0.085 0.113125
12 0.57125 0.4965625 0.0825 0.121875
12 0.57 0.613125 0.08666666666666667 0.1125
12 0.6558333333333334 0.6128125 0.085 0.111875
12 0.6404166666666666 0.468125 0.0525 0.08375
12 0.7141666666666666 0.5553125 0.06166666666666667 0.090625
12 0.7908333333333334 0.56375 0.07166666666666667 0.09625
12 0.13083333333333333 0.818125 0.1 0.10875
12 0.05 0.8140625 0.09666666666666666 0.108125
12 0.06791666666666667 0.916875 0.09583333333333334 0.1
12 0.15125 0.921875 0.09583333333333334 0.09875
12 0.23291666666666666 0.796875 0.0925 0.1025
12 0.31375 0.79625 0.08083333333333333 0.0975
12 0.23416666666666666 0.924375 0.08833333333333333 0.1025
12 0.31625 0.92625 0.08916666666666667 0.09875
12 0.3975 0.83625 0.09166666666666666 0.1025
12 0.49125 0.8359375 0.08583333333333333 0.104375
12 0.40375 0.93625 0.0925 0.09875
12 0.4925 0.935 0.08833333333333333 0.095
12 0.57875 0.9265625 0.08416666666666667 0.104375
12 0.6570833333333334 0.8709375 0.06916666666666667 0.094375
12 0.5791666666666667 0.793125 0.07833333333333334 0.105
