11 0.10916666666666666 0.385625 0.16833333333333333 0.1425
11 0.28125 0.3859375 0.17583333333333334 0.145625
11 0.11208333333333333 0.240625 0.16416666666666666 0.14625
11 0.28291666666666665 0.2396875 0.1775 0.148125
11 0.11541666666666667 0.093125 0.15916666666666668 0.14625
11 0.2841666666666667 0.0925 0.17666666666666667 0.14625
11 0.45875 0.095625 0.1675 0.15375
11 0.45958333333333334 0.241875 0.1675 0.15375
11 0.45666666666666667 0.3875 0.17166666666666666 0.14875
11 0.6266666666666667 0.384375 0.165 0.15625
11 0.625 0.23625 0.16833333333333333 0.14125
11 0.7933333333333333 0.233125 0.175 0.15
11 0.7970833333333334 0.3865625 0.17583333333333334 0.155625
11 0.9375 0.384375 0.12166666666666667 0.15625
11 0.935 0.2296875 0.12666666666666668 0.148125
11 0.0875 0.91 0.16 0.16375
11 0.255 0.91125 0.17333333333333334 0.165
11 0.09166666666666666 0.740625 0.165 0.16875
11 0.25458333333333333 0.74125 0.17083333333333334 0.17
11 0.42291666666666666 0.746875 0.16583333333333333 0.16875
11 0.4220833333333333 0.91625 0.1675 0.16625
11 0.5933333333333334 0.91375 0.17166666666666666 0.16375
11 0.58875 0.7453125 0.16583333333333333 0.173125
11 0.7591666666666667 0.7478125 0.16833333333333333 0.175625
11 0.7679166666666667 0.9175 0.17416666666666666 0.1625
11 0.9275 0.9175 0.13833333333333334 0.1575
11 0.9170833333333334 0.7490625 0.1525 0.175625
11 0.9183333333333333 0.6225 0.15333333333333332 0.08125
11 0.7583333333333333 0.6221875 0.165 0.080625
11 0.5916666666666667 0.620625 0.16333333333333333 0.08
11 0.42625 0.6196875 0.1675 0.079375
11 0.2520833333333333 0.61625 0.16083333333333333 0.07625
11 0.08958333333333333 0.6159375 0.16583333333333333 0.075625
