11 0.05458333333333333 0.881875 0.10583333333333333 0.1425
11 0.17208333333333334 0.8809375 0.13916666666666666 0.144375
11 0.31125 0.8821875 0.13916666666666666 0.144375
11 0.16625 0.7390625 0.13916666666666666 0.138125
11 0.30625 0.73875 0.1375 0.14375
11 0.050416666666666665 0.739375 0.09916666666666667 0.1425
11 0.16625 0.59875 0.14916666666666667 0.14125
11 0.04875 0.599375 0.0975 0.13875
11 0.30833333333333335 0.598125 0.14166666666666666 0.1425
11 0.44875 0.5975 0.1475 0.1425
11 0.44666666666666666 0.74125 0.14333333333333334 0.145
11 0.45166666666666666 0.885625 0.14 0.13875
11 0.5954166666666667 0.8853125 0.13916666666666666 0.138125
11 0.5875 0.7471875 0.14333333333333334 0.136875
11 0.73125 0.7478125 0.1325 0.141875
11 0.7375 0.8859375 0.14166666666666666 0.139375
11 0.59125 0.6046875 0.1375 0.143125
11 0.7308333333333333 0.6025 0.14166666666666666 0.14875
11 0.8741666666666666 0.7459375 0.14833333333333334 0.149375
11 0.8725 0.6003125 0.14333333333333334 0.145625
11 0.8770833333333333 0.888125 0.1475 0.14875
11 0.9741666666666666 0.889375 0.04666666666666667 0.14125
11 0.9733333333333334 0.7453125 0.045 0.140625
11 0.9704166666666667 0.6028125 0.05583333333333333 0.140625
11 0.08458333333333333 0.355625 0.13916666666666666 0.13375
11 0.22791666666666666 0.355 0.14583333333333334 0.1375
11 0.08083333333333333 0.22 0.13333333333333333 0.1325
11 0.22458333333333333 0.216875 0.1425 0.1325
11 0.09208333333333334 0.1209375 0.1375 0.061875
11 0.23291666666666666 0.118125 0.13583333333333333 0.06625
11 0.37 0.116875 0.14 0.06625
11 0.37125 0.2190625 0.13916666666666666 0.134375
11 0.37041666666666667 0.3571875 0.1425 0.134375
11 0.5154166666666666 0.355 0.14416666666666667 0.13875
11 0.5141666666666667 0.218125 0.145 0.13625
11 0.5120833333333333 0.1153125 0.13916666666666666 0.065625
11 0.6566666666666666 0.115 0.14333333333333334 0.0625
11 0.6579166666666667 0.2190625 0.14083333333333334 0.140625
11 0.6583333333333333 0.356875 0.13833333333333334 0.13375
11 0.8020833333333334 0.3553125 0.14416666666666667 0.135625
11 0.8008333333333333 0.21625 0.14333333333333334 0.13625
11 0.8125 0.110625 0.14 0.07125
11 0.9416666666666667 0.10875 0.11166666666666666 0.0725
11 0.9341666666666667 0.2175 0.12333333333333334 0.135
11 0.9358333333333333 0.3546875 0.12666666666666668 0.134375
