13 0.1125 0.93875 0.22333333333333333 0.045
13 0.33875 0.93625 0.2025 0.0425
13 0.2791666666666667 0.89375 0.2966666666666667 0.05
13 0.06625 0.89875 0.13083333333333333 0.0375
13 0.12625 0.8553125 0.24916666666666668 0.034375
13 0.34958333333333336 0.858125 0.19916666666666666 0.03875
13 0.06625 0.8146875 0.12916666666666668 0.044375
13 0.28208333333333335 0.8128125 0.3025 0.036875
13 0.3329166666666667 0.7590625 0.1825 0.036875
13 0.12125 0.7609375 0.24083333333333334 0.048125
13 0.28125 0.72 0.30583333333333335 0.04125
13 0.06625 0.7190625 0.12583333333333332 0.040625
13 0.11875 0.676875 0.2375 0.05
13 0.33791666666666664 0.676875 0.2075 0.0475
13 0.24083333333333334 0.6290625 0.23666666666666666 0.046875
13 0.04791666666666667 0.5825 0.0925 0.035
13 0.06 0.62875 0.115 0.04125
13 0.23791666666666667 0.5871875 0.24916666666666668 0.038125
13 0.2733333333333333 0.48125 0.15666666666666668 0.04
13 0.11916666666666667 0.4946875 0.15 0.051875
13 0.325 0.1503125 0.14 0.218125
13 0.19 0.1803125 0.14666666666666667 0.153125
9 0.66125 0.1046875 0.2875 0.130625
9 0.6545833333333333 0.24 0.28583333333333333 0.1275
9 0.6729166666666667 0.3659375 0.2925 0.110625
9 0.67875 0.4965625 0.29583333333333334 0.119375
9 0.6816666666666666 0.61375 0.30666666666666664 0.12625
9 0.6908333333333333 0.744375 0.2966666666666667 0.12125
9 0.7108333333333333 0.8790625 0.325 0.143125
9 0.9366666666666666 0.8825 0.12 0.1325
9 0.93125 0.754375 0.13083333333333333 0.12625
9 0.9208333333333333 0.62375 0.14833333333333334 0.125
9 0.9229166666666667 0.50625 0.14583333333333334 0.10875
9 0.9195833333333333 0.3921875 0.1475 0.111875
9 0.9120833333333334 0.246875 0.16916666666666666 0.1475
