12 0.12458333333333334 0.2109375 0.11416666666666667 0.128125
12 0.24708333333333332 0.2284375 0.0825 0.093125
12 0.33708333333333335 0.218125 0.10083333333333333 0.12
12 0.33208333333333334 0.0975 0.10083333333333333 0.125
12 0.25875 0.144375 0.05583333333333333 0.07875
12 0.4325 0.20625 0.105 0.14375
12 0.54 0.2025 0.11333333333333333 0.1475
12 0.6495833333333333 0.203125 0.1075 0.1475
12 0.7579166666666667 0.201875 0.10583333333333333 0.14375
12 0.86625 0.201875 0.10583333333333333 0.14375
12 0.9583333333333334 0.2015625 0.07833333333333334 0.136875
12 0.13208333333333333 0.56 0.10416666666666667 0.14625
12 0.15708333333333332 0.4140625 0.09583333333333334 0.133125
12 0.2275 0.4153125 0.05333333333333334 0.139375
12 0.28875 0.41625 0.07416666666666667 0.14375
12 0.23666666666666666 0.55875 0.11 0.1475
12 0.33875 0.5596875 0.10083333333333333 0.145625
12 0.445 0.4134375 0.10166666666666667 0.141875
12 0.4379166666666667 0.5575 0.10083333333333333 0.145
12 0.54625 0.415 0.0975 0.14125
12 0.53875 0.558125 0.0975 0.1425
12 0.6383333333333333 0.41375 0.07666666666666666 0.145
12 0.6466666666666666 0.5584375 0.09666666666666666 0.139375
12 0.7475 0.5740625 0.10166666666666667 0.105625
12 0.14083333333333334 0.75875 0.105 0.1325
12 0.25833333333333336 0.7440625 0.09666666666666666 0.116875
12 0.15166666666666667 0.9009375 0.09 0.136875
12 0.25958333333333333 0.8678125 0.09583333333333334 0.129375
12 0.3525 0.7421875 0.09666666666666666 0.123125
12 0.3545833333333333 0.8678125 0.09583333333333334 0.129375
12 0.44958333333333333 0.8925 0.09583333333333334 0.14
12 0.4454166666666667 0.739375 0.09083333333333334 0.12
12 0.5529166666666666 0.7534375 0.09416666666666666 0.140625
12 0.5504166666666667 0.8934375 0.0975 0.129375
12 0.6504166666666666 0.8884375 0.10583333333333333 0.131875
12 0.74875 0.8803125 0.09583333333333334 0.134375
12 0.7433333333333333 0.7471875 0.09333333333333334 0.129375
12 0.8395833333333333 0.7440625 0.09416666666666666 0.134375
12 0.8441666666666666 0.8790625 0.095 0.130625
11 0.8495833333333334 0.5771875 0.0975 0.099375
11 0.9466666666666667 0.5771875 0.095 0.096875
