3 0.07447916666666667 0.21640625 0.057291666666666664 0.128125
3 0.12916666666666668 0.2140625 0.058333333333333334 0.1328125
3 0.1859375 0.215234375 0.059375 0.13515625
3 0.0671875 0.389453125 0.05520833333333333 0.13671875
3 0.12239583333333333 0.3875 0.05520833333333333 0.14375
3 0.22864583333333333 0.394140625 0.046875 0.13359375
3 0.26197916666666665 0.388671875 0.034375 0.14453125
3 0.3489583333333333 0.391015625 0.052083333333333336 0.13828125
3 0.5119791666666667 0.394140625 0.05520833333333333 0.13828125
3 0.5671875 0.393359375 0.05520833333333333 0.13984375
3 0.6260416666666667 0.39140625 0.058333333333333334 0.1484375
3 0.6807291666666667 0.39453125 0.053125 0.140625
3 0.7385416666666667 0.39296875 0.05625 0.14375
3 0.7947916666666667 0.392578125 0.06041666666666667 0.14765625
3 0.8552083333333333 0.39296875 0.0625 0.146875
3 0.9088541666666666 0.39375 0.04895833333333333 0.1421875
3 0.3359375 0.20546875 0.05520833333333333 0.15
3 0.40625 0.2109375 0.04375 0.1375
3 0.45729166666666665 0.204296875 0.0625 0.15234375
3 0.5166666666666667 0.203125 0.058333333333333334 0.1546875
3 0.5770833333333333 0.201953125 0.06041666666666667 0.15546875
3 0.6375 0.199609375 0.06458333333333334 0.15703125
3 0.7020833333333333 0.199609375 0.06458333333333334 0.15390625
3 0.7619791666666667 0.20234375 0.05520833333333333 0.1515625
3 0.8192708333333333 0.20234375 0.06145833333333333 0.1484375
3 0.9114583333333334 0.1921875 0.0625 0.1640625
3 0.96875 0.1921875 0.058333333333333334 0.1640625
