12 0.10666666666666667 0.1034375 0.135 0.179375
12 0.2275 0.1028125 0.125 0.176875
12 0.34291666666666665 0.1021875 0.12583333333333332 0.178125
12 0.46125 0.1009375 0.11916666666666667 0.178125
12 0.5795833333333333 0.09875 0.1175 0.1775
12 0.7070833333333333 0.0978125 0.1175 0.175625
12 0.8266666666666667 0.1171875 0.12166666666666667 0.139375
11 0.9445833333333333 0.120625 0.1075 0.12375
12 0.13625 0.345 0.12583333333333332 0.155
12 0.27125 0.341875 0.11083333333333334 0.15625
12 0.37083333333333335 0.3428125 0.11333333333333333 0.154375
12 0.16208333333333333 0.5028125 0.0975 0.151875
12 0.2783333333333333 0.4928125 0.11166666666666666 0.139375
12 0.3775 0.4915625 0.1 0.141875
12 0.4820833333333333 0.495625 0.1075 0.15
12 0.475 0.343125 0.105 0.1525
12 0.5904166666666667 0.348125 0.10916666666666666 0.15375
12 0.59125 0.4990625 0.11416666666666667 0.145625
12 0.7025 0.4984375 0.12 0.146875
12 0.8129166666666666 0.3353125 0.1075 0.156875
12 0.8141666666666667 0.493125 0.11 0.1475
12 0.9245833333333333 0.4903125 0.1075 0.153125
12 0.925 0.3315625 0.10666666666666667 0.163125
12 0.28208333333333335 0.7065625 0.11583333333333333 0.131875
12 0.17416666666666666 0.7040625 0.11333333333333333 0.136875
12 0.18791666666666668 0.8375 0.1075 0.1275
12 0.28791666666666665 0.835 0.10583333333333333 0.12625
12 0.3879166666666667 0.8353125 0.10083333333333333 0.130625
12 0.38916666666666666 0.6984375 0.105 0.133125
12 0.4925 0.6875 0.1 0.13
12 0.4870833333333333 0.8553125 0.1075 0.125625
12 0.5970833333333333 0.8403125 0.1025 0.126875
12 0.7004166666666667 0.84125 0.10583333333333333 0.13125
12 0.7054166666666667 0.704375 0.10416666666666667 0.13875
12 0.8141666666666667 0.8459375 0.10333333333333333 0.134375
12 0.8166666666666667 0.70375 0.105 0.14625
12 0.9220833333333334 0.845625 0.10416666666666667 0.135
