12 0.08375 0.903125 0.09083333333333334 0.10375
12 0.16666666666666666 0.9009375 0.09 0.101875
12 0.15541666666666668 0.7946875 0.0925 0.106875
12 0.06791666666666667 0.7965625 0.0925 0.105625
12 0.2425 0.7915625 0.09333333333333334 0.108125
12 0.3283333333333333 0.7915625 0.09166666666666666 0.109375
12 0.2504166666666667 0.90125 0.0875 0.10375
12 0.33541666666666664 0.8984375 0.0925 0.103125
12 0.050833333333333335 0.61875 0.09333333333333334 0.11125
12 0.13583333333333333 0.6171875 0.09666666666666666 0.115625
12 0.22833333333333333 0.616875 0.095 0.1175
12 0.31958333333333333 0.615625 0.09416666666666666 0.11875
12 0.31166666666666665 0.4940625 0.09666666666666666 0.121875
12 0.22041666666666668 0.495625 0.0975 0.12125
12 0.12333333333333334 0.49625 0.09833333333333333 0.12
12 0.0425 0.499375 0.085 0.12125
12 0.10458333333333333 0.29625 0.1075 0.13
12 0.20083333333333334 0.2953125 0.10833333333333334 0.133125
12 0.29791666666666666 0.293125 0.1025 0.13125
12 0.30333333333333334 0.16625 0.09166666666666666 0.12375
12 0.21166666666666667 0.1675 0.09666666666666666 0.12
12 0.11666666666666667 0.168125 0.10166666666666667 0.12
12 0.030416666666666668 0.2971875 0.059166666666666666 0.133125
12 0.023333333333333334 0.1603125 0.045 0.136875
12 0.024583333333333332 0.899375 0.04583333333333333 0.1075
11 0.39375 0.21125 0.0975 0.1
11 0.4875 0.2115625 0.09666666666666666 0.098125
11 0.5825 0.208125 0.09833333333333333 0.1
11 0.39708333333333334 0.309375 0.10083333333333333 0.09625
11 0.4891666666666667 0.3096875 0.09666666666666666 0.096875
11 0.5820833333333333 0.3065625 0.09083333333333334 0.093125
11 0.39875 0.4553125 0.08916666666666667 0.088125
11 0.48625 0.4528125 0.09083333333333334 0.091875
11 0.40375 0.544375 0.08916666666666667 0.08375
11 0.49041666666666667 0.543125 0.0875 0.0875
11 0.5745833333333333 0.4775 0.08583333333333333 0.0425
11 0.5779166666666666 0.541875 0.08583333333333333 0.08375
11 0.40791666666666665 0.63 0.08416666666666667 0.085
11 0.49583333333333335 0.628125 0.08666666666666667 0.08125
11 0.58 0.628125 0.08333333333333333 0.08375
11 0.6683333333333333 0.6234375 0.08833333333333333 0.088125
11 0.6629166666666667 0.53 0.08083333333333333 0.0825
11 0.6641666666666667 0.445 0.08666666666666667 0.07875
11 0.7541666666666667 0.6221875 0.08833333333333333 0.088125
11 0.8420833333333333 0.62125 0.09083333333333334 0.0875
11 0.7479166666666667 0.5296875 0.08416666666666667 0.083125
11 0.8329166666666666 0.52875 0.0875 0.085
11 0.74875 0.444375 0.0875 0.08125
11 0.8370833333333333 0.443125 0.08916666666666667 0.08375
11 0.6783333333333333 0.3046875 0.09833333333333333 0.094375
11 0.6758333333333333 0.205625 0.09666666666666666 0.0975
11 0.7720833333333333 0.2046875 0.0975 0.096875
11 0.8654166666666666 0.2034375 0.09416666666666666 0.096875
11 0.8629166666666667 0.3015625 0.09416666666666666 0.094375
11 0.7708333333333334 0.3025 0.09333333333333334 0.095
11 0.41833333333333333 0.91125 0.08666666666666667 0.075
11 0.49916666666666665 0.9084375 0.085 0.076875
11 0.4191666666666667 0.8128125 0.085 0.076875
11 0.49833333333333335 0.81125 0.08 0.07125
11 0.41791666666666666 0.7475 0.0775 0.05625
11 0.49625 0.7453125 0.0775 0.050625
11 0.5783333333333334 0.809375 0.07833333333333334 0.075
11 0.5841666666666666 0.909375 0.08166666666666667 0.0725
11 0.66375 0.9075 0.07916666666666666 0.07625
11 0.6641666666666667 0.8303125 0.08333333333333333 0.076875
11 0.6683333333333333 0.75375 0.08333333333333333 0.075
11 0.7525 0.7525 0.08166666666666667 0.07375
11 0.7483333333333333 0.8290625 0.08 0.079375
11 0.7445833333333334 0.9059375 0.08416666666666667 0.078125
11 0.8295833333333333 0.9065625 0.08083333333333333 0.078125
11 0.8308333333333333 0.8278125 0.08333333333333333 0.076875
11 0.8354166666666667 0.75125 0.08416666666666667 0.07625
