11 0.6204166666666666 0.30125 0.1675 0.16875
11 0.7795833333333333 0.30375 0.16416666666666666 0.16625
11 0.61375 0.156875 0.1475 0.1225
11 0.76 0.1621875 0.14666666666666667 0.119375
11 0.9070833333333334 0.1625 0.14083333333333334 0.11625
11 0.9033333333333333 0.051875 0.14 0.1025
11 0.7583333333333333 0.0525 0.14166666666666666 0.10125
11 0.615 0.04875 0.145 0.09625
11 0.455 0.1296875 0.165 0.170625
11 0.45166666666666666 0.023125 0.165 0.04625
11 0.4533333333333333 0.3009375 0.16 0.164375
11 0.28583333333333333 0.2978125 0.17 0.168125
11 0.12125 0.296875 0.16583333333333333 0.16625
11 0.28625 0.1278125 0.1675 0.170625
11 0.12083333333333333 0.128125 0.165 0.1675
11 0.105 0.89875 0.165 0.16875
11 0.2775 0.8965625 0.16166666666666665 0.173125
11 0.14333333333333334 0.7096875 0.14666666666666667 0.153125
11 0.2975 0.7059375 0.14666666666666667 0.150625
11 0.1525 0.5525 0.15166666666666667 0.14875
11 0.3045833333333333 0.553125 0.1425 0.14875
11 0.44375 0.5821875 0.11583333333333333 0.061875
11 0.44583333333333336 0.705625 0.15166666666666667 0.14875
11 0.61875 0.5575 0.15916666666666668 0.1625
11 0.61375 0.723125 0.16416666666666666 0.17
11 0.44375 0.8978125 0.16416666666666666 0.160625
11 0.6091666666666666 0.8915625 0.16166666666666665 0.170625
11 0.77125 0.890625 0.16583333333333333 0.165
11 0.7770833333333333 0.7225 0.1575 0.16875
11 0.9283333333333333 0.889375 0.14166666666666666 0.17
11 0.92625 0.7209375 0.14083333333333334 0.165625
11 0.93 0.5559375 0.13666666666666666 0.165625
11 0.77875 0.5571875 0.1625 0.165625
