11 0.61375 0.94875 0.0825 0.06625
11 0.69625 0.9475 0.0825 0.06125
11 0.7841666666666667 0.9521875 0.08833333333333333 0.061875
11 0.7933333333333333 0.8828125 0.08166666666666667 0.068125
11 0.70625 0.8803125 0.08583333333333333 0.065625
11 0.61625 0.8821875 0.08916666666666667 0.065625
11 0.6204166666666666 0.8025 0.0925 0.0775
11 0.7016666666666667 0.7790625 0.08 0.073125
11 0.785 0.7778125 0.08 0.076875
11 0.6270833333333333 0.6459375 0.08583333333333333 0.076875
11 0.7154166666666667 0.645625 0.08583333333333333 0.08
11 0.79875 0.6440625 0.0825 0.073125
11 0.6325 0.56875 0.09 0.0775
11 0.7254166666666667 0.5684375 0.09416666666666666 0.078125
11 0.8104166666666667 0.5653125 0.08916666666666667 0.076875
11 0.635 0.484375 0.09833333333333333 0.08625
11 0.725 0.4828125 0.09 0.084375
11 0.81375 0.4846875 0.08916666666666667 0.078125
11 0.9016666666666666 0.4853125 0.08666666666666667 0.084375
11 0.8908333333333334 0.5640625 0.07666666666666666 0.078125
11 0.8804166666666666 0.64125 0.08083333333333333 0.075
11 0.9583333333333334 0.6390625 0.075 0.070625
11 0.9620833333333333 0.5646875 0.06583333333333333 0.076875
11 0.9683333333333334 0.48625 0.04833333333333333 0.08125
11 0.6245833333333334 0.3403125 0.08416666666666667 0.089375
11 0.79125 0.3371875 0.08583333333333333 0.091875
11 0.6745833333333333 0.2428125 0.07416666666666667 0.078125
11 0.6704166666666667 0.165 0.07916666666666666 0.07625
11 0.7470833333333333 0.1653125 0.07416666666666667 0.080625
11 0.7445833333333334 0.2446875 0.06583333333333333 0.078125
11 0.8241666666666667 0.243125 0.07333333333333333 0.0775
11 0.8345833333333333 0.1596875 0.07916666666666666 0.088125
11 0.9075 0.1621875 0.06833333333333333 0.086875
11 0.8945833333333333 0.24375 0.06583333333333333 0.07625
11 0.9595833333333333 0.2390625 0.06916666666666667 0.078125
11 0.9675 0.1575 0.056666666666666664 0.0875
12 0.10541666666666667 0.944375 0.1075 0.08125
12 0.19291666666666665 0.94 0.09916666666666667 0.08125
12 0.28458333333333335 0.933125 0.0925 0.095
12 0.38125 0.8684375 0.0775 0.084375
12 0.28625 0.8059375 0.10083333333333333 0.098125
12 0.18166666666666667 0.8525 0.11166666666666666 0.09375
12 0.08333333333333333 0.855625 0.115 0.09
12 0.035833333333333335 0.939375 0.06833333333333333 0.08875
12 0.35791666666666666 0.6271875 0.09416666666666666 0.110625
12 0.4691666666666667 0.5471875 0.06833333333333333 0.089375
12 0.5404166666666667 0.56125 0.07083333333333333 0.09375
12 0.26958333333333334 0.6296875 0.0925 0.105625
12 0.02 0.811875 0.04 0.09125
12 0.027083333333333334 0.635625 0.05416666666666667 0.1025
12 0.09416666666666666 0.62625 0.095 0.10625
12 0.18583333333333332 0.6278125 0.095 0.109375
12 0.17458333333333334 0.5146875 0.0975 0.113125
12 0.2604166666666667 0.5128125 0.1025 0.121875
12 0.030833333333333334 0.4971875 0.06166666666666667 0.110625
12 0.050416666666666665 0.3315625 0.09083333333333334 0.133125
12 0.13791666666666666 0.3309375 0.11916666666666667 0.135625
12 0.23708333333333334 0.3290625 0.11416666666666667 0.140625
12 0.33208333333333334 0.3278125 0.1125 0.138125
12 0.3145833333333333 0.1790625 0.11416666666666667 0.156875
12 0.21541666666666667 0.1796875 0.12083333333333333 0.154375
12 0.043333333333333335 0.190625 0.08666666666666667 0.145
