10 0.16833333333333333 0.948125 0.24833333333333332 0.0525
10 0.17 0.8965625 0.25333333333333335 0.063125
10 0.16375 0.844375 0.2575 0.0575
10 0.16541666666666666 0.798125 0.25416666666666665 0.05625
10 0.16833333333333333 0.7478125 0.24666666666666667 0.061875
10 0.18208333333333335 0.6928125 0.26416666666666666 0.050625
10 0.1825 0.6365625 0.27666666666666667 0.053125
10 0.17958333333333334 0.5815625 0.2891666666666667 0.054375
10 0.17625 0.523125 0.2875 0.05375
10 0.17958333333333334 0.461875 0.29083333333333333 0.05
10 0.17083333333333334 0.3996875 0.2916666666666667 0.063125
10 0.17083333333333334 0.3334375 0.29333333333333333 0.065625
10 0.16416666666666666 0.269375 0.29833333333333334 0.06125
10 0.16708333333333333 0.204375 0.2991666666666667 0.0675
10 0.14958333333333335 0.1240625 0.2825 0.085625
10 0.4970833333333333 0.94875 0.3875 0.0475
10 0.4395833333333333 0.889375 0.2725 0.05375
10 0.7104166666666667 0.8903125 0.2675 0.059375
10 0.5004166666666666 0.83125 0.3958333333333333 0.05875
10 0.4429166666666667 0.775 0.2675 0.05375
10 0.7166666666666667 0.778125 0.275 0.0525
10 0.5208333333333334 0.7209375 0.3933333333333333 0.063125
10 0.4658333333333333 0.6665625 0.265 0.055625
10 0.7329166666666667 0.6690625 0.2675 0.054375
10 0.52875 0.60625 0.3858333333333333 0.06125
10 0.46416666666666667 0.551875 0.25333333333333335 0.0475
10 0.7320833333333333 0.5503125 0.2808333333333333 0.051875
10 0.5404166666666667 0.5003125 0.41583333333333333 0.053125
10 0.475 0.4434375 0.2816666666666667 0.050625
10 0.7508333333333334 0.439375 0.28 0.0425
10 0.8708333333333333 0.49375 0.25333333333333335 0.05875
10 0.9308333333333333 0.5478125 0.13333333333333333 0.051875
10 0.8591666666666666 0.605625 0.27666666666666667 0.0625
10 0.93 0.668125 0.12833333333333333 0.06
10 0.8583333333333333 0.725625 0.28 0.05625
10 0.9454166666666667 0.433125 0.10416666666666667 0.05375
10 0.53 0.384375 0.4166666666666667 0.0525
10 0.8654166666666666 0.3740625 0.24416666666666667 0.058125
10 0.4683333333333333 0.31375 0.27166666666666667 0.065
10 0.5466666666666666 0.249375 0.4216666666666667 0.0725
10 0.7508333333333334 0.3121875 0.2916666666666667 0.055625
10 0.9516666666666667 0.2965625 0.09333333333333334 0.065625
10 0.87625 0.2375 0.23416666666666666 0.0625
10 0.4675 0.185 0.28 0.04875
10 0.7508333333333334 0.180625 0.28 0.04
10 0.94625 0.1753125 0.10083333333333333 0.055625
10 0.86375 0.11 0.2675 0.0625
10 0.57 0.1375 0.29833333333333334 0.02875
