12 0.12208333333333334 0.8078125 0.10416666666666667 0.135625
12 0.12458333333333334 0.93875 0.10583333333333333 0.12
12 0.04958333333333333 0.8075 0.0525 0.135
12 0.05125 0.9375 0.059166666666666666 0.1225
12 0.22083333333333333 0.811875 0.10333333333333333 0.1325
12 0.22625 0.9384375 0.10416666666666667 0.120625
12 0.3229166666666667 0.810625 0.10416666666666667 0.12875
12 0.3279166666666667 0.938125 0.10583333333333333 0.1175
12 0.43 0.9340625 0.10166666666666667 0.119375
12 0.4241666666666667 0.8040625 0.10166666666666667 0.133125
12 0.5204166666666666 0.8003125 0.10083333333333333 0.123125
12 0.5283333333333333 0.9290625 0.09833333333333333 0.123125
12 0.6279166666666667 0.93875 0.09916666666666667 0.1175
12 0.625 0.8109375 0.105 0.129375
12 0.7279166666666667 0.801875 0.0975 0.12875
12 0.7279166666666667 0.9290625 0.09416666666666666 0.123125
12 0.8316666666666667 0.9290625 0.09833333333333333 0.131875
12 0.8295833333333333 0.7953125 0.0975 0.136875
12 0.9258333333333333 0.7909375 0.09333333333333334 0.135625
12 0.9283333333333333 0.9253125 0.09333333333333334 0.126875
12 0.14333333333333334 0.45625 0.11166666666666666 0.1375
12 0.04875 0.4590625 0.0975 0.135625
12 0.05583333333333333 0.5996875 0.10666666666666667 0.146875
12 0.1575 0.598125 0.11666666666666667 0.14625
12 0.26208333333333333 0.595625 0.11416666666666667 0.14375
12 0.24666666666666667 0.455625 0.115 0.13375
12 0.35375 0.4525 0.11083333333333334 0.13
12 0.36666666666666664 0.5934375 0.10833333333333334 0.146875
12 0.47041666666666665 0.58875 0.10583333333333333 0.145
12 0.4529166666666667 0.45125 0.1075 0.12875
12 0.5533333333333333 0.45 0.105 0.12875
12 0.5708333333333333 0.5871875 0.105 0.143125
12 0.6733333333333333 0.5859375 0.10666666666666667 0.144375
12 0.6558333333333334 0.44875 0.10666666666666667 0.1275
12 0.7595833333333334 0.440625 0.0975 0.12
12 0.78 0.585625 0.105 0.13875
12 0.8854166666666666 0.58125 0.10416666666666667 0.14
12 0.9670833333333333 0.5775 0.060833333333333336 0.145
12 0.8879166666666667 0.440625 0.10416666666666667 0.13125
12 0.9675 0.438125 0.06 0.13125
12 0.83 0.2490625 0.11666666666666667 0.151875
12 0.9458333333333333 0.246875 0.10666666666666667 0.14625
12 0.8229166666666666 0.0915625 0.1125 0.158125
12 0.9391666666666667 0.094375 0.105 0.1575
12 0.70875 0.2440625 0.1175 0.164375
12 0.7008333333333333 0.0803125 0.11833333333333333 0.160625
12 0.5816666666666667 0.2478125 0.11833333333333333 0.164375
12 0.58125 0.0825 0.1175 0.165
12 0.4708333333333333 0.2503125 0.11833333333333333 0.164375
12 0.4658333333333333 0.084375 0.11833333333333333 0.1675
12 0.35791666666666666 0.25125 0.11583333333333333 0.16375
12 0.35 0.091875 0.12166666666666667 0.15375
12 0.24666666666666667 0.253125 0.12333333333333334 0.16625
12 0.14125 0.2575 0.1125 0.1575
