11 0.042916666666666665 0.8859375 0.0825 0.160625
11 0.165 0.88875 0.18166666666666667 0.17125
11 0.15666666666666668 0.7084375 0.18333333333333332 0.183125
11 0.032916666666666664 0.723125 0.06583333333333333 0.1625
11 0.33791666666666664 0.7153125 0.1825 0.175625
11 0.34208333333333335 0.88875 0.18083333333333335 0.16875
11 0.5204166666666666 0.8878125 0.17416666666666666 0.174375
11 0.5204166666666666 0.7140625 0.1775 0.178125
11 0.6833333333333333 0.8753125 0.16 0.208125
11 0.8391666666666666 0.875625 0.15666666666666668 0.20875
11 0.6895833333333333 0.6675 0.15916666666666668 0.2075
11 0.8520833333333333 0.67125 0.16583333333333333 0.20625
11 0.96125 0.7275 0.07416666666666667 0.17
11 0.955 0.89375 0.085 0.15125
11 0.03166666666666667 0.1940625 0.058333333333333334 0.175625
11 0.032916666666666664 0.3703125 0.06583333333333333 0.168125
11 0.13375 0.3696875 0.1475 0.186875
11 0.30541666666666667 0.366875 0.21083333333333334 0.2025
11 0.5054166666666666 0.3684375 0.20083333333333334 0.210625
11 0.7016666666666667 0.3453125 0.16 0.248125
11 0.86875 0.348125 0.15083333333333335 0.25125
11 0.14333333333333334 0.1696875 0.18666666666666668 0.190625
11 0.32458333333333333 0.171875 0.18583333333333332 0.185
11 0.5125 0.1740625 0.17833333333333334 0.184375
11 0.7075 0.1128125 0.17 0.224375
11 0.8795833333333334 0.135 0.1625 0.1825
11 0.16 0.03875 0.18333333333333332 0.07375
11 0.3408333333333333 0.0353125 0.18166666666666667 0.066875
11 0.5225 0.0396875 0.17833333333333334 0.073125
