13 0.8091666666666667 0.323125 0.205 0.26125
13 0.20041666666666666 0.9665625 0.35083333333333333 0.043125
13 0.07916666666666666 0.928125 0.15833333333333333 0.03625
13 0.27291666666666664 0.9253125 0.20583333333333334 0.041875
13 0.4725 0.918125 0.20333333333333334 0.03625
13 0.5245833333333333 0.9553125 0.2925 0.033125
13 0.7475 0.9515625 0.15 0.041875
13 0.52375 0.870625 0.2891666666666667 0.03375
13 0.6970833333333334 0.9065625 0.2525 0.040625
13 0.21416666666666667 0.8784375 0.31833333333333336 0.051875
13 0.22791666666666666 0.808125 0.37083333333333335 0.03125
13 0.5920833333333333 0.8340625 0.3458333333333333 0.033125
13 0.5841666666666666 0.786875 0.34 0.04375
13 0.8825 0.821875 0.22833333333333333 0.0375
13 0.8716666666666667 0.7784375 0.245 0.045625
13 0.9416666666666667 0.8715625 0.11166666666666666 0.044375
13 0.7879166666666667 0.86625 0.19583333333333333 0.04
13 0.9279166666666666 0.6490625 0.1375 0.043125
13 0.7825 0.6640625 0.145 0.045625
13 0.3333333333333333 0.3025 0.25833333333333336 0.29
13 0.585 0.35 0.23166666666666666 0.1975
