12 0.16208333333333333 0.1296875 0.08916666666666667 0.124375
12 0.0875 0.1334375 0.07833333333333334 0.111875
12 0.07541666666666667 0.24375 0.0875 0.1175
12 0.15666666666666668 0.245625 0.08833333333333333 0.115
12 0.24166666666666667 0.246875 0.08333333333333333 0.11625
12 0.2520833333333333 0.1321875 0.09083333333333334 0.119375
12 0.335 0.1325 0.08833333333333333 0.11875
12 0.32416666666666666 0.2465625 0.08333333333333333 0.114375
12 0.41875 0.13375 0.0875 0.1175
12 0.40291666666666665 0.248125 0.08583333333333333 0.11125
12 0.48541666666666666 0.2484375 0.0875 0.113125
12 0.5054166666666666 0.1328125 0.08416666666666667 0.118125
12 0.6025 0.1375 0.08 0.11375
12 0.5645833333333333 0.25 0.0775 0.11125
12 0.6470833333333333 0.25 0.08083333333333333 0.11
12 0.7258333333333333 0.249375 0.08 0.1125
12 0.7404166666666666 0.1490625 0.07083333333333333 0.090625
12 0.67 0.1540625 0.058333333333333334 0.080625
12 0.8075 0.154375 0.06166666666666667 0.08
12 0.91 0.1378125 0.07833333333333334 0.115625
12 0.80375 0.2515625 0.07916666666666666 0.113125
12 0.8845833333333334 0.250625 0.0825 0.11125
12 0.9633333333333334 0.2515625 0.07 0.108125
12 0.9745833333333334 0.1365625 0.0475 0.121875
12 0.13083333333333333 0.4896875 0.085 0.106875
12 0.05333333333333334 0.4903125 0.08833333333333333 0.105625
12 0.044583333333333336 0.3896875 0.0875 0.095625
12 0.12208333333333334 0.3896875 0.08916666666666667 0.095625
12 0.20208333333333334 0.39 0.08916666666666667 0.09375
12 0.21125 0.49 0.08583333333333333 0.1075
12 0.28458333333333335 0.39125 0.08416666666666667 0.0925
12 0.2891666666666667 0.4890625 0.08166666666666667 0.103125
12 0.3620833333333333 0.3896875 0.08083333333333333 0.093125
12 0.36541666666666667 0.48875 0.0775 0.10375
12 0.44 0.390625 0.08 0.09125
12 0.44083333333333335 0.48875 0.07666666666666666 0.105
12 0.5175 0.390625 0.08 0.0925
12 0.51625 0.490625 0.07416666666666667 0.1025
12 0.5895833333333333 0.48875 0.07416666666666667 0.10375
12 0.6616666666666666 0.4890625 0.07166666666666667 0.103125
12 0.7358333333333333 0.48875 0.07 0.10375
12 0.8120833333333334 0.4803125 0.07083333333333333 0.103125
12 0.21 0.7390625 0.08 0.090625
12 0.1375 0.741875 0.07833333333333334 0.0875
12 0.06291666666666666 0.741875 0.07916666666666666 0.0925
12 0.04708333333333333 0.6440625 0.0875 0.098125
12 0.11958333333333333 0.6484375 0.08583333333333333 0.093125
12 0.19375 0.6453125 0.08083333333333333 0.088125
12 0.2683333333333333 0.6434375 0.07666666666666666 0.095625
12 0.2783333333333333 0.7409375 0.07333333333333333 0.093125
12 0.34833333333333333 0.7421875 0.07 0.089375
12 0.4141666666666667 0.646875 0.075 0.0975
12 0.34041666666666665 0.646875 0.07583333333333334 0.0975
12 0.4170833333333333 0.7425 0.06916666666666667 0.09125
12 0.485 0.6478125 0.07166666666666667 0.095625
12 0.55625 0.646875 0.06916666666666667 0.09625
12 0.48791666666666667 0.7428125 0.07083333333333333 0.088125
12 0.5575 0.74125 0.06666666666666667 0.09125
12 0.6241666666666666 0.741875 0.06666666666666667 0.0875
12 0.6945833333333333 0.7415625 0.06916666666666667 0.090625
12 0.6254166666666666 0.6465625 0.07083333333333333 0.096875
12 0.6954166666666667 0.64375 0.06916666666666667 0.095
12 0.7645833333333333 0.644375 0.06583333333333333 0.095
12 0.76125 0.739375 0.06583333333333333 0.0875
12 0.8275 0.74 0.07 0.09125
12 0.8970833333333333 0.73875 0.06916666666666667 0.09
12 0.8320833333333333 0.6459375 0.06916666666666667 0.095625
12 0.90375 0.6478125 0.0725 0.095625
12 0.075 0.86625 0.075 0.08625
12 0.14291666666666666 0.86625 0.0775 0.08875
12 0.07875 0.9528125 0.0775 0.074375
12 0.21166666666666667 0.8646875 0.075 0.083125
12 0.14875 0.9534375 0.0775 0.079375
12 0.21583333333333332 0.95125 0.075 0.0775
12 0.28041666666666665 0.8609375 0.07083333333333333 0.083125
12 0.28458333333333335 0.945 0.07083333333333333 0.0825
12 0.34791666666666665 0.865 0.06916666666666667 0.0825
12 0.35 0.946875 0.07 0.0775
12 0.38208333333333333 0.863125 0.0025 0.085
12 0.4166666666666667 0.8615625 0.07 0.079375
12 0.4170833333333333 0.944375 0.0675 0.0775
12 0.4816666666666667 0.9421875 0.065 0.075625
12 0.5483333333333333 0.9415625 0.065 0.076875
12 0.6141666666666666 0.9353125 0.06166666666666667 0.080625
12 0.4841666666666667 0.8571875 0.06666666666666667 0.076875
12 0.5504166666666667 0.8584375 0.06583333333333333 0.081875
12 0.6175 0.854375 0.06666666666666667 0.07625
12 0.6845833333333333 0.8509375 0.06416666666666666 0.074375
12 0.6779166666666666 0.93375 0.059166666666666666 0.08
12 0.74125 0.9321875 0.06416666666666666 0.079375
12 0.8079166666666666 0.9296875 0.06583333333333333 0.074375
12 0.7516666666666667 0.8509375 0.065 0.074375
