10 0.30041666666666667 0.928125 0.36083333333333334 0.06375
10 0.29833333333333334 0.8715625 0.35333333333333333 0.061875
10 0.29875 0.8125 0.3575 0.0625
10 0.31083333333333335 0.7459375 0.3433333333333333 0.076875
10 0.3204166666666667 0.6825 0.3358333333333333 0.0675
10 0.3145833333333333 0.6128125 0.3475 0.069375
10 0.31958333333333333 0.5475 0.3458333333333333 0.06125
10 0.3120833333333333 0.485625 0.3408333333333333 0.065
10 0.31333333333333335 0.4234375 0.3566666666666667 0.060625
10 0.6733333333333333 0.9228125 0.37833333333333335 0.079375
10 0.6629166666666667 0.8440625 0.3725 0.076875
10 0.6720833333333334 0.779375 0.37916666666666665 0.06
10 0.6791666666666667 0.7134375 0.375 0.065625
10 0.6825 0.6403125 0.38 0.080625
10 0.6845833333333333 0.5615625 0.38083333333333336 0.073125
10 0.6829166666666666 0.48 0.38416666666666666 0.08375
10 0.6820833333333334 0.4015625 0.3908333333333333 0.069375
10 0.6575 0.3390625 0.265 0.051875
10 0.6533333333333333 0.2859375 0.24666666666666667 0.049375
10 0.06 0.931875 0.12 0.055
10 0.06166666666666667 0.875 0.11833333333333333 0.05125
10 0.06208333333333333 0.8196875 0.12416666666666666 0.061875
10 0.06583333333333333 0.750625 0.13166666666666665 0.055
10 0.07166666666666667 0.6890625 0.14333333333333334 0.056875
10 0.07208333333333333 0.625 0.1425 0.0625
10 0.06833333333333333 0.5615625 0.135 0.050625
10 0.07041666666666667 0.5046875 0.13583333333333333 0.061875
10 0.06791666666666667 0.4378125 0.13583333333333333 0.065625
10 0.4058333333333333 0.34 0.235 0.07
10 0.9295833333333333 0.9271875 0.1375 0.068125
10 0.9258333333333333 0.8509375 0.14166666666666666 0.071875
10 0.9270833333333334 0.776875 0.13583333333333333 0.07
10 0.9316666666666666 0.7053125 0.125 0.068125
10 0.9370833333333334 0.6365625 0.11583333333333333 0.060625
10 0.9358333333333333 0.565625 0.125 0.065
10 0.9320833333333334 0.49125 0.12916666666666668 0.0725
10 0.9308333333333333 0.414375 0.12833333333333333 0.0725
10 0.93 0.3371875 0.13333333333333333 0.066875
