10 0.10291666666666667 0.9059375 0.2025 0.038125
10 0.10291666666666667 0.8721875 0.20583333333333334 0.035625
10 0.10166666666666667 0.840625 0.20333333333333334 0.0375
10 0.10041666666666667 0.811875 0.20083333333333334 0.0375
10 0.1 0.78125 0.2 0.04
10 0.10041666666666667 0.746875 0.20083333333333334 0.03625
10 0.27666666666666667 0.9109375 0.135 0.024375
10 0.415 0.918125 0.14166666666666666 0.02875
10 0.41375 0.8965625 0.13416666666666666 0.019375
10 0.27708333333333335 0.8903125 0.1375 0.021875
10 0.27375 0.8728125 0.13416666666666666 0.026875
10 0.27666666666666667 0.853125 0.13833333333333334 0.0275
10 0.27791666666666665 0.8359375 0.1425 0.029375
10 0.27958333333333335 0.8196875 0.14083333333333334 0.029375
10 0.27625 0.795625 0.15083333333333335 0.03
10 0.41458333333333336 0.87875 0.13916666666666666 0.02375
10 0.41833333333333333 0.85625 0.14 0.02125
10 0.4225 0.835 0.145 0.02375
10 0.425 0.816875 0.15 0.02375
10 0.42375 0.796875 0.1475 0.02375
10 0.42375 0.775625 0.15083333333333335 0.025
10 0.275 0.7671875 0.14666666666666667 0.028125
10 0.28 0.7509375 0.15166666666666667 0.026875
10 0.285 0.729375 0.145 0.035
10 0.6054166666666667 0.914375 0.2425 0.0325
10 0.6075 0.8925 0.24166666666666667 0.035
10 0.6116666666666667 0.865 0.24166666666666667 0.03625
10 0.6208333333333333 0.8396875 0.24166666666666667 0.034375
10 0.6245833333333334 0.80625 0.24583333333333332 0.04
10 0.6258333333333334 0.776875 0.25333333333333335 0.03375
10 0.6420833333333333 0.7459375 0.25083333333333335 0.026875
10 0.6458333333333334 0.7103125 0.25333333333333335 0.038125
10 0.8070833333333334 0.91125 0.15583333333333332 0.0275
10 0.8191666666666667 0.891875 0.15666666666666668 0.03625
10 0.8279166666666666 0.8646875 0.16083333333333333 0.029375
10 0.8279166666666666 0.8378125 0.16416666666666666 0.035625
10 0.8354166666666667 0.8053125 0.1675 0.034375
10 0.8404166666666667 0.7753125 0.16416666666666666 0.038125
10 0.8483333333333334 0.7371875 0.14833333333333334 0.036875
10 0.8470833333333333 0.6371875 0.14916666666666667 0.028125
10 0.85875 0.618125 0.1575 0.03
10 0.86375 0.5896875 0.15416666666666667 0.030625
10 0.8679166666666667 0.560625 0.15416666666666667 0.0325
10 0.8766666666666667 0.5334375 0.15833333333333333 0.030625
10 0.8775 0.431875 0.235 0.035
10 0.8791666666666667 0.4028125 0.23833333333333334 0.035625
10 0.8791666666666667 0.368125 0.23666666666666666 0.03625
10 0.8833333333333333 0.336875 0.22833333333333333 0.0425
10 0.8808333333333334 0.3015625 0.235 0.036875
10 0.8745833333333334 0.2628125 0.24416666666666667 0.036875
10 0.65875 0.63375 0.21583333333333332 0.0325
10 0.6675 0.608125 0.215 0.0325
10 0.6704166666666667 0.5840625 0.2175 0.033125
10 0.6704166666666667 0.5540625 0.2225 0.033125
10 0.675 0.5221875 0.22833333333333333 0.034375
10 0.6408333333333334 0.4284375 0.23833333333333334 0.035625
10 0.6425 0.398125 0.23666666666666666 0.03375
10 0.6408333333333334 0.37125 0.23333333333333334 0.03875
10 0.6416666666666667 0.34125 0.24166666666666667 0.0375
10 0.6429166666666667 0.3078125 0.2325 0.034375
10 0.43583333333333335 0.630625 0.21666666666666667 0.02875
10 0.43916666666666665 0.60875 0.21666666666666667 0.035
10 0.43833333333333335 0.5828125 0.21666666666666667 0.038125
10 0.445 0.55375 0.22166666666666668 0.03625
10 0.43875 0.524375 0.2275 0.03125
10 0.3958333333333333 0.4259375 0.22833333333333333 0.034375
10 0.3925 0.4025 0.23833333333333334 0.04125
10 0.39 0.36875 0.24333333333333335 0.04375
10 0.3925 0.3325 0.235 0.04125
10 0.20875 0.628125 0.2025 0.0275
10 0.20458333333333334 0.601875 0.20916666666666667 0.03125
10 0.20833333333333334 0.573125 0.21833333333333332 0.02875
10 0.20916666666666667 0.546875 0.23166666666666666 0.0325
10 0.20166666666666666 0.518125 0.23 0.0325
10 0.04583333333333333 0.62625 0.09 0.03125
10 0.042916666666666665 0.598125 0.08583333333333333 0.0325
10 0.042083333333333334 0.5703125 0.0825 0.029375
10 0.03916666666666667 0.5453125 0.07833333333333334 0.025625
10 0.14708333333333334 0.42 0.22416666666666665 0.035
10 0.14833333333333334 0.39 0.235 0.02875
10 0.14916666666666667 0.355625 0.235 0.03625
10 0.14166666666666666 0.3171875 0.24333333333333335 0.035625
10 0.12791666666666668 0.1740625 0.25583333333333336 0.033125
10 0.11166666666666666 0.1428125 0.22333333333333333 0.038125
10 0.1075 0.10375 0.215 0.045
10 0.10875 0.065625 0.21583333333333332 0.045
10 0.10875 0.0290625 0.21416666666666667 0.041875
10 0.6383333333333333 0.1815625 0.24166666666666667 0.039375
10 0.8816666666666667 0.1871875 0.22833333333333333 0.030625
10 0.8766666666666667 0.1540625 0.23 0.039375
