11 0.40291666666666665 0.0915625 0.08083333333333333 0.101875
11 0.49416666666666664 0.0903125 0.10666666666666667 0.103125
11 0.5995833333333334 0.0903125 0.10583333333333333 0.109375
11 0.3879166666666667 0.19375 0.10083333333333333 0.10125
11 0.48791666666666667 0.1934375 0.10583333333333333 0.105625
11 0.595 0.1953125 0.10333333333333333 0.099375
11 0.5904166666666667 0.298125 0.09916666666666667 0.1025
11 0.48791666666666667 0.2953125 0.1075 0.106875
11 0.3854166666666667 0.2953125 0.10083333333333333 0.104375
11 0.185 0.29 0.10666666666666667 0.10125
11 0.0825 0.2915625 0.09833333333333333 0.104375
11 0.28375 0.293125 0.0975 0.1075
11 0.6975 0.1096875 0.09 0.134375
11 0.7904166666666667 0.10625 0.0925 0.13625
11 0.69 0.285625 0.08833333333333333 0.12875
11 0.77875 0.28375 0.0925 0.13
11 0.6970833333333334 0.19625 0.0875 0.05
11 0.7854166666666667 0.19875 0.09083333333333334 0.04875
11 0.8820833333333333 0.105625 0.10083333333333333 0.105
11 0.88 0.20625 0.10166666666666667 0.09375
11 0.8770833333333333 0.3 0.1075 0.09375
11 0.96 0.3025 0.07 0.09375
11 0.9608333333333333 0.2078125 0.06833333333333333 0.089375
11 0.96375 0.109375 0.06416666666666666 0.10125
11 0.42583333333333334 0.6059375 0.08833333333333333 0.091875
11 0.59125 0.61 0.0825 0.08875
11 0.495 0.4334375 0.075 0.071875
11 0.49666666666666665 0.506875 0.07166666666666667 0.07
11 0.495 0.5778125 0.07 0.073125
11 0.5704166666666667 0.504375 0.07083333333333333 0.06875
11 0.5683333333333334 0.4321875 0.07333333333333333 0.076875
11 0.6425 0.431875 0.07333333333333333 0.075
11 0.645 0.5065625 0.075 0.070625
11 0.7129166666666666 0.4303125 0.06916666666666667 0.074375
11 0.7816666666666666 0.4303125 0.07166666666666667 0.073125
11 0.7095833333333333 0.5034375 0.0675 0.068125
11 0.7779166666666667 0.5003125 0.0725 0.073125
11 0.9483333333333334 0.6303125 0.09 0.093125
11 0.9479166666666666 0.544375 0.0925 0.09375
11 0.9508333333333333 0.4590625 0.095 0.085625
11 0.4241666666666667 0.953125 0.09333333333333334 0.08375
11 0.51625 0.954375 0.0925 0.0875
11 0.42041666666666666 0.8665625 0.09583333333333334 0.090625
11 0.5175 0.8646875 0.095 0.090625
11 0.41791666666666666 0.77375 0.0975 0.09375
11 0.5158333333333334 0.7721875 0.095 0.090625
11 0.60875 0.7725 0.09416666666666666 0.08625
11 0.7004166666666667 0.7725 0.0925 0.09
11 0.6116666666666667 0.8615625 0.09333333333333334 0.093125
11 0.7029166666666666 0.8578125 0.0875 0.086875
11 0.7970833333333334 0.7715625 0.0975 0.089375
11 0.795 0.8609375 0.09666666666666666 0.089375
11 0.60875 0.9553125 0.09416666666666666 0.086875
11 0.7029166666666666 0.946875 0.09083333333333334 0.08875
11 0.7929166666666667 0.945 0.09083333333333334 0.08625
11 0.88625 0.9459375 0.09583333333333334 0.085625
11 0.8929166666666667 0.86 0.09416666666666666 0.085
11 0.8966666666666666 0.770625 0.09666666666666666 0.09
11 0.9729166666666667 0.7678125 0.050833333333333335 0.090625
11 0.96875 0.858125 0.0575 0.0925
11 0.9666666666666667 0.948125 0.06166666666666667 0.0875
12 0.09833333333333333 0.469375 0.10333333333333333 0.14125
12 0.1075 0.6084375 0.105 0.141875
12 0.03208333333333333 0.6125 0.060833333333333336 0.145
12 0.029166666666666667 0.46875 0.056666666666666664 0.145
12 0.030833333333333334 0.80375 0.06166666666666667 0.13125
12 0.03791666666666667 0.93625 0.06416666666666666 0.1225
12 0.11833333333333333 0.934375 0.09666666666666666 0.125
12 0.2833333333333333 0.819375 0.07166666666666667 0.105
12 0.3475 0.8421875 0.055 0.106875
