10 0.06625 0.90875 0.1325 0.035
10 0.26166666666666666 0.9125 0.255 0.03375
10 0.5258333333333334 0.9259375 0.2683333333333333 0.041875
10 0.5370833333333334 0.8971875 0.2841666666666667 0.045625
10 0.5420833333333334 0.853125 0.2775 0.0475
10 0.5379166666666667 0.8084375 0.2825 0.056875
10 0.5433333333333333 0.758125 0.285 0.06125
10 0.51875 0.704375 0.2675 0.05375
10 0.5183333333333333 0.6521875 0.27666666666666667 0.054375
10 0.5166666666666667 0.596875 0.2916666666666667 0.05375
10 0.51375 0.5428125 0.2925 0.056875
10 0.4925 0.4778125 0.2683333333333333 0.053125
10 0.26958333333333334 0.8746875 0.24916666666666668 0.038125
10 0.26708333333333334 0.8353125 0.25416666666666665 0.038125
10 0.26458333333333334 0.7946875 0.2575 0.041875
10 0.25875 0.7490625 0.26916666666666667 0.045625
10 0.24333333333333335 0.6903125 0.2783333333333333 0.044375
10 0.235 0.64125 0.275 0.045
10 0.22166666666666668 0.590625 0.2866666666666667 0.0525
10 0.22458333333333333 0.5375 0.2875 0.0525
10 0.8154166666666667 0.9203125 0.2825 0.043125
10 0.8216666666666667 0.89 0.275 0.0525
10 0.8275 0.8446875 0.2816666666666667 0.049375
10 0.8291666666666667 0.8071875 0.295 0.054375
10 0.8341666666666666 0.759375 0.2866666666666667 0.0525
10 0.8366666666666667 0.7059375 0.2816666666666667 0.061875
10 0.8470833333333333 0.6496875 0.2625 0.049375
10 0.79 0.473125 0.21333333333333335 0.03375
10 0.22333333333333333 0.3065625 0.18166666666666667 0.038125
10 0.41041666666666665 0.3084375 0.19083333333333333 0.031875
10 0.56625 0.3028125 0.13083333333333333 0.034375
10 0.5516666666666666 0.2696875 0.11666666666666667 0.029375
10 0.5495833333333333 0.233125 0.12083333333333333 0.0325
10 0.39666666666666667 0.2746875 0.19666666666666666 0.034375
10 0.3904166666666667 0.2340625 0.1925 0.038125
10 0.06625 0.303125 0.12416666666666666 0.04125
10 0.056666666666666664 0.266875 0.11333333333333333 0.0275
10 0.20833333333333334 0.270625 0.17833333333333334 0.0325
10 0.20041666666666666 0.2334375 0.18583333333333332 0.030625
10 0.37666666666666665 0.1946875 0.19166666666666668 0.038125
10 0.5445833333333333 0.1896875 0.1425 0.040625
10 0.5425 0.14625 0.14666666666666667 0.04375
10 0.5445833333333333 0.1040625 0.1475 0.040625
10 0.375 0.1540625 0.18833333333333332 0.038125
10 0.36791666666666667 0.113125 0.20416666666666666 0.0375
10 0.3595833333333333 0.064375 0.1975 0.0475
10 0.8616666666666667 0.24375 0.265 0.05375
10 0.86125 0.29125 0.27416666666666667 0.04375
10 0.8654166666666666 0.1875 0.2658333333333333 0.05375
10 0.8670833333333333 0.1346875 0.25916666666666666 0.054375
10 0.06958333333333333 0.8709375 0.1375 0.040625
10 0.0675 0.834375 0.13333333333333333 0.045
10 0.0675 0.7971875 0.13333333333333333 0.041875
10 0.06291666666666666 0.7465625 0.12583333333333332 0.048125
10 0.05583333333333333 0.7 0.10333333333333333 0.0475
10 0.04833333333333333 0.6484375 0.095 0.049375
