10 0.051666666666666666 0.2 0.09833333333333333 0.1675
10 0.1825 0.2165625 0.135 0.136875
10 0.3283333333333333 0.138125 0.13666666666666666 0.0325
10 0.33166666666666667 0.1721875 0.14333333333333334 0.031875
10 0.3275 0.1990625 0.14166666666666666 0.031875
10 0.325 0.2246875 0.14166666666666666 0.025625
10 0.32875 0.246875 0.14416666666666667 0.02375
10 0.3258333333333333 0.2715625 0.145 0.025625
10 0.4658333333333333 0.2740625 0.14166666666666666 0.023125
10 0.46708333333333335 0.2515625 0.13583333333333333 0.028125
10 0.46958333333333335 0.228125 0.14083333333333334 0.02875
10 0.4716666666666667 0.2040625 0.14333333333333334 0.028125
10 0.4725 0.1784375 0.13833333333333334 0.034375
10 0.6020833333333333 0.2684375 0.13916666666666666 0.021875
10 0.6041666666666666 0.245 0.13833333333333334 0.025
10 0.60875 0.2221875 0.14083333333333334 0.024375
10 0.6104166666666667 0.1984375 0.1375 0.025625
10 0.61375 0.1746875 0.14416666666666667 0.028125
10 0.6141666666666666 0.1465625 0.13833333333333334 0.029375
10 0.7479166666666667 0.269375 0.15083333333333335 0.0225
10 0.7504166666666666 0.244375 0.1525 0.0275
10 0.7516666666666667 0.220625 0.14833333333333334 0.02375
10 0.75625 0.196875 0.14583333333333334 0.03125
10 0.76 0.1703125 0.14666666666666667 0.029375
10 0.755 0.140625 0.14166666666666666 0.02875
10 0.92125 0.2125 0.14916666666666667 0.14375
10 0.22333333333333333 0.6403125 0.20666666666666667 0.049375
10 0.22 0.6896875 0.205 0.046875
10 0.20708333333333334 0.7275 0.18083333333333335 0.03375
10 0.4575 0.75375 0.3233333333333333 0.0775
10 0.4625 0.830625 0.3466666666666667 0.0775
10 0.43375 0.8903125 0.3525 0.071875
10 0.4275 0.953125 0.33166666666666667 0.07625
10 0.13333333333333333 0.955 0.26166666666666666 0.0825
10 0.775 0.9375 0.3333333333333333 0.07125
10 0.8079166666666666 0.8734375 0.3591666666666667 0.081875
10 0.8070833333333334 0.805 0.3625 0.07
10 0.8016666666666666 0.73875 0.36333333333333334 0.06
