0 0.19427083333333334 0.175390625 0.096875 0.17421875
0 0.2703125 0.184765625 0.078125 0.15859375
0 0.34479166666666666 0.190625 0.07916666666666666 0.153125
0 0.41875 0.1921875 0.07291666666666667 0.1484375
0 0.47604166666666664 0.1875 0.06666666666666667 0.159375
0 0.58125 0.186328125 0.08333333333333333 0.16640625
0 0.6619791666666667 0.18671875 0.084375 0.16875
0 0.74375 0.1875 0.08125 0.171875
0 0.8161458333333333 0.18828125 0.07604166666666666 0.1703125
0 0.8947916666666667 0.187890625 0.0875 0.17265625
0 0.16354166666666667 0.36875 0.08125 0.15625
0 0.2520833333333333 0.36953125 0.075 0.153125
0 0.3296875 0.364453125 0.078125 0.16484375
0 0.40677083333333336 0.365234375 0.084375 0.16796875
0 0.5692708333333333 0.369140625 0.084375 0.16328125
0 0.6473958333333333 0.367578125 0.08020833333333334 0.16484375
0 0.728125 0.367578125 0.08333333333333333 0.16328125
0 0.7890625 0.37265625 0.06145833333333333 0.1515625
0 0.8791666666666667 0.36953125 0.08958333333333333 0.159375
0 0.18854166666666666 0.546875 0.07916666666666666 0.140625
0 0.26510416666666664 0.540234375 0.08020833333333334 0.15703125
0 0.3411458333333333 0.541796875 0.08229166666666667 0.16171875
0 0.42135416666666664 0.5453125 0.078125 0.1578125
0 0.496875 0.544140625 0.07708333333333334 0.15546875
0 0.5729166666666666 0.54609375 0.075 0.1515625
0 0.6489583333333333 0.543359375 0.075 0.15390625
0 0.7213541666666666 0.540625 0.07604166666666666 0.15625
0 0.7958333333333333 0.541015625 0.07708333333333334 0.15703125
0 0.865625 0.5390625 0.06875 0.15
0 0.22291666666666668 0.875 0.12916666666666668 0.14375
0 0.44479166666666664 0.873046875 0.12083333333333333 0.14765625
0 0.5661458333333333 0.86796875 0.11354166666666667 0.1453125
0 0.21927083333333333 0.7078125 0.121875 0.1421875
0 0.3375 0.709375 0.11875 0.1453125
0 0.453125 0.7015625 0.1125 0.1328125
0 0.5671875 0.703515625 0.115625 0.13203125
0 0.6859375 0.705078125 0.11770833333333333 0.14296875
0 0.8020833333333334 0.703125 0.11458333333333333 0.14375
0 0.790625 0.851171875 0.12083333333333333 0.12578125
0 0.6708333333333333 0.840625 0.09583333333333334 0.1
0 0.07135416666666666 0.867578125 0.134375 0.13828125
0 0.07864583333333333 0.706640625 0.10520833333333333 0.14921875
0 0.06666666666666667 0.365625 0.08541666666666667 0.1609375
0 0.07083333333333333 0.171875 0.075 0.1734375
0 0.0875 0.550390625 0.06458333333333334 0.13828125
