12 0.060833333333333336 0.0959375 0.09333333333333334 0.135625
12 0.15375 0.095 0.08916666666666667 0.12875
12 0.2425 0.0934375 0.09166666666666666 0.133125
12 0.33625 0.0925 0.09416666666666666 0.13625
12 0.43125 0.0915625 0.09083333333333334 0.135625
12 0.5225 0.09125 0.09166666666666666 0.1375
12 0.6170833333333333 0.09125 0.09416666666666666 0.1375
12 0.7079166666666666 0.0940625 0.08916666666666667 0.131875
12 0.8004166666666667 0.0940625 0.09083333333333334 0.135625
12 0.8929166666666667 0.0928125 0.09416666666666666 0.133125
12 0.9691666666666666 0.0946875 0.055 0.130625
12 0.10416666666666667 0.3921875 0.09333333333333334 0.105625
12 0.02625 0.3996875 0.0525 0.126875
12 0.028333333333333332 0.2775 0.055 0.12
12 0.10833333333333334 0.2775 0.08833333333333333 0.12375
12 0.20375 0.2775 0.08916666666666667 0.1225
12 0.19875 0.4009375 0.09083333333333334 0.125625
12 0.2941666666666667 0.40125 0.095 0.12125
12 0.2975 0.2765625 0.09166666666666666 0.128125
12 0.3933333333333333 0.2778125 0.08666666666666667 0.126875
12 0.3883333333333333 0.4021875 0.09166666666666666 0.123125
12 0.4845833333333333 0.276875 0.0925 0.1275
12 0.4866666666666667 0.4021875 0.09 0.121875
12 0.57875 0.2771875 0.09083333333333334 0.126875
12 0.5770833333333333 0.4025 0.09083333333333334 0.12375
12 0.6733333333333333 0.4025 0.09333333333333334 0.1225
12 0.67125 0.2765625 0.0925 0.128125
12 0.76875 0.27625 0.09583333333333334 0.12875
12 0.7670833333333333 0.403125 0.09583333333333334 0.12375
12 0.8620833333333333 0.2759375 0.0925 0.129375
12 0.8629166666666667 0.4021875 0.09583333333333334 0.125625
12 0.9529166666666666 0.275 0.0875 0.125
12 0.9541666666666667 0.4021875 0.08666666666666667 0.124375
12 0.085 0.5821875 0.08333333333333333 0.116875
12 0.06916666666666667 0.699375 0.08333333333333333 0.11375
12 0.15458333333333332 0.698125 0.0825 0.1175
12 0.17583333333333334 0.5803125 0.085 0.118125
12 0.2633333333333333 0.580625 0.085 0.11625
12 0.24166666666666667 0.6990625 0.085 0.115625
12 0.3308333333333333 0.6965625 0.08666666666666667 0.118125
12 0.34875 0.57875 0.0825 0.115
12 0.4370833333333333 0.5778125 0.08583333333333333 0.114375
12 0.41583333333333333 0.6965625 0.085 0.116875
12 0.50375 0.6953125 0.08416666666666667 0.118125
12 0.5395833333333333 0.5771875 0.0825 0.115625
12 0.59 0.695 0.08666666666666667 0.11875
12 0.6754166666666667 0.696875 0.08416666666666667 0.11875
12 0.7620833333333333 0.6975 0.09083333333333334 0.11625
12 0.6966666666666667 0.56375 0.07833333333333334 0.11
12 0.6166666666666667 0.5596875 0.075 0.096875
12 0.8641666666666666 0.57875 0.08833333333333333 0.115
12 0.8483333333333334 0.6971875 0.085 0.115625
12 0.94625 0.6971875 0.0875 0.121875
12 0.9545833333333333 0.5809375 0.07916666666666666 0.115625
12 0.10708333333333334 0.8534375 0.08916666666666667 0.089375
12 0.030416666666666668 0.8546875 0.060833333333333336 0.091875
12 0.03375 0.95 0.06416666666666666 0.0975
12 0.10833333333333334 0.9478125 0.09 0.100625
12 0.19416666666666665 0.853125 0.08666666666666667 0.0875
12 0.19583333333333333 0.9478125 0.08666666666666667 0.100625
12 0.28208333333333335 0.853125 0.0875 0.0875
12 0.28125 0.9471875 0.0875 0.098125
12 0.36791666666666667 0.851875 0.08583333333333333 0.08875
12 0.3675 0.9475 0.085 0.09875
12 0.4533333333333333 0.853125 0.08333333333333333 0.08875
12 0.4525 0.94375 0.085 0.09375
12 0.5379166666666667 0.9525 0.08416666666666667 0.09
12 0.62375 0.9534375 0.08583333333333333 0.086875
12 0.70625 0.9528125 0.08583333333333333 0.086875
12 0.7979166666666667 0.9265625 0.07416666666666667 0.115625
