12 0.22458333333333333 0.0825 0.07583333333333334 0.085
12 0.29791666666666666 0.0815625 0.07416666666666667 0.084375
12 0.37333333333333335 0.08125 0.07833333333333334 0.08625
12 0.44666666666666666 0.0821875 0.07333333333333333 0.084375
12 0.7445833333333334 0.0671875 0.07416666666666667 0.105625
12 0.595 0.0821875 0.075 0.089375
12 0.6604166666666667 0.081875 0.05416666666666667 0.0725
12 0.82 0.0653125 0.07333333333333333 0.105625
12 0.89375 0.0659375 0.07583333333333334 0.106875
12 0.96625 0.065 0.06583333333333333 0.10875
12 0.19916666666666666 0.21625 0.07166666666666667 0.09625
12 0.08041666666666666 0.2225 0.06916666666666667 0.0875
12 0.13958333333333334 0.2246875 0.049166666666666664 0.083125
12 0.059583333333333335 0.3146875 0.06916666666666667 0.093125
12 0.0225 0.2246875 0.043333333333333335 0.089375
12 0.012916666666666667 0.3171875 0.025833333333333333 0.085625
12 0.12208333333333334 0.3140625 0.06416666666666666 0.094375
12 0.19541666666666666 0.2990625 0.07083333333333333 0.069375
12 0.26958333333333334 0.3140625 0.07083333333333333 0.098125
12 0.34125 0.3140625 0.07416666666666667 0.096875
12 0.2708333333333333 0.2165625 0.07 0.095625
12 0.3416666666666667 0.2165625 0.06833333333333333 0.099375
12 0.4141666666666667 0.21625 0.06833333333333333 0.09875
12 0.41291666666666665 0.315 0.06916666666666667 0.09375
12 0.4845833333333333 0.31375 0.07083333333333333 0.0975
12 0.4870833333333333 0.2140625 0.07416666666666667 0.095625
12 0.5616666666666666 0.21375 0.07166666666666667 0.105
12 0.56125 0.31375 0.0725 0.0975
12 0.6666666666666666 0.21125 0.07 0.1
12 0.74 0.2121875 0.07666666666666666 0.101875
12 0.67 0.31 0.07 0.09875
12 0.7420833333333333 0.3109375 0.07416666666666667 0.095625
12 0.8166666666666667 0.3109375 0.075 0.096875
12 0.8175 0.211875 0.07666666666666666 0.0975
12 0.8925 0.21125 0.07666666666666666 0.1
12 0.89 0.3103125 0.07666666666666666 0.099375
12 0.9645833333333333 0.310625 0.06916666666666667 0.10125
12 0.965 0.21 0.06666666666666667 0.0975
12 0.0575 0.446875 0.065 0.09875
12 0.0125 0.4453125 0.025 0.098125
12 0.059583333333333335 0.54375 0.06583333333333333 0.09625
12 0.01375 0.5434375 0.0275 0.096875
12 0.125 0.5471875 0.065 0.098125
12 0.19333333333333333 0.569375 0.07166666666666667 0.05125
12 0.265 0.569375 0.06833333333333333 0.05125
12 0.3329166666666667 0.4496875 0.06916666666666667 0.099375
12 0.33208333333333334 0.548125 0.0675 0.09625
12 0.39875 0.4509375 0.0675 0.098125
12 0.39958333333333335 0.5484375 0.06583333333333333 0.096875
12 0.4675 0.4515625 0.06666666666666667 0.099375
12 0.3983333333333333 0.5484375 0.06666666666666667 0.095625
12 0.5375 0.451875 0.06833333333333333 0.1025
12 0.4675 0.550625 0.06666666666666667 0.09875
12 0.53625 0.5503125 0.06916666666666667 0.096875
12 0.6104166666666667 0.549375 0.07083333333333333 0.09625
12 0.6054166666666667 0.4521875 0.07416666666666667 0.098125
12 0.6841666666666667 0.4603125 0.07 0.091875
12 0.68875 0.55125 0.07416666666666667 0.09375
12 0.75875 0.458125 0.06916666666666667 0.095
12 0.7645833333333333 0.5515625 0.0725 0.093125
12 0.8320833333333333 0.4584375 0.07083333333333333 0.093125
12 0.8354166666666667 0.5521875 0.06916666666666667 0.094375
12 0.9029166666666667 0.4590625 0.06916666666666667 0.094375
12 0.9054166666666666 0.5525 0.06916666666666667 0.0925
12 0.9683333333333334 0.46 0.058333333333333334 0.095
12 0.9691666666666666 0.55375 0.058333333333333334 0.09125
12 0.12833333333333333 0.665625 0.065 0.075
12 0.06375 0.6634375 0.06583333333333333 0.076875
12 0.06541666666666666 0.75 0.06583333333333333 0.09375
12 0.12958333333333333 0.749375 0.06583333333333333 0.09375
12 0.19458333333333333 0.749375 0.06583333333333333 0.09375
12 0.19333333333333333 0.66625 0.065 0.075
12 0.25708333333333333 0.6675 0.06583333333333333 0.075
12 0.2604166666666667 0.75125 0.06916666666666667 0.095
12 0.32166666666666666 0.668125 0.065 0.075
12 0.325 0.7525 0.06666666666666667 0.09125
12 0.3875 0.6678125 0.06666666666666667 0.074375
12 0.39166666666666666 0.7534375 0.06666666666666667 0.093125
12 0.45166666666666666 0.6678125 0.06166666666666667 0.074375
12 0.45708333333333334 0.7528125 0.06416666666666666 0.094375
12 0.515 0.6696875 0.065 0.073125
12 0.5208333333333334 0.754375 0.065 0.09125
12 0.5791666666666667 0.67125 0.07 0.075
12 0.5883333333333334 0.7559375 0.065 0.093125
12 0.6545833333333333 0.75625 0.0675 0.09125
12 0.7233333333333334 0.7565625 0.06833333333333333 0.094375
12 0.6516666666666666 0.6640625 0.06333333333333334 0.064375
12 0.7270833333333333 0.6703125 0.0675 0.074375
12 0.79375 0.671875 0.06416666666666666 0.07625
12 0.7895833333333333 0.7571875 0.06583333333333333 0.093125
12 0.8579166666666667 0.7578125 0.06916666666666667 0.094375
12 0.8616666666666667 0.6703125 0.06666666666666667 0.074375
12 0.9291666666666667 0.6728125 0.065 0.074375
12 0.9258333333333333 0.758125 0.06666666666666667 0.09625
12 0.98 0.758125 0.03833333333333333 0.095
12 0.9804166666666667 0.673125 0.035833333333333335 0.0775
12 0.09875 0.883125 0.0625 0.085
12 0.032916666666666664 0.883125 0.06416666666666666 0.08625
12 0.034583333333333334 0.9625 0.060833333333333336 0.07375
12 0.09833333333333333 0.963125 0.065 0.0725
12 0.1625 0.961875 0.06333333333333334 0.07125
12 0.16291666666666665 0.8821875 0.0625 0.088125
12 0.22583333333333333 0.8834375 0.06 0.090625
12 0.22333333333333333 0.9628125 0.06166666666666667 0.071875
12 0.29125 0.8890625 0.06583333333333333 0.089375
12 0.28833333333333333 0.965625 0.06666666666666667 0.0675
12 0.35583333333333333 0.89125 0.06666666666666667 0.08875
12 0.3541666666666667 0.9675 0.06666666666666667 0.06125
12 0.4225 0.890625 0.065 0.08875
12 0.4216666666666667 0.9665625 0.06666666666666667 0.061875
12 0.48791666666666667 0.966875 0.06416666666666666 0.06375
12 0.4866666666666667 0.8915625 0.06333333333333334 0.084375
12 0.5529166666666666 0.9003125 0.06416666666666666 0.081875
12 0.5516666666666666 0.9703125 0.06666666666666667 0.055625
12 0.6216666666666667 0.8978125 0.06666666666666667 0.084375
12 0.6220833333333333 0.9696875 0.06416666666666666 0.059375
12 0.6870833333333334 0.895625 0.06583333333333333 0.09
12 0.6875 0.97 0.06833333333333333 0.0575
12 0.75375 0.895 0.06416666666666666 0.09125
12 0.7545833333333334 0.9696875 0.06583333333333333 0.055625
12 0.81875 0.899375 0.0675 0.09
12 0.8220833333333334 0.9715625 0.0625 0.054375
12 0.8866666666666667 0.9 0.06666666666666667 0.09125
12 0.8883333333333333 0.9721875 0.065 0.053125
12 0.955 0.8996875 0.07 0.091875
12 0.9541666666666667 0.9709375 0.06666666666666667 0.046875
