11 0.15041666666666667 0.9075 0.1925 0.1775
11 0.025833333333333333 0.90625 0.05 0.18
11 0.33791666666666664 0.9075 0.18416666666666667 0.18
11 0.5320833333333334 0.903125 0.19416666666666665 0.185
11 0.7208333333333333 0.9025 0.195 0.1925
11 0.90375 0.90125 0.18916666666666668 0.19375
11 0.8704166666666666 0.7 0.17916666666666667 0.175
11 0.8591666666666666 0.5359375 0.16666666666666666 0.159375
11 0.6945833333333333 0.5353125 0.16416666666666666 0.161875
11 0.7029166666666666 0.7015625 0.17083333333333334 0.170625
11 0.53375 0.703125 0.16416666666666666 0.175
11 0.5366666666666666 0.535625 0.16 0.16625
11 0.3383333333333333 0.7196875 0.18833333333333332 0.190625
11 0.15375 0.7209375 0.18583333333333332 0.190625
11 0.3425 0.57875 0.18333333333333332 0.08625
11 0.16041666666666668 0.52875 0.18083333333333335 0.19
11 0.03166666666666667 0.7196875 0.06 0.194375
11 0.03625 0.53 0.07083333333333333 0.18375
11 0.06 0.095625 0.12 0.16375
11 0.055 0.2590625 0.10833333333333334 0.166875
11 0.19541666666666666 0.2584375 0.16916666666666666 0.164375
11 0.36916666666666664 0.2590625 0.16833333333333333 0.163125
11 0.20291666666666666 0.09625 0.1675 0.15625
11 0.3720833333333333 0.09625 0.1675 0.16
11 0.5420833333333334 0.098125 0.16916666666666666 0.1525
11 0.5458333333333333 0.2578125 0.17666666666666667 0.166875
11 0.7054166666666667 0.1025 0.16916666666666666 0.155
11 0.7195833333333334 0.2571875 0.16916666666666666 0.163125
11 0.88375 0.25875 0.1775 0.16125
11 0.8716666666666667 0.104375 0.17 0.15375
