4 0.15885416666666666 0.20078125 0.026041666666666668 0.075
4 0.18541666666666667 0.198046875 0.029166666666666667 0.07890625
4 0.2109375 0.197265625 0.030208333333333334 0.08203125
4 0.24010416666666667 0.193359375 0.030208333333333334 0.08359375
4 0.26875 0.18984375 0.027083333333333334 0.084375
4 0.2989583333333333 0.187109375 0.035416666666666666 0.08671875
4 0.33489583333333334 0.187109375 0.036458333333333336 0.08515625
4 0.36875 0.183984375 0.03333333333333333 0.08671875
4 0.403125 0.16953125 0.041666666666666664 0.103125
4 0.44895833333333335 0.166796875 0.05 0.10390625
4 0.5140625 0.16875 0.03854166666666667 0.0921875
4 0.5546875 0.16484375 0.04479166666666667 0.0921875
4 0.7713541666666667 0.159375 0.042708333333333334 0.06875
4 0.728125 0.167578125 0.041666666666666664 0.06171875
4 0.6932291666666667 0.172265625 0.028125 0.05703125
4 0.6005208333333333 0.176171875 0.040625 0.06171875
4 0.6390625 0.175390625 0.03854166666666667 0.05234375
4 0.11770833333333333 0.305859375 0.020833333333333332 0.06328125
4 0.1390625 0.305078125 0.023958333333333335 0.06484375
4 0.16145833333333334 0.3046875 0.022916666666666665 0.065625
4 0.18541666666666667 0.303125 0.029166666666666667 0.0671875
4 0.2140625 0.302734375 0.028125 0.06953125
4 0.24010416666666667 0.301953125 0.023958333333333335 0.06796875
4 0.265625 0.301171875 0.029166666666666667 0.06796875
4 0.296875 0.3015625 0.03333333333333333 0.06875
4 0.3307291666666667 0.299609375 0.036458333333333336 0.07265625
4 0.10677083333333333 0.396875 0.026041666666666668 0.0625
4 0.13489583333333333 0.39921875 0.030208333333333334 0.0640625
4 0.20104166666666667 0.401953125 0.027083333333333334 0.06953125
4 0.22864583333333333 0.4015625 0.028125 0.0703125
4 0.25416666666666665 0.40390625 0.029166666666666667 0.06875
4 0.2864583333333333 0.4046875 0.035416666666666666 0.0703125
4 0.13489583333333333 0.487890625 0.03229166666666667 0.06328125
4 0.1796875 0.48984375 0.030208333333333334 0.065625
4 0.2125 0.498046875 0.035416666666666666 0.06328125
4 0.2609375 0.49765625 0.028125 0.0671875
4 0.28854166666666664 0.498828125 0.03125 0.06640625
4 0.3260416666666667 0.505078125 0.029166666666666667 0.06953125
4 0.11458333333333333 0.575390625 0.03333333333333333 0.06171875
4 0.2125 0.589453125 0.027083333333333334 0.06171875
4 0.2375 0.59140625 0.025 0.06875
4 0.26197916666666665 0.5953125 0.028125 0.06875
4 0.28958333333333336 0.599609375 0.027083333333333334 0.06953125
4 0.31875 0.603125 0.03333333333333333 0.071875
4 0.3494791666666667 0.60546875 0.03229166666666667 0.071875
4 0.3770833333333333 0.609375 0.03125 0.0765625
4 0.40677083333333336 0.61328125 0.034375 0.0765625
4 0.43802083333333336 0.616796875 0.036458333333333336 0.08046875
4 0.35625 0.50390625 0.03333333333333333 0.0734375
4 0.3859375 0.507421875 0.030208333333333334 0.07578125
4 0.4140625 0.51015625 0.034375 0.0734375
4 0.4453125 0.5125 0.034375 0.075
4 0.4791666666666667 0.51484375 0.0375 0.078125
4 0.5171875 0.5171875 0.040625 0.078125
4 0.4473958333333333 0.41015625 0.036458333333333336 0.075
4 0.48125 0.409375 0.0375 0.08125
4 0.5171875 0.410546875 0.036458333333333336 0.07890625
4 0.5515625 0.4109375 0.036458333333333336 0.08125
4 0.5729166666666666 0.523828125 0.035416666666666666 0.08046875
4 0.6078125 0.524609375 0.03854166666666667 0.08671875
4 0.6479166666666667 0.53125 0.041666666666666664 0.084375
4 0.4713541666666667 0.62421875 0.03854166666666667 0.0796875
4 0.503125 0.628125 0.0375 0.08125
4 0.5411458333333333 0.631640625 0.042708333333333334 0.08203125
4 0.5880208333333333 0.637109375 0.042708333333333334 0.08515625
4 0.6546875 0.646484375 0.040625 0.08828125
4 0.6973958333333333 0.651953125 0.04479166666666667 0.08984375
4 0.7385416666666667 0.657421875 0.041666666666666664 0.09296875
4 0.6848958333333334 0.53359375 0.042708333333333334 0.0890625
4 0.7291666666666666 0.5375 0.04583333333333333 0.0921875
4 0.5875 0.412109375 0.03958333333333333 0.08359375
4 0.6270833333333333 0.412109375 0.03958333333333333 0.08359375
4 0.6703125 0.41328125 0.04479166666666667 0.0859375
4 0.7140625 0.41328125 0.04479166666666667 0.0921875
4 0.7552083333333334 0.41328125 0.041666666666666664 0.09375
4 0.3796875 0.30078125 0.034375 0.06875
4 0.41510416666666666 0.3 0.036458333333333336 0.06875
4 0.4869791666666667 0.29453125 0.034375 0.078125
4 0.5244791666666667 0.29296875 0.03854166666666667 0.08125
4 0.5635416666666667 0.29140625 0.03958333333333333 0.0828125
4 0.603125 0.290625 0.041666666666666664 0.084375
4 0.6432291666666666 0.289453125 0.040625 0.08515625
4 0.684375 0.2875 0.04583333333333333 0.084375
4 0.7291666666666666 0.284765625 0.041666666666666664 0.08828125
4 0.7671875 0.28359375 0.040625 0.0890625
4 0.871875 0.278125 0.0625 0.0921875
4 0.9302083333333333 0.27421875 0.058333333333333334 0.1015625
4 0.8489583333333334 0.403125 0.07291666666666667 0.1078125
4 0.9130208333333333 0.41015625 0.06354166666666666 0.10625
4 0.8369791666666667 0.541015625 0.057291666666666664 0.11171875
4 0.8927083333333333 0.54453125 0.0625 0.109375
4 0.9630208333333333 0.5453125 0.059375 0.1015625
4 0.8270833333333333 0.6640625 0.06041666666666667 0.109375
4 0.8828125 0.674609375 0.065625 0.11328125
4 0.9479166666666666 0.6890625 0.06875 0.1109375
4 0.8666666666666667 0.128125 0.05416666666666667 0.1203125
4 0.934375 0.126953125 0.06875 0.11484375
4 0.975 0.266015625 0.04375 0.10859375
4 0.5994791666666667 0.782421875 0.06979166666666667 0.17109375
4 0.4859375 0.773046875 0.06979166666666667 0.18671875
4 0.43072916666666666 0.757421875 0.059375 0.16953125
4 0.365625 0.745703125 0.0625 0.16796875
4 0.20208333333333334 0.909375 0.06458333333333334 0.1703125
4 0.2786458333333333 0.908984375 0.051041666666666666 0.16171875
4 0.33125 0.917578125 0.052083333333333336 0.15390625
4 0.24010416666666667 0.691015625 0.04895833333333333 0.11171875
4 0.2890625 0.699609375 0.042708333333333334 0.10703125
4 0.328125 0.71015625 0.03125 0.1109375
4 0.86875 0.837890625 0.07916666666666666 0.15234375
