12 0.23291666666666666 0.533125 0.059166666666666666 0.075
12 0.29 0.5359375 0.058333333333333334 0.074375
12 0.34958333333333336 0.5334375 0.05583333333333333 0.075625
12 0.4041666666666667 0.5321875 0.05 0.078125
12 0.23583333333333334 0.60625 0.056666666666666664 0.075
12 0.29041666666666666 0.6065625 0.0575 0.070625
12 0.3441666666666667 0.6071875 0.05 0.071875
12 0.39666666666666667 0.6128125 0.055 0.071875
12 0.4558333333333333 0.6084375 0.055 0.068125
12 0.5108333333333334 0.60875 0.05333333333333334 0.07
12 0.5145833333333333 0.536875 0.05416666666666667 0.07125
12 0.5691666666666667 0.5359375 0.056666666666666664 0.075625
12 0.5666666666666667 0.61125 0.051666666666666666 0.07125
12 0.6191666666666666 0.6090625 0.05333333333333334 0.070625
12 0.23791666666666667 0.8109375 0.059166666666666666 0.065625
12 0.29333333333333333 0.8115625 0.056666666666666664 0.068125
12 0.3491666666666667 0.8115625 0.055 0.066875
12 0.40291666666666665 0.8125 0.0525 0.06375
12 0.23083333333333333 0.7415625 0.06333333333333334 0.069375
12 0.28583333333333333 0.74375 0.06166666666666667 0.07
12 0.34875 0.73 0.05583333333333333 0.06625
12 0.4033333333333333 0.73 0.05333333333333334 0.06875
12 0.46208333333333335 0.75 0.0575 0.0675
12 0.45875 0.816875 0.05416666666666667 0.0625
12 0.5191666666666667 0.748125 0.055 0.06875
12 0.5158333333333334 0.813125 0.05333333333333334 0.06125
12 0.57125 0.8071875 0.05416666666666667 0.069375
12 0.6179166666666667 0.7771875 0.04583333333333333 0.061875
12 0.5725 0.7228125 0.051666666666666666 0.070625
12 0.7029166666666666 0.57625 0.0475 0.06625
12 0.6520833333333333 0.5690625 0.04083333333333333 0.059375
12 0.28833333333333333 0.4209375 0.06 0.078125
12 0.22875 0.424375 0.05583333333333333 0.08
12 0.22 0.339375 0.06166666666666667 0.08625
12 0.28791666666666665 0.34 0.059166666666666666 0.085
12 0.3416666666666667 0.3415625 0.06 0.083125
12 0.34458333333333335 0.4215625 0.05583333333333333 0.078125
12 0.40041666666666664 0.4246875 0.0575 0.081875
12 0.39958333333333335 0.343125 0.05583333333333333 0.08375
12 0.45875 0.35125 0.059166666666666666 0.08125
12 0.4575 0.4290625 0.056666666666666664 0.076875
12 0.515 0.4284375 0.06 0.075625
12 0.5725 0.3478125 0.05333333333333334 0.083125
12 0.6279166666666667 0.348125 0.0525 0.08125
12 0.5708333333333333 0.428125 0.05333333333333334 0.08
12 0.62625 0.428125 0.05416666666666667 0.07875
12 0.22 0.1296875 0.06166666666666667 0.083125
12 0.265 0.1315625 0.035 0.085625
12 0.30333333333333334 0.1265625 0.04666666666666667 0.089375
12 0.39916666666666667 0.1321875 0.065 0.095625
12 0.45916666666666667 0.1315625 0.06 0.095625
12 0.5141666666666667 0.1334375 0.04666666666666667 0.098125
12 0.21166666666666667 0.2178125 0.065 0.093125
12 0.27375 0.21875 0.059166666666666666 0.0925
12 0.3325 0.2225 0.06333333333333334 0.0925
12 0.39375 0.2234375 0.060833333333333336 0.088125
12 0.45458333333333334 0.224375 0.060833333333333336 0.0925
12 0.5195833333333333 0.2271875 0.059166666666666666 0.091875
12 0.5791666666666667 0.23875 0.06 0.07125
11 0.6379166666666667 0.24375 0.059166666666666666 0.06125
11 0.69625 0.245625 0.059166666666666666 0.0625
11 0.7541666666666667 0.245625 0.06333333333333334 0.0625
11 0.81125 0.2475 0.060833333333333336 0.06125
11 0.8704166666666666 0.24875 0.0575 0.06
11 0.9266666666666666 0.25125 0.056666666666666664 0.0625
11 0.8391666666666666 0.128125 0.03333333333333333 0.06
11 0.8275 0.18875 0.03666666666666667 0.06
11 0.8841666666666667 0.1284375 0.06 0.063125
11 0.8729166666666667 0.1896875 0.059166666666666666 0.060625
11 0.9341666666666667 0.190625 0.06166666666666667 0.06125
11 0.945 0.1303125 0.06333333333333334 0.064375
11 0.77875 0.815625 0.05416666666666667 0.05
11 0.8320833333333333 0.8159375 0.050833333333333335 0.046875
11 0.8858333333333334 0.8159375 0.05 0.046875
11 0.7829166666666667 0.76625 0.05583333333333333 0.0475
11 0.8375 0.7659375 0.058333333333333334 0.046875
11 0.8891666666666667 0.7675 0.04833333333333333 0.04625
11 0.7895833333333333 0.7146875 0.05583333333333333 0.053125
11 0.835 0.7040625 0.043333333333333335 0.049375
11 0.8841666666666667 0.7034375 0.055 0.051875
11 0.78625 0.619375 0.05583333333333333 0.05
11 0.8383333333333334 0.6215625 0.051666666666666666 0.048125
11 0.8875 0.619375 0.04666666666666667 0.04875
11 0.79375 0.570625 0.05583333333333333 0.04875
11 0.84375 0.570625 0.049166666666666664 0.04875
11 0.8945833333333333 0.56875 0.0525 0.045
11 0.7945833333333333 0.5196875 0.05416666666666667 0.050625
11 0.8454166666666667 0.520625 0.050833333333333335 0.05125
11 0.89625 0.52 0.0525 0.0475
11 0.9470833333333334 0.5234375 0.049166666666666664 0.046875
11 0.9395833333333333 0.5703125 0.04583333333333333 0.045625
11 0.9345833333333333 0.6203125 0.0525 0.045625
11 0.9758333333333333 0.6171875 0.03333333333333333 0.048125
11 0.9783333333333334 0.569375 0.035 0.04625
11 0.9825 0.5221875 0.02666666666666667 0.045625
11 0.7766666666666666 0.434375 0.055 0.0525
11 0.8754166666666666 0.4353125 0.0525 0.051875
11 0.7870833333333334 0.375 0.0475 0.04625
11 0.78875 0.3284375 0.04583333333333333 0.046875
11 0.8329166666666666 0.3278125 0.03916666666666667 0.048125
11 0.8329166666666666 0.375625 0.04416666666666667 0.0475
11 0.8829166666666667 0.37625 0.04583333333333333 0.04625
11 0.8883333333333333 0.3290625 0.045 0.048125
11 0.92875 0.33 0.04083333333333333 0.04875
11 0.9208333333333333 0.3784375 0.03833333333333333 0.044375
11 0.9691666666666666 0.33125 0.03833333333333333 0.0425
11 0.9575 0.376875 0.045 0.03875
11 0.9320833333333334 0.801875 0.04416666666666667 0.05
