10 0.12375 0.82875 0.24583333333333332 0.045
10 0.3729166666666667 0.8334375 0.2525 0.051875
10 0.3770833333333333 0.7834375 0.24916666666666668 0.048125
10 0.12625 0.7834375 0.2475 0.048125
10 0.12083333333333333 0.7384375 0.24 0.048125
10 0.3729166666666667 0.73625 0.25916666666666666 0.05125
10 0.36916666666666664 0.683125 0.25666666666666665 0.045
10 0.365 0.634375 0.25333333333333335 0.045
10 0.12083333333333333 0.649375 0.23833333333333334 0.045
10 0.12041666666666667 0.6953125 0.24083333333333334 0.045625
10 0.73125 0.84625 0.4141666666666667 0.065
10 0.7370833333333333 0.7984375 0.4241666666666667 0.063125
10 0.7145833333333333 0.7440625 0.41583333333333333 0.058125
10 0.7 0.6934375 0.4083333333333333 0.050625
10 0.7725 0.421875 0.30833333333333335 0.04
10 0.7654166666666666 0.378125 0.2991666666666667 0.045
10 0.765 0.325 0.2966666666666667 0.055
10 0.76875 0.2709375 0.2941666666666667 0.050625
10 0.7729166666666667 0.2184375 0.29583333333333334 0.050625
10 0.76625 0.1678125 0.30083333333333334 0.053125
10 0.77625 0.111875 0.2775 0.06125
10 0.4841666666666667 0.4321875 0.27 0.033125
10 0.49 0.3865625 0.25666666666666665 0.046875
10 0.48625 0.336875 0.25416666666666665 0.05
10 0.4870833333333333 0.2846875 0.25416666666666665 0.051875
10 0.23 0.424375 0.24833333333333332 0.04875
10 0.23166666666666666 0.3890625 0.25166666666666665 0.044375
10 0.2325 0.35 0.255 0.04
10 0.23125 0.30625 0.25083333333333335 0.045
10 0.23666666666666666 0.2546875 0.24833333333333332 0.050625
10 0.24041666666666667 0.2015625 0.22916666666666666 0.049375
10 0.05416666666666667 0.43 0.10666666666666667 0.04625
10 0.0475 0.381875 0.09 0.05
10 0.05 0.3253125 0.095 0.053125
10 0.051666666666666666 0.26375 0.10166666666666667 0.05625
10 0.05875 0.2015625 0.11416666666666667 0.061875
