10 0.8041666666666667 0.92375 0.24833333333333332 0.0475
10 0.80875 0.8890625 0.2525 0.046875
10 0.81125 0.8484375 0.2575 0.043125
10 0.8170833333333334 0.81125 0.2608333333333333 0.0475
10 0.8333333333333334 0.771875 0.275 0.0525
10 0.8433333333333334 0.73 0.27166666666666667 0.0525
10 0.8366666666666667 0.6890625 0.2816666666666667 0.050625
10 0.8408333333333333 0.6375 0.275 0.04375
10 0.8329166666666666 0.5909375 0.27416666666666667 0.036875
10 0.8370833333333333 0.5396875 0.29083333333333333 0.058125
10 0.8375 0.478125 0.29 0.05625
10 0.5666666666666667 0.9178125 0.23 0.039375
10 0.5658333333333333 0.8825 0.23166666666666666 0.04125
10 0.5675 0.844375 0.23666666666666666 0.0425
10 0.5666666666666667 0.805625 0.245 0.04375
10 0.57 0.766875 0.25333333333333335 0.04125
10 0.5770833333333333 0.72625 0.2475 0.04125
10 0.5695833333333333 0.683125 0.25916666666666666 0.045
10 0.56875 0.635625 0.2708333333333333 0.04125
10 0.5629166666666666 0.5940625 0.26416666666666666 0.038125
10 0.57 0.54625 0.255 0.04
10 0.5658333333333333 0.485 0.25166666666666665 0.05875
10 0.335 0.9115625 0.23833333333333334 0.041875
10 0.33125 0.8778125 0.24416666666666667 0.039375
10 0.33 0.846875 0.24833333333333332 0.03875
10 0.3258333333333333 0.80625 0.24 0.04
10 0.32208333333333333 0.7671875 0.24416666666666667 0.045625
10 0.3254166666666667 0.7175 0.25416666666666665 0.045
10 0.3179166666666667 0.6771875 0.24416666666666667 0.040625
10 0.3120833333333333 0.621875 0.24416666666666667 0.03625
10 0.30375 0.570625 0.2608333333333333 0.04
10 0.3070833333333333 0.5271875 0.2625 0.044375
10 0.3 0.4853125 0.2683333333333333 0.039375
10 0.1075 0.9046875 0.21166666666666667 0.036875
10 0.10541666666666667 0.87375 0.2075 0.04375
10 0.10333333333333333 0.8384375 0.20166666666666666 0.040625
10 0.0975 0.8025 0.19333333333333333 0.04
10 0.09708333333333333 0.7603125 0.19416666666666665 0.048125
10 0.09333333333333334 0.7153125 0.185 0.046875
10 0.09875 0.663125 0.19083333333333333 0.04875
10 0.8508333333333333 0.35 0.29333333333333333 0.035
10 0.86125 0.309375 0.26916666666666667 0.0425
10 0.8579166666666667 0.2571875 0.2791666666666667 0.044375
10 0.85 0.2025 0.29 0.0475
10 0.8454166666666667 0.1490625 0.2941666666666667 0.058125
10 0.5558333333333333 0.355 0.29833333333333334 0.0275
10 0.5625 0.3140625 0.29333333333333333 0.039375
10 0.5566666666666666 0.2671875 0.29833333333333334 0.044375
10 0.5483333333333333 0.2184375 0.28833333333333333 0.045625
10 0.5166666666666667 0.16375 0.335 0.05125
10 0.25625 0.3521875 0.2875 0.038125
10 0.25916666666666666 0.3178125 0.30333333333333334 0.046875
10 0.25125 0.2759375 0.2991666666666667 0.050625
10 0.25 0.2340625 0.3016666666666667 0.043125
10 0.08583333333333333 0.1884375 0.15333333333333332 0.054375
