10 0.19625 0.8759375 0.25416666666666665 0.043125
10 0.19333333333333333 0.8396875 0.25333333333333335 0.045625
10 0.18958333333333333 0.800625 0.2525 0.0475
10 0.19 0.75375 0.255 0.04625
10 0.19375 0.7184375 0.2658333333333333 0.048125
10 0.19166666666666668 0.6746875 0.25666666666666665 0.051875
10 0.45375 0.51875 0.2875 0.05125
10 0.4454166666666667 0.5778125 0.29083333333333333 0.056875
10 0.455 0.631875 0.29 0.0575
10 0.4533333333333333 0.6828125 0.26666666666666666 0.049375
10 0.4608333333333333 0.7321875 0.28 0.063125
10 0.4558333333333333 0.7775 0.2783333333333333 0.05
10 0.4508333333333333 0.8140625 0.27 0.045625
10 0.44708333333333333 0.8484375 0.2608333333333333 0.046875
10 0.44375 0.8846875 0.24583333333333332 0.048125
10 0.6908333333333333 0.89 0.25333333333333335 0.045
10 0.7045833333333333 0.8528125 0.25916666666666666 0.033125
10 0.7270833333333333 0.8184375 0.2775 0.040625
10 0.7275 0.7784375 0.2633333333333333 0.040625
10 0.73375 0.7346875 0.2758333333333333 0.045625
10 0.73 0.6828125 0.2816666666666667 0.044375
10 0.7341666666666666 0.634375 0.28 0.0475
10 0.7320833333333333 0.5771875 0.28583333333333333 0.050625
10 0.7416666666666667 0.5259375 0.29333333333333333 0.040625
10 0.90875 0.9025 0.1775 0.045
10 0.91625 0.87 0.1625 0.03875
10 0.92875 0.8321875 0.1375 0.036875
10 0.9279166666666666 0.788125 0.13916666666666666 0.04875
10 0.9333333333333333 0.7415625 0.13166666666666665 0.043125
10 0.9333333333333333 0.69375 0.12833333333333333 0.04875
10 0.9320833333333334 0.644375 0.1325 0.04625
10 0.9366666666666666 0.5934375 0.12166666666666667 0.049375
10 0.94375 0.531875 0.10916666666666666 0.06125
10 0.9345833333333333 0.464375 0.1275 0.0625
10 0.17291666666666666 0.624375 0.27416666666666667 0.05375
10 0.16291666666666665 0.57125 0.2725 0.055
10 0.16666666666666666 0.5171875 0.2816666666666667 0.054375
10 0.04583333333333333 0.166875 0.09166666666666666 0.04125
10 0.05291666666666667 0.2084375 0.10583333333333333 0.044375
10 0.060833333333333336 0.2475 0.12 0.045
10 0.06333333333333334 0.2821875 0.125 0.038125
10 0.22375 0.284375 0.1975 0.04
10 0.22041666666666668 0.2515625 0.20083333333333334 0.040625
10 0.20375 0.216875 0.18416666666666667 0.04125
10 0.195 0.178125 0.18166666666666667 0.05375
10 0.415 0.2875 0.19166666666666668 0.04
10 0.4125 0.250625 0.19666666666666666 0.03375
10 0.40125 0.2190625 0.19583333333333333 0.040625
10 0.39625 0.1821875 0.20416666666666666 0.049375
10 0.6045833333333334 0.29 0.18916666666666668 0.0425
10 0.6020833333333333 0.2509375 0.18916666666666668 0.031875
10 0.595 0.2190625 0.18666666666666668 0.043125
10 0.5879166666666666 0.17625 0.18083333333333335 0.04375
10 0.79875 0.2965625 0.19083333333333333 0.029375
10 0.7945833333333333 0.2634375 0.19416666666666665 0.040625
10 0.79 0.225625 0.19833333333333333 0.035
10 0.7895833333333333 0.184375 0.20416666666666666 0.04125
10 0.7875 0.1396875 0.21 0.048125
10 0.9479166666666666 0.299375 0.10083333333333333 0.0325
10 0.9445833333333333 0.2665625 0.10416666666666667 0.034375
10 0.9445833333333333 0.226875 0.1075 0.03875
10 0.9445833333333333 0.1875 0.1075 0.03875
10 0.945 0.1446875 0.1 0.045625
10 0.9416666666666667 0.1053125 0.105 0.038125
10 0.9475 0.058125 0.1 0.0525
