13 0.22583333333333333 0.9196875 0.45 0.076875
13 0.7141666666666666 0.9184375 0.55 0.071875
13 0.21708333333333332 0.8465625 0.42916666666666664 0.078125
13 0.6254166666666666 0.853125 0.35583333333333333 0.06875
13 0.23958333333333334 0.7778125 0.47583333333333333 0.088125
13 0.28958333333333336 0.6953125 0.3825 0.089375
13 0.6870833333333334 0.7671875 0.4508333333333333 0.083125
13 0.8591666666666666 0.850625 0.12 0.06875
13 0.6491666666666667 0.6834375 0.35 0.081875
13 0.9108333333333334 0.690625 0.17333333333333334 0.07625
13 0.7279166666666667 0.600625 0.5375 0.0825
13 0.6429166666666667 0.5190625 0.3975 0.079375
13 0.9183333333333333 0.5153125 0.15666666666666668 0.086875
13 0.7304166666666667 0.4321875 0.5275 0.081875
13 0.77625 0.34625 0.4325 0.0925
13 0.23125 0.605 0.4575 0.085
13 0.2758333333333333 0.52125 0.3516666666666667 0.0775
13 0.0475 0.5303125 0.095 0.081875
13 0.23416666666666666 0.4359375 0.4633333333333333 0.100625
13 0.3283333333333333 0.355 0.38333333333333336 0.07125
13 0.2683333333333333 0.2771875 0.535 0.085625
13 0.76875 0.259375 0.4525 0.08
