12 0.034166666666666665 0.125625 0.06666666666666667 0.11875
12 0.11208333333333333 0.12625 0.09916666666666667 0.12
12 0.19916666666666666 0.12875 0.085 0.12375
12 0.025 0.2546875 0.04833333333333333 0.136875
12 0.0975 0.253125 0.09833333333333333 0.13875
12 0.19541666666666666 0.2540625 0.09916666666666667 0.136875
12 0.29083333333333333 0.258125 0.09833333333333333 0.13125
12 0.2866666666666667 0.1278125 0.1 0.134375
12 0.38875 0.1296875 0.0975 0.125625
12 0.3904166666666667 0.2603125 0.0975 0.129375
12 0.4875 0.2609375 0.09666666666666666 0.131875
12 0.4875 0.1290625 0.09666666666666666 0.133125
12 0.5808333333333333 0.1328125 0.09333333333333334 0.130625
12 0.5804166666666667 0.2615625 0.09083333333333334 0.128125
12 0.03875 0.4571875 0.0725 0.124375
12 0.11333333333333333 0.4559375 0.09166666666666666 0.126875
12 0.19375 0.4553125 0.07583333333333334 0.128125
12 0.27666666666666667 0.46625 0.1 0.12625
12 0.04041666666666666 0.5815625 0.07583333333333334 0.123125
12 0.11083333333333334 0.5815625 0.06833333333333333 0.121875
12 0.18833333333333332 0.5878125 0.095 0.129375
12 0.2816666666666667 0.5934375 0.09666666666666666 0.124375
12 0.3754166666666667 0.5903125 0.0925 0.124375
12 0.4716666666666667 0.58875 0.09166666666666666 0.125
12 0.38333333333333336 0.46625 0.09 0.11875
12 0.47208333333333335 0.4646875 0.0875 0.115625
12 0.56 0.4646875 0.08666666666666667 0.116875
12 0.5633333333333334 0.58875 0.08833333333333333 0.1225
12 0.1075 0.900625 0.08833333333333333 0.125
12 0.03333333333333333 0.9 0.06666666666666667 0.125
12 0.03125 0.7609375 0.0625 0.116875
12 0.10541666666666667 0.775 0.09583333333333334 0.12375
12 0.19375 0.77125 0.08916666666666667 0.12875
12 0.19833333333333333 0.8984375 0.09 0.124375
12 0.37583333333333335 0.7815625 0.09333333333333334 0.118125
12 0.2841666666666667 0.7821875 0.095 0.119375
12 0.28708333333333336 0.9 0.09083333333333334 0.11625
12 0.37625 0.8978125 0.0875 0.116875
12 0.4683333333333333 0.776875 0.09 0.12
12 0.46541666666666665 0.8940625 0.08583333333333333 0.115625
12 0.5558333333333333 0.893125 0.09166666666666666 0.11625
12 0.55625 0.7753125 0.08916666666666667 0.119375
11 0.6466666666666666 0.739375 0.085 0.085
11 0.7354166666666667 0.7403125 0.0875 0.083125
11 0.6458333333333334 0.8271875 0.08333333333333333 0.084375
11 0.6445833333333333 0.9096875 0.08583333333333333 0.081875
11 0.7316666666666667 0.91 0.08666666666666667 0.08125
11 0.7345833333333334 0.8253125 0.0875 0.084375
11 0.8175 0.9078125 0.08166666666666667 0.079375
11 0.8191666666666667 0.8240625 0.08333333333333333 0.076875
11 0.9020833333333333 0.9046875 0.0825 0.081875
11 0.9716666666666667 0.901875 0.055 0.0825
11 0.8920833333333333 0.801875 0.06416666666666666 0.07875
11 0.9620833333333333 0.7984375 0.0725 0.078125
11 0.89 0.7275 0.07666666666666666 0.06375
11 0.9633333333333334 0.7265625 0.07 0.065625
11 0.6541666666666667 0.6021875 0.08833333333333333 0.089375
11 0.7429166666666667 0.60125 0.09083333333333334 0.0875
11 0.6570833333333334 0.5125 0.09083333333333334 0.085
11 0.745 0.51375 0.085 0.0875
11 0.83375 0.5134375 0.09083333333333334 0.086875
11 0.8320833333333333 0.6025 0.0925 0.085
11 0.9220833333333334 0.5128125 0.08583333333333333 0.088125
11 0.9216666666666666 0.6015625 0.08833333333333333 0.085625
11 0.9820833333333333 0.5996875 0.0325 0.088125
11 0.9820833333333333 0.51125 0.034166666666666665 0.0875
11 0.6729166666666667 0.1925 0.09083333333333334 0.08625
11 0.765 0.191875 0.09333333333333334 0.0875
11 0.6725 0.28125 0.09 0.08625
11 0.7641666666666667 0.27875 0.09166666666666666 0.09
11 0.8583333333333333 0.27875 0.09333333333333334 0.09125
11 0.9495833333333333 0.2809375 0.09083333333333334 0.085625
11 0.94875 0.191875 0.08916666666666667 0.09
11 0.8595833333333334 0.1878125 0.08916666666666667 0.090625
