13 0.295 0.8528125 0.21 0.244375
13 0.48375 0.79375 0.15416666666666667 0.135
13 0.6466666666666666 0.8153125 0.17333333333333334 0.185625
13 0.8795833333333334 0.860625 0.2025 0.25375
13 0.7466666666666667 0.8265625 0.06833333333333333 0.205625
13 0.8616666666666667 0.5171875 0.24166666666666667 0.244375
13 0.5916666666666667 0.5278125 0.25666666666666665 0.233125
13 0.3779166666666667 0.5603125 0.1625 0.158125
13 0.21416666666666667 0.56875 0.22333333333333333 0.1625
13 0.06791666666666667 0.56 0.09416666666666666 0.14625
13 0.1225 0.14625 0.23166666666666666 0.275
13 0.3720833333333333 0.1428125 0.25916666666666666 0.266875
13 0.59 0.160625 0.18 0.2225
13 0.7779166666666667 0.1615625 0.20083333333333334 0.203125
