11 0.23916666666666667 0.32 0.09166666666666666 0.0875
11 0.3983333333333333 0.3234375 0.08833333333333333 0.084375
11 0.32875 0.3165625 0.059166666666666666 0.074375
11 0.32958333333333334 0.2409375 0.0825 0.074375
11 0.4066666666666667 0.2428125 0.07166666666666667 0.069375
11 0.32875 0.1675 0.07583333333333334 0.07125
11 0.40125 0.1690625 0.07583333333333334 0.076875
11 0.47458333333333336 0.1596875 0.07583333333333334 0.081875
11 0.5466666666666666 0.165 0.07166666666666667 0.08375
11 0.47583333333333333 0.240625 0.07 0.07875
11 0.5470833333333334 0.2425 0.07083333333333333 0.0775
11 0.6166666666666667 0.23875 0.06666666666666667 0.0675
11 0.6175 0.1621875 0.07166666666666667 0.084375
11 0.4795833333333333 0.3159375 0.060833333333333336 0.070625
11 0.54875 0.300625 0.06916666666666667 0.04125
11 0.7345833333333334 0.141875 0.1125 0.095
11 0.85 0.1409375 0.11666666666666667 0.096875
11 0.7354166666666667 0.2365625 0.10416666666666667 0.089375
11 0.7333333333333333 0.3246875 0.10333333333333333 0.088125
11 0.8379166666666666 0.32625 0.1025 0.085
11 0.9420833333333334 0.323125 0.1075 0.08625
11 0.8429166666666666 0.23375 0.11083333333333334 0.08625
11 0.95 0.2340625 0.09166666666666666 0.091875
11 0.9525 0.1384375 0.08666666666666667 0.098125
11 0.9316666666666666 0.935625 0.08333333333333333 0.06625
11 0.84 0.938125 0.09166666666666666 0.0675
11 0.75 0.936875 0.09 0.07
11 0.6620833333333334 0.9346875 0.09083333333333334 0.073125
11 0.6666666666666666 0.860625 0.09 0.0725
11 0.7458333333333333 0.8353125 0.08 0.071875
11 0.825 0.8384375 0.08833333333333333 0.073125
11 0.9375 0.865625 0.07833333333333334 0.07
11 0.6545833333333333 0.7409375 0.08416666666666667 0.064375
11 0.73625 0.7421875 0.08083333333333333 0.071875
11 0.81875 0.7421875 0.08083333333333333 0.073125
11 0.9016666666666666 0.740625 0.08666666666666667 0.07125
11 0.9195833333333333 0.618125 0.08916666666666667 0.07875
11 0.9233333333333333 0.5403125 0.09 0.080625
11 0.9370833333333334 0.4603125 0.0875 0.081875
11 0.8416666666666667 0.4571875 0.09 0.081875
11 0.83625 0.5375 0.08583333333333333 0.0775
11 0.8295833333333333 0.615 0.0825 0.07875
11 0.7454166666666666 0.6171875 0.0875 0.075625
11 0.7479166666666667 0.54 0.0875 0.07375
11 0.7545833333333334 0.4559375 0.08916666666666667 0.081875
11 0.6645833333333333 0.4609375 0.09083333333333334 0.080625
11 0.6604166666666667 0.539375 0.0875 0.07625
11 0.6566666666666666 0.6146875 0.08 0.075625
11 0.5741666666666667 0.61375 0.08166666666666667 0.07625
11 0.5745833333333333 0.538125 0.08416666666666667 0.07875
11 0.5754166666666667 0.4584375 0.09083333333333334 0.079375
11 0.49166666666666664 0.61375 0.08666666666666667 0.0775
11 0.4891666666666667 0.5375 0.085 0.08
11 0.48791666666666667 0.458125 0.0925 0.08
11 0.4866666666666667 0.758125 0.07166666666666667 0.065
11 0.48833333333333334 0.9103125 0.08333333333333333 0.070625
11 0.3933333333333333 0.9340625 0.08833333333333333 0.074375
11 0.3879166666666667 0.8575 0.09583333333333334 0.07875
11 0.39708333333333334 0.7534375 0.0875 0.080625
11 0.3095833333333333 0.7553125 0.08916666666666667 0.078125
11 0.3016666666666667 0.8578125 0.09666666666666666 0.078125
11 0.3120833333333333 0.9325 0.08583333333333333 0.07
11 0.22583333333333333 0.931875 0.08666666666666667 0.07375
11 0.2125 0.8578125 0.09666666666666666 0.074375
11 0.21041666666666667 0.7778125 0.08583333333333333 0.083125
11 0.24375 0.6196875 0.08416666666666667 0.078125
11 0.325 0.6190625 0.08333333333333333 0.081875
11 0.4075 0.6184375 0.08833333333333333 0.078125
11 0.4066666666666667 0.53625 0.08666666666666667 0.0825
11 0.4 0.4565625 0.08833333333333333 0.078125
11 0.3120833333333333 0.454375 0.09416666666666666 0.08
11 0.32 0.5390625 0.08833333333333333 0.083125
11 0.22958333333333333 0.54125 0.0975 0.08
11 0.21666666666666667 0.4565625 0.10166666666666667 0.084375
12 0.035 0.8578125 0.07 0.094375
12 0.14833333333333334 0.54 0.06833333333333333 0.09125
12 0.058333333333333334 0.4521875 0.09 0.081875
