11 0.06166666666666667 0.94 0.07666666666666666 0.07375
11 0.13333333333333333 0.938125 0.07666666666666666 0.07125
11 0.21083333333333334 0.9359375 0.07666666666666666 0.074375
11 0.05583333333333333 0.8646875 0.07333333333333333 0.071875
11 0.13083333333333333 0.8634375 0.07833333333333334 0.071875
11 0.05458333333333333 0.8121875 0.07583333333333334 0.034375
11 0.12833333333333333 0.810625 0.075 0.0375
11 0.20458333333333334 0.8084375 0.0775 0.036875
11 0.2816666666666667 0.80875 0.07333333333333333 0.03375
11 0.20625 0.863125 0.0725 0.07
11 0.28041666666666665 0.8609375 0.0775 0.070625
11 0.2841666666666667 0.933125 0.075 0.07125
11 0.36125 0.93375 0.07416666666666667 0.07375
11 0.35833333333333334 0.8609375 0.08 0.070625
11 0.3545833333333333 0.808125 0.07416666666666667 0.03625
11 0.43625 0.929375 0.07916666666666666 0.0775
11 0.52125 0.928125 0.07416666666666667 0.08
11 0.5833333333333334 0.9053125 0.056666666666666664 0.068125
11 0.64 0.8884375 0.05333333333333334 0.056875
11 0.9683333333333334 0.93 0.058333333333333334 0.07625
11 0.9658333333333333 0.854375 0.06666666666666667 0.07625
11 0.9004166666666666 0.854375 0.060833333333333336 0.07375
11 0.91 0.9290625 0.06 0.075625
11 0.03875 0.450625 0.0725 0.0725
11 0.035 0.3728125 0.07 0.076875
11 0.10875 0.3721875 0.08083333333333333 0.074375
11 0.11291666666666667 0.4496875 0.0775 0.075625
11 0.03 0.3165625 0.058333333333333334 0.034375
11 0.10125 0.314375 0.0725 0.03375
11 0.17583333333333334 0.3128125 0.08 0.038125
11 0.19166666666666668 0.370625 0.07666666666666666 0.075
11 0.19083333333333333 0.45 0.075 0.07875
11 0.2679166666666667 0.3715625 0.0775 0.075625
11 0.2704166666666667 0.44875 0.07916666666666666 0.07625
11 0.25625 0.315625 0.0775 0.03625
11 0.33666666666666667 0.31375 0.07833333333333334 0.03625
11 0.3441666666666667 0.370625 0.07833333333333334 0.07875
11 0.34708333333333335 0.4484375 0.07916666666666666 0.074375
11 0.42333333333333334 0.4459375 0.07666666666666666 0.076875
11 0.4216666666666667 0.369375 0.08166666666666667 0.07625
11 0.4125 0.3134375 0.07833333333333334 0.038125
11 0.49125 0.311875 0.0775 0.035
11 0.5675 0.310625 0.07833333333333334 0.03625
11 0.4979166666666667 0.36875 0.0775 0.07875
11 0.5008333333333334 0.44625 0.075 0.0775
11 0.57625 0.4453125 0.07916666666666666 0.076875
11 0.5733333333333334 0.3671875 0.08 0.075625
11 0.65 0.3665625 0.07833333333333334 0.076875
11 0.6545833333333333 0.4446875 0.08083333333333333 0.076875
11 0.7333333333333333 0.443125 0.07833333333333334 0.08
11 0.7266666666666667 0.365 0.08166666666666667 0.075
11 0.72625 0.3078125 0.07416666666666667 0.039375
11 0.7991666666666667 0.305625 0.075 0.035
11 0.8041666666666667 0.3621875 0.08 0.078125
11 0.80875 0.44125 0.07916666666666666 0.07875
11 0.8816666666666667 0.3625 0.08166666666666667 0.0775
11 0.9579166666666666 0.36125 0.07916666666666666 0.07625
11 0.8866666666666667 0.4265625 0.08333333333333333 0.048125
11 0.9625 0.439375 0.07166666666666667 0.07875
11 0.8770833333333333 0.305 0.08083333333333333 0.035
11 0.9570833333333333 0.3053125 0.07916666666666666 0.035625
11 0.07333333333333333 0.074375 0.08166666666666667 0.0775
11 0.15708333333333332 0.069375 0.0875 0.07875
11 0.245 0.0678125 0.08833333333333333 0.080625
11 0.07333333333333333 0.145625 0.08666666666666667 0.0725
11 0.07416666666666667 0.2121875 0.085 0.061875
11 0.15875 0.2075 0.0875 0.06875
11 0.15833333333333333 0.14 0.08333333333333333 0.06625
11 0.24416666666666667 0.14 0.085 0.07375
11 0.24625 0.2078125 0.0825 0.064375
11 0.32958333333333334 0.205 0.0825 0.06375
11 0.32916666666666666 0.136875 0.08333333333333333 0.07375
11 0.32958333333333334 0.065 0.08416666666666667 0.06875
11 0.4141666666666667 0.06625 0.08333333333333333 0.07875
11 0.4125 0.13875 0.08166666666666667 0.07125
11 0.41458333333333336 0.2040625 0.08416666666666667 0.061875
11 0.4995833333333333 0.201875 0.08583333333333333 0.065
11 0.49875 0.1325 0.09083333333333334 0.0725
11 0.5 0.061875 0.08666666666666667 0.0675
11 0.5854166666666667 0.0621875 0.08583333333333333 0.070625
11 0.58625 0.1334375 0.08583333333333333 0.073125
11 0.6708333333333333 0.0571875 0.085 0.076875
11 0.6725 0.1325 0.08333333333333333 0.07125
11 0.6745833333333333 0.1990625 0.0875 0.063125
11 0.5858333333333333 0.2009375 0.08333333333333333 0.064375
11 0.7525 0.06125 0.07833333333333334 0.07875
11 0.7575 0.135 0.08333333333333333 0.07
11 0.75625 0.200625 0.07916666666666666 0.05875
11 0.8404166666666667 0.0575 0.0875 0.07875
11 0.84125 0.1334375 0.08916666666666667 0.070625
11 0.8408333333333333 0.198125 0.09 0.06
11 0.9316666666666666 0.1946875 0.09 0.063125
11 0.93125 0.1278125 0.0925 0.069375
11 0.9316666666666666 0.055 0.09333333333333334 0.0775
