11 0.1575 0.3721875 0.18166666666666667 0.159375
11 0.13625 0.2028125 0.18583333333333332 0.181875
11 0.33791666666666664 0.2225 0.14583333333333334 0.14875
11 0.47833333333333333 0.223125 0.13166666666666665 0.14625
11 0.4741666666666667 0.375 0.14333333333333334 0.1425
11 0.3275 0.3721875 0.15 0.148125
11 0.6233333333333333 0.375 0.155 0.16
11 0.6279166666666667 0.2053125 0.16083333333333333 0.176875
11 0.8033333333333333 0.38 0.17833333333333334 0.17625
11 0.8191666666666667 0.19 0.18166666666666667 0.19625
11 0.11916666666666667 0.6990625 0.18 0.166875
11 0.13458333333333333 0.8615625 0.17583333333333334 0.155625
11 0.30125 0.8771875 0.16916666666666666 0.148125
11 0.30791666666666667 0.6878125 0.16583333333333333 0.146875
11 0.4675 0.6875 0.15333333333333332 0.14125
11 0.47541666666666665 0.8734375 0.15583333333333332 0.146875
11 0.6379166666666667 0.870625 0.16083333333333333 0.14625
11 0.6425 0.7184375 0.17 0.158125
11 0.815 0.875 0.17 0.1525
11 0.81375 0.7125 0.1675 0.16375
11 0.9483333333333334 0.8778125 0.09333333333333334 0.146875
11 0.9508333333333333 0.71625 0.095 0.1625
11 0.9616666666666667 0.186875 0.07333333333333333 0.185
