10 0.12208333333333334 0.9728125 0.2225 0.044375
10 0.12166666666666667 0.9375 0.21666666666666667 0.055
10 0.115 0.9059375 0.215 0.049375
10 0.11125 0.8715625 0.20916666666666667 0.059375
10 0.11125 0.8371875 0.21083333333333334 0.055625
10 0.11041666666666666 0.8015625 0.20916666666666667 0.055625
10 0.11041666666666666 0.764375 0.20916666666666667 0.055
10 0.10708333333333334 0.720625 0.20083333333333334 0.06
10 0.10375 0.6803125 0.1975 0.064375
10 0.3458333333333333 0.975 0.22833333333333333 0.04875
10 0.3475 0.9396875 0.24 0.063125
10 0.34541666666666665 0.903125 0.24916666666666668 0.0675
10 0.34541666666666665 0.8634375 0.25083333333333335 0.060625
10 0.3466666666666667 0.819375 0.25166666666666665 0.0625
10 0.34041666666666665 0.7753125 0.24916666666666668 0.071875
10 0.6066666666666667 0.7909375 0.28 0.068125
10 0.6058333333333333 0.831875 0.26666666666666666 0.055
10 0.6075 0.8771875 0.27166666666666667 0.064375
10 0.60125 0.9159375 0.25916666666666666 0.049375
10 0.60625 0.96 0.25583333333333336 0.07
10 0.86375 0.9784375 0.25916666666666666 0.040625
10 0.87125 0.94125 0.2475 0.05375
10 0.8708333333333333 0.890625 0.25333333333333335 0.06
10 0.8729166666666667 0.846875 0.2475 0.05875
10 0.12375 0.4184375 0.24583333333333332 0.049375
10 0.44708333333333333 0.44 0.3825 0.06125
10 0.4370833333333333 0.389375 0.3775 0.0575
10 0.42625 0.335 0.3675 0.065
10 0.4295833333333333 0.2775 0.37916666666666665 0.06625
10 0.11958333333333333 0.2640625 0.23083333333333333 0.059375
10 0.11625 0.3184375 0.22416666666666665 0.069375
10 0.11708333333333333 0.371875 0.23416666666666666 0.06125
10 0.7675 0.455 0.23 0.04625
10 0.7804166666666666 0.4271875 0.23583333333333334 0.049375
10 0.7741666666666667 0.3784375 0.225 0.050625
10 0.78875 0.34125 0.2375 0.04375
10 0.7933333333333333 0.29 0.23166666666666666 0.05625
10 0.9454166666666667 0.4596875 0.10583333333333333 0.044375
10 0.95 0.420625 0.09666666666666666 0.03625
10 0.9529166666666666 0.3790625 0.0875 0.046875
10 0.955 0.3321875 0.08666666666666667 0.039375
10 0.9520833333333333 0.281875 0.08916666666666667 0.0525
10 0.6841666666666667 0.0534375 0.31833333333333336 0.054375
10 0.3804166666666667 0.050625 0.2941666666666667 0.05125
10 0.1325 0.0475 0.18833333333333332 0.055
10 0.9175 0.05875 0.15833333333333333 0.0525
