10 0.08125 0.22375 0.1575 0.06375
10 0.07625 0.276875 0.14583333333333334 0.0525
10 0.07125 0.3209375 0.13416666666666666 0.043125
10 0.06958333333333333 0.3609375 0.13583333333333333 0.045625
10 0.24416666666666667 0.3715625 0.21 0.051875
10 0.24458333333333335 0.3246875 0.20416666666666666 0.055625
10 0.2579166666666667 0.2821875 0.21916666666666668 0.056875
10 0.4625 0.38375 0.23166666666666666 0.0475
10 0.46125 0.34 0.2275 0.05625
10 0.48875 0.295625 0.22916666666666666 0.06375
10 0.7045833333333333 0.395 0.25416666666666665 0.05
10 0.7004166666666667 0.3534375 0.2575 0.059375
10 0.7291666666666666 0.30375 0.26166666666666666 0.0625
10 0.7345833333333334 0.25625 0.2791666666666667 0.06125
10 0.7541666666666667 0.200625 0.2683333333333333 0.055
10 0.915 0.4075 0.16666666666666666 0.04625
10 0.9183333333333333 0.3734375 0.16 0.040625
10 0.9208333333333333 0.33875 0.155 0.0375
10 0.9270833333333334 0.3040625 0.14083333333333334 0.043125
10 0.9354166666666667 0.263125 0.12583333333333332 0.04125
10 0.9425 0.21625 0.11166666666666666 0.04375
10 0.18375 0.6075 0.2775 0.0625
10 0.18375 0.564375 0.2775 0.0575
10 0.18791666666666668 0.5203125 0.2975 0.054375
10 0.19291666666666665 0.6484375 0.28583333333333333 0.050625
10 0.5054166666666666 0.6803125 0.3408333333333333 0.064375
10 0.49125 0.64125 0.31416666666666665 0.06125
10 0.495 0.5946875 0.32 0.069375
10 0.50125 0.5465625 0.31416666666666665 0.070625
10 0.7833333333333333 0.7084375 0.2 0.053125
10 0.7991666666666667 0.6809375 0.20166666666666666 0.049375
10 0.7879166666666667 0.640625 0.20583333333333334 0.05375
10 0.8 0.614375 0.20666666666666667 0.045
10 0.8129166666666666 0.5778125 0.2125 0.036875
10 0.9433333333333334 0.7225 0.11166666666666666 0.045
10 0.9470833333333334 0.6878125 0.1025 0.039375
10 0.95 0.649375 0.09833333333333333 0.0375
10 0.9508333333333333 0.61125 0.09333333333333334 0.04
10 0.9554166666666667 0.575625 0.0875 0.0325
10 0.3804166666666667 0.175 0.19416666666666665 0.04
10 0.4325 0.2178125 0.14 0.044375
10 0.5725 0.2221875 0.135 0.030625
10 0.56125 0.1796875 0.16583333333333333 0.040625
