10 0.07666666666666666 0.2303125 0.14333333333333334 0.025625
10 0.26708333333333334 0.2303125 0.2375 0.023125
10 0.2625 0.2015625 0.22333333333333333 0.030625
10 0.075 0.2053125 0.14333333333333334 0.029375
10 0.255 0.1721875 0.23166666666666666 0.029375
10 0.25333333333333335 0.13875 0.23666666666666666 0.0425
10 0.25166666666666665 0.103125 0.24 0.035
10 0.24125 0.0634375 0.24916666666666668 0.044375
10 0.06625 0.175 0.1325 0.0275
10 0.06416666666666666 0.1459375 0.12833333333333333 0.034375
10 0.065 0.1153125 0.13 0.031875
10 0.059583333333333335 0.0815625 0.11416666666666667 0.034375
10 0.08375 0.309375 0.16416666666666666 0.04
10 0.08041666666666666 0.3421875 0.15916666666666668 0.031875
10 0.08041666666666666 0.3703125 0.16083333333333333 0.030625
10 0.08583333333333333 0.39875 0.16666666666666666 0.02625
10 0.08416666666666667 0.428125 0.16333333333333333 0.0275
10 0.08958333333333333 0.4621875 0.17583333333333334 0.031875
10 0.29583333333333334 0.30375 0.24833333333333332 0.04
10 0.28875 0.3409375 0.2325 0.035625
10 0.2891666666666667 0.375 0.21833333333333332 0.03375
10 0.29 0.405 0.21833333333333332 0.03125
10 0.29333333333333333 0.4375 0.22 0.0275
10 0.3025 0.465 0.215 0.03
10 0.5020833333333333 0.08375 0.23083333333333333 0.04
10 0.5020833333333333 0.120625 0.23583333333333334 0.0375
10 0.49625 0.1565625 0.2225 0.039375
10 0.5041666666666667 0.1915625 0.25 0.039375
10 0.5116666666666667 0.224375 0.245 0.02625
10 0.53125 0.3684375 0.22916666666666666 0.033125
10 0.5329166666666667 0.40375 0.23083333333333333 0.035
10 0.5341666666666667 0.4390625 0.23666666666666666 0.028125
10 0.53875 0.469375 0.2325 0.0375
10 0.7875 0.4715625 0.245 0.035625
10 0.7929166666666667 0.445625 0.2625 0.045
10 0.7954166666666667 0.4140625 0.2608333333333333 0.045625
10 0.7958333333333333 0.3765625 0.25166666666666665 0.039375
10 0.12416666666666666 0.661875 0.205 0.03625
10 0.12833333333333333 0.64 0.21 0.03125
10 0.12583333333333332 0.609375 0.205 0.03375
10 0.12875 0.579375 0.19416666666666665 0.035
10 0.33 0.5584375 0.19833333333333333 0.048125
10 0.3433333333333333 0.58875 0.21833333333333332 0.0275
10 0.34708333333333335 0.615 0.21416666666666667 0.0325
10 0.35041666666666665 0.6446875 0.21083333333333334 0.038125
10 0.35041666666666665 0.670625 0.21083333333333334 0.0325
10 0.5829166666666666 0.565625 0.23416666666666666 0.04125
10 0.5845833333333333 0.5965625 0.23583333333333334 0.035625
10 0.58625 0.6265625 0.22916666666666666 0.034375
10 0.58 0.653125 0.22666666666666666 0.035
10 0.5795833333333333 0.68 0.22416666666666665 0.03375
10 0.82875 0.573125 0.24416666666666667 0.0425
10 0.8325 0.6059375 0.24833333333333332 0.043125
10 0.8270833333333333 0.63625 0.23916666666666667 0.045
10 0.8229166666666666 0.6640625 0.2325 0.038125
10 0.8179166666666666 0.6875 0.23583333333333334 0.0325
10 0.42625 0.9634375 0.23583333333333334 0.048125
10 0.42875 0.9321875 0.23583333333333334 0.043125
10 0.4266666666666667 0.90125 0.235 0.045
10 0.42916666666666664 0.87 0.23 0.0475
10 0.4320833333333333 0.8353125 0.23583333333333334 0.045625
10 0.43 0.8034375 0.24 0.045625
10 0.18625 0.943125 0.2225 0.04
10 0.18791666666666668 0.923125 0.22583333333333333 0.03875
10 0.18833333333333332 0.89125 0.23333333333333334 0.03125
10 0.18458333333333332 0.86 0.23083333333333333 0.04
10 0.18708333333333332 0.8303125 0.23416666666666666 0.036875
10 0.18333333333333332 0.796875 0.23833333333333334 0.04
10 0.18458333333333332 0.7621875 0.23916666666666667 0.034375
10 0.62 0.9778125 0.14 0.030625
10 0.6220833333333333 0.959375 0.13583333333333333 0.02625
10 0.6233333333333333 0.9403125 0.14333333333333334 0.039375
10 0.6233333333333333 0.9196875 0.14166666666666666 0.031875
10 0.6254166666666666 0.8996875 0.14583333333333334 0.035625
10 0.6341666666666667 0.8828125 0.15833333333333333 0.039375
10 0.6304166666666666 0.855 0.15583333333333332 0.045
10 0.63375 0.83 0.14916666666666667 0.035
10 0.63875 0.809375 0.16083333333333333 0.03125
10 0.64375 0.79125 0.15083333333333335 0.03375
10 0.7670833333333333 0.9890625 0.14916666666666667 0.020625
10 0.765 0.973125 0.14833333333333334 0.025
10 0.7691666666666667 0.953125 0.14833333333333334 0.03
10 0.7766666666666666 0.9271875 0.15166666666666667 0.036875
10 0.7870833333333334 0.90625 0.14916666666666667 0.035
10 0.7904166666666667 0.8865625 0.16083333333333333 0.031875
10 0.7954166666666667 0.863125 0.16583333333333333 0.03125
10 0.7920833333333334 0.8428125 0.1625 0.025625
10 0.92125 0.990625 0.1525 0.01625
10 0.925 0.9734375 0.145 0.031875
10 0.9295833333333333 0.9428125 0.13583333333333333 0.033125
10 0.9325 0.9121875 0.12 0.034375
10 0.9354166666666667 0.88 0.11416666666666667 0.03625
10 0.9379166666666666 0.8478125 0.11083333333333334 0.030625
10 0.9454166666666667 0.8178125 0.09583333333333334 0.030625
