0 0.09479166666666666 0.091015625 0.10208333333333333 0.12734375
0 0.19791666666666666 0.090234375 0.10833333333333334 0.12578125
0 0.3171875 0.095703125 0.09479166666666666 0.11640625
0 0.40208333333333335 0.0859375 0.07291666666666667 0.128125
0 0.48541666666666666 0.0890625 0.06875 0.11875
0 0.5552083333333333 0.084375 0.07083333333333333 0.121875
0 0.6296875 0.075 0.07395833333333333 0.134375
0 0.7067708333333333 0.070703125 0.06979166666666667 0.13828125
0 0.7848958333333333 0.076953125 0.08020833333333334 0.12578125
0 0.034895833333333334 0.277734375 0.065625 0.13828125
0 0.1359375 0.277734375 0.08229166666666667 0.13828125
0 0.2520833333333333 0.278515625 0.075 0.14296875
0 0.3375 0.277734375 0.08333333333333333 0.14765625
0 0.47239583333333335 0.287109375 0.065625 0.12578125
0 0.55 0.281640625 0.07083333333333333 0.13671875
0 0.9161458333333333 0.277734375 0.08020833333333334 0.15390625
0 0.846875 0.28203125 0.06041666666666667 0.146875
0 0.027083333333333334 0.451953125 0.05416666666666667 0.12265625
0 0.12864583333333332 0.450390625 0.057291666666666664 0.11640625
0 0.21666666666666667 0.44765625 0.05416666666666667 0.1109375
0 0.3359375 0.471875 0.042708333333333334 0.1125
0 0.4166666666666667 0.473828125 0.0625 0.12265625
0 0.4864583333333333 0.474609375 0.058333333333333334 0.12421875
0 0.565625 0.47734375 0.058333333333333334 0.125
0 0.63125 0.477734375 0.06041666666666667 0.12734375
0 0.7015625 0.478125 0.065625 0.1328125
0 0.03802083333333333 0.58984375 0.046875 0.1
0 0.08541666666666667 0.595703125 0.05416666666666667 0.11015625
0 0.14427083333333332 0.601171875 0.06145833333333333 0.11484375
0 0.26614583333333336 0.603515625 0.059375 0.10703125
0 0.21979166666666666 0.594140625 0.03958333333333333 0.09296875
0 0.3328125 0.623046875 0.051041666666666666 0.09609375
0 0.39427083333333335 0.62109375 0.057291666666666664 0.1125
0 0.45208333333333334 0.621484375 0.05625 0.12421875
0 0.5098958333333333 0.625 0.057291666666666664 0.1265625
0 0.5713541666666667 0.626953125 0.057291666666666664 0.12421875
0 0.6390625 0.626953125 0.04895833333333333 0.12421875
0 0.6958333333333333 0.634765625 0.058333333333333334 0.12421875
0 0.765625 0.6296875 0.07916666666666666 0.1265625
0 0.8515625 0.640625 0.09479166666666666 0.1296875
0 0.9229166666666667 0.8078125 0.04791666666666667 0.1109375
0 0.84375 0.790234375 0.04791666666666667 0.09765625
0 0.7885416666666667 0.794140625 0.04583333333333333 0.10234375
0 0.7072916666666667 0.789453125 0.05416666666666667 0.10234375
0 0.6401041666666667 0.77578125 0.053125 0.0984375
0 0.5916666666666667 0.769921875 0.035416666666666666 0.09765625
0 0.5510416666666667 0.77734375 0.04791666666666667 0.0984375
0 0.4791666666666667 0.77421875 0.05416666666666667 0.0953125
0 0.4296875 0.771875 0.046875 0.096875
0 0.3828125 0.756640625 0.042708333333333334 0.09296875
0 0.34739583333333335 0.746875 0.03229166666666667 0.0890625
0 0.3098958333333333 0.74375 0.04479166666666667 0.0859375
0 0.26510416666666664 0.73828125 0.042708333333333334 0.0859375
0 0.21614583333333334 0.733984375 0.04895833333333333 0.08671875
0 0.06041666666666667 0.737890625 0.052083333333333336 0.09453125
0 0.10364583333333334 0.72421875 0.040625 0.08125
0 0.1484375 0.7234375 0.04479166666666667 0.075
0 0.021354166666666667 0.87109375 0.040625 0.1015625
0 0.065625 0.869921875 0.04583333333333333 0.10546875
0 0.10625 0.8734375 0.04791666666666667 0.109375
0 0.1671875 0.866796875 0.040625 0.09765625
0 0.2078125 0.869921875 0.03854166666666667 0.09453125
0 0.24791666666666667 0.875390625 0.04375 0.10078125
0 0.29270833333333335 0.877734375 0.0375 0.09453125
0 0.3296875 0.908203125 0.040625 0.10390625
0 0.3984375 0.891796875 0.046875 0.08828125
0 0.459375 0.889453125 0.05 0.08203125
0 0.696875 0.92734375 0.052083333333333336 0.0953125
0 0.7619791666666667 0.926953125 0.053125 0.09296875
0 0.8182291666666667 0.95234375 0.059375 0.0890625
0 0.8744791666666667 0.95078125 0.051041666666666666 0.0921875
0 0.93125 0.951171875 0.05416666666666667 0.09296875
