0 0.10885416666666667 0.120703125 0.14479166666666668 0.17734375
0 0.24791666666666667 0.1296875 0.13333333333333333 0.171875
0 0.3890625 0.134375 0.13229166666666667 0.16875
0 0.5203125 0.137890625 0.13020833333333334 0.16640625
0 0.6479166666666667 0.14375 0.125 0.1625
0 0.7760416666666666 0.144921875 0.13125 0.16953125
0 0.11354166666666667 0.337109375 0.14166666666666666 0.17109375
0 0.2515625 0.340625 0.13854166666666667 0.1703125
0 0.38333333333333336 0.344140625 0.12916666666666668 0.16328125
0 0.5057291666666667 0.344921875 0.12395833333333334 0.16796875
0 0.10729166666666666 0.564453125 0.13541666666666666 0.16484375
0 0.24010416666666667 0.5484375 0.11979166666666667 0.15625
0 0.36770833333333336 0.5703125 0.13541666666666666 0.1390625
0 0.4979166666666667 0.559375 0.12083333333333333 0.153125
0 0.6296875 0.360546875 0.12604166666666666 0.13359375
0 0.7520833333333333 0.3484375 0.11041666666666666 0.1578125
0 0.6203125 0.558984375 0.121875 0.14921875
0 0.7432291666666667 0.55078125 0.11770833333333333 0.1546875
0 0.8494791666666667 0.351953125 0.08645833333333333 0.15390625
0 0.9395833333333333 0.3546875 0.09166666666666666 0.15
0 0.090625 0.755078125 0.08125 0.15078125
0 0.18541666666666667 0.753515625 0.08333333333333333 0.14453125
0 0.27291666666666664 0.74609375 0.0875 0.1453125
0 0.359375 0.742578125 0.08333333333333333 0.15078125
0 0.4401041666666667 0.73515625 0.08020833333333334 0.1484375
0 0.5244791666666667 0.730078125 0.08229166666666667 0.13984375
0 0.5901041666666667 0.721484375 0.06979166666666667 0.12890625
0 0.6776041666666667 0.7265625 0.07604166666666666 0.1390625
0 0.7546875 0.723046875 0.07604166666666666 0.14140625
0 0.8723958333333334 0.71171875 0.065625 0.1203125
0 0.9427083333333334 0.708984375 0.07291666666666667 0.12265625
0 0.20416666666666666 0.92734375 0.08333333333333333 0.1359375
0 0.28802083333333334 0.92578125 0.08229166666666667 0.140625
0 0.3692708333333333 0.917578125 0.07395833333333333 0.13828125
0 0.44947916666666665 0.9140625 0.071875 0.134375
0 0.5239583333333333 0.91015625 0.07291666666666667 0.1328125
0 0.6005208333333333 0.903515625 0.078125 0.13984375
0 0.671875 0.898828125 0.07291666666666667 0.13359375
0 0.753125 0.899609375 0.08333333333333333 0.14453125
0 0.9677083333333333 0.853515625 0.05416666666666667 0.07421875
