1 0.0390625 0.071875 0.07604166666666666 0.140625
1 0.1390625 0.073046875 0.11979166666666667 0.14453125
1 0.2526041666666667 0.07578125 0.11354166666666667 0.1453125
1 0.36770833333333336 0.076953125 0.11666666666666667 0.14921875
1 0.4828125 0.07734375 0.11145833333333334 0.1484375
1 0.5921875 0.082421875 0.109375 0.14296875
1 0.7010416666666667 0.083984375 0.11041666666666666 0.14140625
1 0.8046875 0.087890625 0.103125 0.13671875
1 0.8927083333333333 0.093359375 0.07708333333333334 0.12890625
1 0.04635416666666667 0.263671875 0.09270833333333334 0.15859375
1 0.15625 0.2703125 0.10416666666666667 0.15
1 0.2682291666666667 0.275 0.09895833333333333 0.1421875
1 0.3796875 0.2734375 0.09895833333333333 0.140625
1 0.49270833333333336 0.28046875 0.08333333333333333 0.1265625
1 0.6854166666666667 0.274609375 0.08125 0.13359375
1 0.7927083333333333 0.27109375 0.09166666666666666 0.140625
1 0.925 0.261328125 0.10416666666666667 0.15390625
1 0.09166666666666666 0.459375 0.09375 0.146875
1 0.16510416666666666 0.4921875 0.053125 0.0953125
1 0.2203125 0.49296875 0.057291666666666664 0.0859375
1 0.29010416666666666 0.491796875 0.05520833333333333 0.08671875
1 0.359375 0.46484375 0.08541666666666667 0.1296875
1 0.4432291666666667 0.4625 0.08229166666666667 0.125
1 0.06354166666666666 0.63828125 0.08541666666666667 0.1359375
1 0.140625 0.63515625 0.06875 0.1359375
1 0.20364583333333333 0.666796875 0.051041666666666666 0.08984375
1 0.2546875 0.66640625 0.051041666666666666 0.0875
1 0.3109375 0.65625 0.051041666666666666 0.084375
1 0.3729166666666667 0.628515625 0.07916666666666666 0.13359375
1 0.43854166666666666 0.6328125 0.07083333333333333 0.134375
1 0.54375 0.4625 0.08333333333333333 0.1359375
1 0.6265625 0.459765625 0.071875 0.11484375
1 0.7614583333333333 0.46015625 0.06041666666666667 0.11875
1 0.496875 0.629296875 0.06041666666666667 0.12421875
1 0.5557291666666667 0.625 0.06145833333333333 0.1234375
1 0.61875 0.6234375 0.07083333333333333 0.128125
1 0.8119791666666667 0.6234375 0.059375 0.125
1 0.8505208333333333 0.456640625 0.08229166666666667 0.12421875
1 0.9421875 0.455859375 0.08020833333333334 0.13203125
1 0.9458333333333333 0.61953125 0.08333333333333333 0.1296875
1 0.03177083333333333 0.79296875 0.05520833333333333 0.1
1 0.090625 0.7890625 0.06458333333333334 0.096875
1 0.225 0.7796875 0.07916666666666666 0.0890625
1 0.30104166666666665 0.778515625 0.07916666666666666 0.08671875
1 0.39114583333333336 0.773828125 0.08020833333333334 0.09296875
1 0.45625 0.76875 0.05416666666666667 0.0875
1 0.5052083333333334 0.765234375 0.05416666666666667 0.08046875
1 0.5739583333333333 0.75859375 0.07083333333333333 0.0734375
1 0.6447916666666667 0.756640625 0.06666666666666667 0.07578125
1 0.7026041666666667 0.7515625 0.053125 0.0671875
1 0.7578125 0.76015625 0.057291666666666664 0.0859375
1 0.8192708333333333 0.755078125 0.06145833333333333 0.08359375
1 0.8859375 0.7546875 0.06354166666666666 0.084375
1 0.95 0.75703125 0.05416666666666667 0.0984375
1 0.41770833333333335 0.93125 0.06458333333333334 0.1109375
1 0.47760416666666666 0.92734375 0.053125 0.10625
1 0.5380208333333333 0.93671875 0.06354166666666666 0.115625
1 0.6005208333333333 0.922265625 0.059375 0.11171875
1 0.66875 0.9328125 0.06666666666666667 0.121875
1 0.7244791666666667 0.915234375 0.046875 0.11171875
1 0.7921875 0.925 0.057291666666666664 0.121875
1 0.8479166666666667 0.926171875 0.04375 0.10078125
1 0.8963541666666667 0.928125 0.046875 0.096875
1 0.9489583333333333 0.92109375 0.052083333333333336 0.0921875
1 0.2578125 0.942578125 0.065625 0.11015625
