13 0.205 0.910625 0.4033333333333333 0.07625
13 0.12416666666666666 0.8596875 0.23666666666666666 0.066875
13 0.195 0.81375 0.375 0.08375
13 0.13041666666666665 0.75375 0.2475 0.0575
13 0.21416666666666667 0.705625 0.4166666666666667 0.0575
13 0.13 0.6421875 0.24166666666666667 0.064375
13 0.46166666666666667 0.8684375 0.425 0.061875
13 0.5195833333333333 0.82 0.2891666666666667 0.06125
13 0.53375 0.9178125 0.26916666666666667 0.056875
13 0.7916666666666666 0.921875 0.25 0.06875
13 0.83 0.8625 0.33166666666666667 0.07125
13 0.83 0.80875 0.30333333333333334 0.05
13 0.8316666666666667 0.753125 0.325 0.06375
13 0.8129166666666666 0.694375 0.29083333333333333 0.05125
13 0.46708333333333335 0.771875 0.4191666666666667 0.075
13 0.5475 0.7034375 0.25166666666666665 0.056875
13 0.47375 0.645 0.43083333333333335 0.07125
13 0.8470833333333333 0.62875 0.29583333333333334 0.0675
13 0.8316666666666667 0.5696875 0.2633333333333333 0.045625
13 0.85375 0.515 0.2608333333333333 0.055
13 0.5658333333333333 0.59 0.28 0.04625
