13 0.12458333333333334 0.7709375 0.2475 0.046875
13 0.12291666666666666 0.81625 0.2425 0.04375
13 0.12333333333333334 0.8628125 0.245 0.061875
13 0.11708333333333333 0.9159375 0.2325 0.055625
13 0.11625 0.965 0.22916666666666666 0.0525
13 0.37875 0.96625 0.27416666666666667 0.05125
13 0.36541666666666667 0.9184375 0.2658333333333333 0.051875
13 0.37125 0.8790625 0.2575 0.049375
13 0.3675 0.8346875 0.24666666666666667 0.048125
13 0.36916666666666664 0.7834375 0.25 0.043125
13 0.36625 0.7453125 0.25083333333333335 0.029375
13 0.6454166666666666 0.978125 0.26916666666666667 0.04
13 0.6320833333333333 0.93875 0.2708333333333333 0.05125
13 0.63875 0.879375 0.2525 0.0625
13 0.62875 0.8303125 0.2675 0.050625
13 0.62875 0.7828125 0.2608333333333333 0.046875
13 0.62 0.734375 0.25666666666666665 0.04875
13 0.61375 0.6884375 0.25583333333333336 0.050625
13 0.625 0.6496875 0.25 0.043125
13 0.6116666666666667 0.5603125 0.16333333333333333 0.039375
13 0.7854166666666667 0.560625 0.1875 0.03875
13 0.87125 0.66 0.24916666666666668 0.04125
13 0.8729166666666667 0.7075 0.2525 0.05
13 0.8766666666666667 0.7553125 0.24333333333333335 0.045625
13 0.87875 0.8021875 0.2375 0.046875
13 0.8804166666666666 0.8521875 0.23416666666666666 0.054375
13 0.8791666666666667 0.8925 0.23333333333333334 0.05625
13 0.8779166666666667 0.939375 0.23916666666666667 0.055
13 0.8879166666666667 0.980625 0.22083333333333333 0.0375
13 0.43625 0.62875 0.15583333333333332 0.0225
13 0.4345833333333333 0.5978125 0.1675 0.031875
13 0.44666666666666666 0.561875 0.16666666666666666 0.035
13 0.25333333333333335 0.625625 0.16833333333333333 0.02875
13 0.2633333333333333 0.5940625 0.17333333333333334 0.031875
13 0.25958333333333333 0.416875 0.1125 0.1275
13 0.03375 0.4165625 0.0675 0.121875
13 0.15083333333333335 0.421875 0.105 0.11625
13 0.06166666666666667 0.1434375 0.10833333333333334 0.125625
13 0.19416666666666665 0.1475 0.12166666666666667 0.11125
13 0.3308333333333333 0.146875 0.14 0.03875
13 0.335 0.1815625 0.14833333333333334 0.026875
13 0.49083333333333334 0.125625 0.17 0.16
13 0.6570833333333334 0.1415625 0.1675 0.125625
13 0.8308333333333333 0.1284375 0.18166666666666667 0.154375
13 0.9629166666666666 0.1315625 0.07083333333333333 0.148125
13 0.4008333333333333 0.4296875 0.13833333333333334 0.113125
13 0.5404166666666667 0.43 0.13083333333333333 0.11125
13 0.6783333333333333 0.43875 0.13833333333333334 0.10125
13 0.81375 0.443125 0.1325 0.105
13 0.9420833333333334 0.4428125 0.0975 0.100625
