13 0.7829166666666667 0.9190625 0.23583333333333334 0.053125
13 0.5570833333333334 0.9109375 0.2125 0.053125
13 0.77875 0.87875 0.2225 0.05
13 0.7779166666666667 0.829375 0.2275 0.04625
13 0.5541666666666667 0.866875 0.23166666666666666 0.05125
13 0.55875 0.8278125 0.22583333333333333 0.045625
13 0.5616666666666666 0.7828125 0.225 0.041875
13 0.7795833333333333 0.7878125 0.22416666666666665 0.056875
13 0.94125 0.9159375 0.11416666666666667 0.050625
13 0.9425 0.8715625 0.11166666666666666 0.043125
13 0.9408333333333333 0.8278125 0.115 0.043125
13 0.9425 0.785 0.11333333333333333 0.04125
13 0.945 0.743125 0.10833333333333334 0.045
13 0.79375 0.74875 0.23083333333333333 0.045
13 0.5883333333333334 0.72625 0.205 0.035
13 0.5458333333333333 0.6196875 0.16833333333333333 0.040625
13 0.7079166666666666 0.6359375 0.15916666666666668 0.041875
13 0.8620833333333333 0.63625 0.1575 0.03875
13 0.7033333333333334 0.5975 0.17 0.03875
13 0.54 0.58125 0.16 0.04
13 0.6216666666666667 0.5403125 0.245 0.043125
13 0.9220833333333334 0.5734375 0.10583333333333333 0.024375
13 0.36333333333333334 0.7915625 0.17166666666666666 0.035625
13 0.36625 0.75875 0.17583333333333334 0.035
13 0.36875 0.7309375 0.17583333333333334 0.028125
13 0.36833333333333335 0.7003125 0.175 0.034375
13 0.3670833333333333 0.6659375 0.16916666666666666 0.030625
13 0.36291666666666667 0.6315625 0.1775 0.036875
13 0.20375 0.535 0.1925 0.035
13 0.19041666666666668 0.5665625 0.17916666666666667 0.035625
13 0.18791666666666668 0.5965625 0.1825 0.030625
13 0.18916666666666668 0.62375 0.185 0.03125
13 0.19083333333333333 0.6525 0.17666666666666667 0.03625
13 0.09583333333333334 0.81125 0.19166666666666668 0.05125
13 0.105 0.8503125 0.20833333333333334 0.034375
13 0.1075 0.8746875 0.21166666666666667 0.031875
13 0.10458333333333333 0.9109375 0.2025 0.040625
13 0.9454166666666667 0.4153125 0.10583333333333333 0.141875
