13 0.22708333333333333 0.950625 0.2791666666666667 0.0275
13 0.21958333333333332 0.921875 0.26416666666666666 0.03
13 0.2225 0.8896875 0.2733333333333333 0.031875
13 0.22666666666666666 0.8584375 0.28833333333333333 0.038125
13 0.23 0.8175 0.2916666666666667 0.04
13 0.22875 0.77375 0.2891666666666667 0.045
13 0.22291666666666668 0.72625 0.26416666666666666 0.0475
13 0.25833333333333336 0.585 0.31 0.0375
13 0.2629166666666667 0.5503125 0.30583333333333335 0.041875
13 0.26458333333333334 0.5078125 0.2975 0.044375
13 0.26166666666666666 0.471875 0.3 0.05125
13 0.2633333333333333 0.434375 0.30833333333333335 0.05125
13 0.19833333333333333 0.3328125 0.31166666666666665 0.050625
13 0.19625 0.28625 0.3225 0.06625
13 0.19875 0.2375 0.3325 0.07625
13 0.19916666666666666 0.183125 0.325 0.0775
13 0.19208333333333333 0.1228125 0.3441666666666667 0.083125
13 0.18791666666666668 0.0596875 0.3325 0.085625
13 0.48875 0.9440625 0.25083333333333335 0.025625
13 0.48625 0.915625 0.25416666666666665 0.0375
13 0.48875 0.8790625 0.24416666666666667 0.034375
13 0.4970833333333333 0.8515625 0.24416666666666667 0.040625
13 0.5004166666666666 0.7990625 0.25083333333333335 0.049375
13 0.52625 0.55 0.21916666666666668 0.04125
13 0.5291666666666667 0.51125 0.22 0.045
13 0.5375 0.4775 0.22166666666666668 0.04
13 0.5454166666666667 0.449375 0.22583333333333333 0.05625
13 0.5329166666666667 0.338125 0.3475 0.04875
13 0.545 0.29375 0.35 0.05875
13 0.5416666666666666 0.241875 0.34833333333333333 0.065
13 0.535 0.1875 0.3383333333333333 0.06125
13 0.53375 0.135 0.3408333333333333 0.06625
13 0.5320833333333334 0.065 0.3458333333333333 0.0675
13 0.7304166666666667 0.92625 0.2375 0.03125
13 0.7370833333333333 0.8909375 0.25083333333333335 0.035625
13 0.7358333333333333 0.856875 0.23166666666666666 0.0375
13 0.7383333333333333 0.8228125 0.23 0.031875
13 0.74125 0.785625 0.24083333333333334 0.0375
13 0.7529166666666667 0.7490625 0.2525 0.041875
13 0.7604166666666666 0.710625 0.24916666666666668 0.0425
13 0.925 0.919375 0.14166666666666666 0.02625
13 0.9266666666666666 0.88875 0.13833333333333334 0.03
13 0.9254166666666667 0.85625 0.14416666666666667 0.03125
13 0.9266666666666666 0.8259375 0.14166666666666666 0.026875
13 0.94125 0.7834375 0.1125 0.039375
13 0.9470833333333334 0.741875 0.10083333333333333 0.03875
13 0.9404166666666667 0.7065625 0.11416666666666667 0.031875
13 0.7629166666666667 0.55125 0.2525 0.04125
13 0.7720833333333333 0.5184375 0.2375 0.040625
13 0.7770833333333333 0.4828125 0.2375 0.031875
13 0.7829166666666667 0.451875 0.2475 0.03625
13 0.7920833333333334 0.3346875 0.1875 0.038125
13 0.7904166666666667 0.2984375 0.21416666666666667 0.048125
13 0.8091666666666667 0.2534375 0.24166666666666667 0.051875
13 0.8104166666666667 0.2040625 0.23083333333333333 0.048125
13 0.935 0.5365625 0.12 0.029375
13 0.93 0.51 0.12833333333333333 0.02625
