13 0.31666666666666665 0.921875 0.425 0.07
13 0.05375 0.9115625 0.1075 0.055625
13 0.12416666666666666 0.8578125 0.24666666666666667 0.063125
13 0.385 0.86375 0.2866666666666667 0.07
13 0.345 0.815 0.41333333333333333 0.07375
13 0.07083333333333333 0.805 0.13333333333333333 0.05125
13 0.14583333333333334 0.7490625 0.2866666666666667 0.056875
13 0.42083333333333334 0.7596875 0.275 0.073125
13 0.052083333333333336 0.6915625 0.1025 0.059375
13 0.32416666666666666 0.6928125 0.4483333333333333 0.059375
13 0.14583333333333334 0.635 0.28833333333333333 0.06625
13 0.41625 0.63375 0.24916666666666668 0.055
13 0.07666666666666666 0.5728125 0.15 0.056875
13 0.3466666666666667 0.5725 0.3883333333333333 0.07
13 0.1575 0.514375 0.31166666666666665 0.05375
13 0.46208333333333335 0.5175 0.2891666666666667 0.04125
13 0.36666666666666664 0.4728125 0.4583333333333333 0.051875
13 0.4579166666666667 0.4153125 0.2841666666666667 0.063125
13 0.7329166666666667 0.9340625 0.4058333333333333 0.076875
13 0.6595833333333333 0.8746875 0.2575 0.075625
13 0.8779166666666667 0.883125 0.18083333333333335 0.06625
13 0.7566666666666667 0.8146875 0.4083333333333333 0.076875
13 0.8879166666666667 0.7634375 0.15916666666666668 0.061875
13 0.6791666666666667 0.7534375 0.25833333333333336 0.069375
13 0.7441666666666666 0.69125 0.4066666666666667 0.0625
13 0.675 0.635 0.27 0.05625
13 0.90375 0.633125 0.19083333333333333 0.0625
13 0.7591666666666667 0.571875 0.435 0.05875
13 0.8025 0.511875 0.39 0.06375
13 0.79875 0.4484375 0.39916666666666667 0.061875
13 0.80375 0.373125 0.38916666666666666 0.0575
