13 0.5525 0.1415625 0.13 0.144375
13 0.6916666666666667 0.141875 0.14166666666666666 0.15125
13 0.8170833333333334 0.1490625 0.13083333333333333 0.139375
13 0.93875 0.1465625 0.11916666666666667 0.041875
13 0.9391666666666667 0.1809375 0.11666666666666667 0.029375
13 0.935 0.205625 0.11666666666666667 0.02875
13 0.49333333333333335 0.396875 0.11833333333333333 0.145
13 0.6091666666666666 0.4 0.11 0.13375
13 0.7258333333333333 0.4090625 0.12166666666666667 0.124375
13 0.8358333333333333 0.400625 0.10833333333333334 0.14125
13 0.9441666666666667 0.4175 0.10333333333333333 0.11
13 0.11458333333333333 0.8734375 0.1875 0.036875
13 0.11125 0.838125 0.1875 0.0425
13 0.11083333333333334 0.8059375 0.195 0.036875
13 0.10291666666666667 0.776875 0.1875 0.04
13 0.10458333333333333 0.74625 0.19083333333333333 0.0325
13 0.29541666666666666 0.874375 0.1775 0.0475
13 0.29333333333333333 0.835625 0.18166666666666667 0.03625
13 0.29083333333333333 0.803125 0.18166666666666667 0.04125
13 0.2916666666666667 0.77375 0.185 0.03375
13 0.28833333333333333 0.739375 0.18 0.03
13 0.5216666666666666 0.8790625 0.275 0.041875
13 0.47291666666666665 0.8453125 0.1775 0.035625
13 0.5195833333333333 0.815 0.2775 0.03875
13 0.4716666666666667 0.7871875 0.17333333333333334 0.036875
13 0.64625 0.7884375 0.1825 0.036875
13 0.6579166666666667 0.851875 0.18416666666666667 0.03875
13 0.7995833333333333 0.8875 0.2891666666666667 0.03625
13 0.8333333333333334 0.858125 0.19666666666666666 0.04875
13 0.83 0.793125 0.18833333333333332 0.045
13 0.7945833333333333 0.8246875 0.27416666666666667 0.046875
13 0.7958333333333333 0.76125 0.28 0.04375
13 0.9666666666666667 0.88625 0.06166666666666667 0.0325
13 0.9654166666666667 0.8534375 0.0675 0.033125
13 0.96625 0.819375 0.06416666666666666 0.03375
13 0.965 0.786875 0.06666666666666667 0.03
13 0.9654166666666667 0.7596875 0.06416666666666666 0.024375
13 0.9175 0.6353125 0.145 0.029375
13 0.92 0.6078125 0.15333333333333332 0.024375
13 0.935 0.58 0.12666666666666668 0.03125
