13 0.2708333333333333 0.1946875 0.23666666666666666 0.049375
13 0.2629166666666667 0.2325 0.24083333333333334 0.05125
13 0.25166666666666665 0.2771875 0.23333333333333334 0.045625
13 0.5291666666666667 0.285625 0.31333333333333335 0.05
13 0.5470833333333334 0.2396875 0.31916666666666665 0.059375
13 0.5479166666666667 0.198125 0.32916666666666666 0.06875
13 0.55 0.15125 0.3383333333333333 0.06625
13 0.5425 0.09 0.35 0.06
13 0.54375 0.02875 0.3525 0.05375
13 0.8170833333333334 0.2015625 0.21416666666666667 0.056875
13 0.8133333333333334 0.2446875 0.21333333333333335 0.031875
13 0.8354166666666667 0.29375 0.30083333333333334 0.045
13 0.9 0.5503125 0.19166666666666668 0.034375
13 0.8983333333333333 0.5221875 0.19833333333333333 0.024375
13 0.9029166666666667 0.5025 0.1925 0.03
13 0.90875 0.4540625 0.17916666666666667 0.044375
13 0.72125 0.55 0.1675 0.03
13 0.7191666666666666 0.5184375 0.15833333333333333 0.033125
13 0.71625 0.4859375 0.1825 0.041875
13 0.71625 0.4528125 0.18916666666666668 0.039375
13 0.525 0.548125 0.225 0.0325
13 0.5325 0.5246875 0.22666666666666666 0.039375
13 0.5133333333333333 0.4328125 0.11833333333333333 0.031875
13 0.27125 0.548125 0.2675 0.03625
13 0.29041666666666666 0.5146875 0.2575 0.035625
13 0.29375 0.4753125 0.2608333333333333 0.038125
13 0.2925 0.4409375 0.26666666666666666 0.038125
13 0.06625 0.5434375 0.1325 0.041875
13 0.07166666666666667 0.505625 0.14166666666666666 0.045
13 0.07083333333333333 0.4725 0.13833333333333334 0.0425
13 0.0775 0.435625 0.155 0.065
13 0.19333333333333333 0.941875 0.29833333333333334 0.05625
13 0.18541666666666667 0.8978125 0.2775 0.048125
13 0.18583333333333332 0.8525 0.2733333333333333 0.04375
13 0.19625 0.8040625 0.2791666666666667 0.049375
13 0.20333333333333334 0.759375 0.2783333333333333 0.0525
13 0.21083333333333334 0.7125 0.27666666666666667 0.055
13 0.4841666666666667 0.7115625 0.2733333333333333 0.064375
13 0.485 0.7615625 0.26666666666666666 0.066875
13 0.48291666666666666 0.8128125 0.27416666666666667 0.051875
13 0.47291666666666665 0.8625 0.2808333333333333 0.05125
13 0.4708333333333333 0.904375 0.28 0.05125
13 0.4741666666666667 0.9484375 0.27166666666666667 0.039375
13 0.4866666666666667 0.98375 0.2833333333333333 0.02875
13 0.7629166666666667 0.9546875 0.2825 0.036875
13 0.7504166666666666 0.9096875 0.27416666666666667 0.051875
13 0.7591666666666667 0.86125 0.2866666666666667 0.04
13 0.7683333333333333 0.8134375 0.29833333333333334 0.038125
13 0.7625 0.7621875 0.28833333333333333 0.045625
13 0.19041666666666668 0.9871875 0.2975 0.023125
