13 0.08583333333333333 0.1975 0.15166666666666667 0.14125
13 0.2654166666666667 0.19625 0.2075 0.14375
13 0.4379166666666667 0.2015625 0.16583333333333333 0.140625
13 0.2970833333333333 0.23375 0.13416666666666666 0.075
13 0.6125 0.209375 0.18166666666666667 0.11625
13 0.78 0.18375 0.15 0.0375
13 0.7845833333333333 0.21125 0.15083333333333335 0.0275
13 0.7820833333333334 0.23125 0.15583333333333332 0.03
13 0.78125 0.2546875 0.1625 0.028125
13 0.225 0.4809375 0.18166666666666667 0.184375
13 0.0625 0.4878125 0.125 0.045625
13 0.065 0.523125 0.12666666666666668 0.0325
13 0.06291666666666666 0.5584375 0.1225 0.041875
13 0.4125 0.4953125 0.16666666666666666 0.161875
13 0.5929166666666666 0.48625 0.18416666666666667 0.1925
13 0.7895833333333333 0.48625 0.2075 0.18125
13 0.9416666666666667 0.493125 0.11333333333333333 0.17
13 0.29291666666666666 0.8128125 0.1475 0.145625
13 0.44458333333333333 0.8125 0.15083333333333335 0.1275
13 0.59125 0.8034375 0.14583333333333334 0.114375
13 0.7566666666666667 0.8146875 0.15166666666666667 0.138125
13 0.8870833333333333 0.750625 0.12583333333333332 0.03625
13 0.8929166666666667 0.784375 0.1225 0.035
13 0.8916666666666667 0.805625 0.11833333333333333 0.03125
13 0.8925 0.8334375 0.12166666666666667 0.031875
