13 0.78625 0.94 0.18083333333333335 0.03375
13 0.9354166666666667 0.944375 0.12583333333333332 0.03125
13 0.9395833333333333 0.9171875 0.11916666666666667 0.029375
13 0.7875 0.9065625 0.18666666666666668 0.034375
13 0.79125 0.874375 0.17916666666666667 0.03
13 0.9408333333333333 0.8790625 0.11666666666666667 0.023125
13 0.7941666666666667 0.8428125 0.18333333333333332 0.038125
13 0.94375 0.8409375 0.10916666666666666 0.030625
13 0.80125 0.8078125 0.18916666666666668 0.035625
13 0.9454166666666667 0.809375 0.1075 0.02875
13 0.9533333333333334 0.7853125 0.09 0.019375
13 0.9516666666666667 0.7615625 0.09333333333333334 0.024375
13 0.81375 0.7765625 0.18916666666666668 0.034375
13 0.8133333333333334 0.7409375 0.19 0.035625
13 0.95125 0.7371875 0.0925 0.023125
13 0.95 0.7153125 0.095 0.020625
13 0.8179166666666666 0.70875 0.1925 0.02375
13 0.8133333333333334 0.6571875 0.195 0.033125
13 0.9516666666666667 0.685 0.09166666666666666 0.02375
13 0.9520833333333333 0.6578125 0.0875 0.024375
13 0.9483333333333334 0.6275 0.09333333333333334 0.02125
13 0.9554166666666667 0.596875 0.08583333333333333 0.03
13 0.82375 0.6171875 0.20583333333333334 0.029375
13 0.59875 0.93125 0.1875 0.035
13 0.605 0.899375 0.18833333333333332 0.0325
13 0.6020833333333333 0.875 0.19916666666666666 0.0275
13 0.6029166666666667 0.846875 0.1975 0.03875
13 0.6016666666666667 0.81125 0.20333333333333334 0.03625
13 0.6133333333333333 0.7790625 0.19666666666666666 0.036875
13 0.6120833333333333 0.7478125 0.20083333333333334 0.031875
13 0.61 0.72125 0.215 0.0325
13 0.6091666666666666 0.6953125 0.21333333333333335 0.028125
13 0.42 0.928125 0.17833333333333334 0.03875
13 0.4170833333333333 0.89125 0.1775 0.04125
13 0.415 0.8525 0.18 0.03375
13 0.41583333333333333 0.8165625 0.18 0.033125
13 0.42083333333333334 0.7803125 0.19 0.035625
13 0.42083333333333334 0.7496875 0.19 0.036875
13 0.4091666666666667 0.7128125 0.18666666666666668 0.041875
13 0.23375 0.9246875 0.18416666666666667 0.031875
13 0.07 0.918125 0.14 0.0425
13 0.19 0.8940625 0.2783333333333333 0.039375
13 0.18916666666666668 0.8596875 0.285 0.045625
13 0.2375 0.8265625 0.19166666666666668 0.043125
13 0.21875 0.666875 0.25083333333333335 0.03625
13 0.21625 0.7246875 0.2275 0.030625
13 0.09458333333333334 0.6896875 0.18416666666666667 0.029375
13 0.10458333333333333 0.57 0.20583333333333334 0.03375
13 0.05416666666666667 0.6184375 0.10833333333333334 0.031875
13 0.44958333333333333 0.5578125 0.16583333333333333 0.033125
13 0.44958333333333333 0.585625 0.16083333333333333 0.02625
13 0.4608333333333333 0.5171875 0.18 0.029375
