13 0.17875 0.21625 0.11916666666666667 0.1025
13 0.05625 0.2125 0.11083333333333334 0.115
13 0.31125 0.1990625 0.14583333333333334 0.131875
13 0.23916666666666667 0.4159375 0.16833333333333333 0.175625
13 0.40625 0.4415625 0.1525 0.126875
13 0.5545833333333333 0.416875 0.13583333333333333 0.17
13 0.5 0.2003125 0.165 0.126875
13 0.625 0.2115625 0.10666666666666667 0.094375
13 0.7683333333333333 0.1765625 0.16666666666666666 0.156875
13 0.7941666666666667 0.4371875 0.115 0.130625
13 0.9441666666666667 0.4171875 0.10833333333333334 0.168125
13 0.9295833333333333 0.18125 0.13583333333333333 0.1425
13 0.15541666666666668 0.94875 0.21416666666666667 0.03875
13 0.050833333333333335 0.9765625 0.1 0.035625
13 0.18 0.976875 0.16 0.035
13 0.06041666666666667 0.9140625 0.12083333333333333 0.031875
13 0.19375 0.9121875 0.14583333333333334 0.035625
13 0.14583333333333334 0.8778125 0.245 0.031875
13 0.06166666666666667 0.849375 0.12333333333333334 0.0325
13 0.19458333333333333 0.845625 0.1425 0.035
13 0.15416666666666667 0.81 0.22 0.0375
13 0.06958333333333333 0.7821875 0.1325 0.020625
13 0.21416666666666667 0.7790625 0.15666666666666668 0.018125
13 0.16958333333333334 0.7575 0.2375 0.02625
13 0.8920833333333333 0.9259375 0.20583333333333334 0.039375
13 0.8929166666666667 0.98375 0.20916666666666667 0.03125
13 0.935 0.95375 0.12166666666666667 0.02875
13 0.7529166666666667 0.8815625 0.23583333333333334 0.035625
13 0.8920833333333333 0.8465625 0.2125 0.031875
13 0.9333333333333333 0.8784375 0.13 0.026875
13 0.7608333333333334 0.951875 0.22 0.04
13 0.7091666666666666 0.9834375 0.15666666666666668 0.030625
13 0.715 0.918125 0.14833333333333334 0.03375
13 0.57375 0.94875 0.15416666666666667 0.04
13 0.5270833333333333 0.91375 0.22416666666666665 0.03625
13 0.5170833333333333 0.9790625 0.2275 0.038125
13 0.33458333333333334 0.978125 0.13583333333333333 0.04125
13 0.37333333333333335 0.9421875 0.21333333333333335 0.036875
13 0.3433333333333333 0.906875 0.145 0.03375
13 0.3754166666666667 0.8753125 0.2125 0.033125
13 0.33875 0.8453125 0.14416666666666667 0.033125
13 0.3754166666666667 0.809375 0.2125 0.03
13 0.5204166666666666 0.8403125 0.22083333333333333 0.035625
13 0.5566666666666666 0.8771875 0.14833333333333334 0.036875
13 0.5620833333333334 0.8065625 0.15416666666666667 0.029375
13 0.7091666666666666 0.845 0.14833333333333334 0.03
13 0.7579166666666667 0.8109375 0.23583333333333334 0.039375
13 0.9279166666666666 0.8109375 0.1175 0.035625
13 0.88 0.7740625 0.21166666666666667 0.035625
13 0.8766666666666667 0.7409375 0.22 0.031875
13 0.6425 0.739375 0.23 0.0325
13 0.6525 0.77375 0.22666666666666666 0.03625
13 0.4245833333333333 0.683125 0.2125 0.0275
13 0.41 0.748125 0.235 0.0325
13 0.4141666666666667 0.7790625 0.24 0.030625
13 0.5825 0.669375 0.11166666666666666 0.02875
13 0.7029166666666666 0.653125 0.12083333333333333 0.04
13 0.82875 0.6471875 0.1325 0.029375
