13 0.17375 0.3540625 0.2775 0.026875
13 0.185 0.3253125 0.295 0.055625
13 0.19583333333333333 0.286875 0.2916666666666667 0.0625
13 0.20791666666666667 0.2359375 0.2975 0.083125
13 0.52125 0.3390625 0.3175 0.050625
13 0.5133333333333333 0.295625 0.31666666666666665 0.05375
13 0.5204166666666666 0.2459375 0.32416666666666666 0.066875
13 0.9354166666666667 0.299375 0.12583333333333332 0.0525
13 0.93875 0.34125 0.11583333333333333 0.0375
13 0.10291666666666667 0.95125 0.2025 0.06
13 0.09958333333333333 0.884375 0.19916666666666666 0.0725
13 0.10583333333333333 0.81875 0.21166666666666667 0.06
13 0.10958333333333334 0.765625 0.21916666666666668 0.075
13 0.11708333333333333 0.68375 0.2325 0.075
13 0.12458333333333334 0.541875 0.2475 0.05875
13 0.4220833333333333 0.941875 0.41083333333333333 0.05375
13 0.4241666666666667 0.873125 0.4116666666666667 0.0625
13 0.40958333333333335 0.808125 0.38416666666666666 0.06125
13 0.42083333333333334 0.7415625 0.37 0.066875
13 0.43875 0.676875 0.3975 0.07375
13 0.42375 0.62125 0.3541666666666667 0.065
13 0.4483333333333333 0.556875 0.38 0.06375
13 0.8066666666666666 0.5525 0.37166666666666665 0.06875
13 0.8129166666666666 0.6184375 0.3575 0.083125
13 0.8120833333333334 0.68625 0.36583333333333334 0.08625
13 0.7979166666666667 0.7590625 0.38916666666666666 0.074375
13 0.79625 0.818125 0.3875 0.07375
13 0.8075 0.8815625 0.36833333333333335 0.065625
13 0.8104166666666667 0.9428125 0.3625 0.056875
