13 0.19583333333333333 0.9090625 0.275 0.041875
13 0.43083333333333335 0.915 0.19666666666666666 0.0475
13 0.67125 0.9184375 0.28583333333333333 0.051875
13 0.9025 0.920625 0.19 0.045
13 0.8525 0.881875 0.29 0.05125
13 0.90625 0.844375 0.16916666666666666 0.04125
13 0.8541666666666666 0.8025 0.27166666666666667 0.045
13 0.9041666666666667 0.7540625 0.175 0.034375
13 0.8516666666666667 0.7175 0.275 0.045
13 0.9066666666666666 0.675 0.16666666666666666 0.04875
13 0.8441666666666666 0.6290625 0.265 0.049375
13 0.8366666666666667 0.5834375 0.27666666666666667 0.044375
13 0.6220833333333333 0.88125 0.19916666666666666 0.04375
13 0.6904166666666667 0.8425 0.27416666666666667 0.04125
13 0.6754166666666667 0.755 0.2791666666666667 0.04875
13 0.6275 0.7103125 0.18166666666666667 0.038125
13 0.685 0.6725 0.2783333333333333 0.04625
13 0.56625 0.6190625 0.2825 0.051875
13 0.45666666666666667 0.8328125 0.19 0.049375
13 0.6333333333333333 0.79875 0.17166666666666666 0.04375
13 0.44458333333333333 0.744375 0.1825 0.0475
13 0.40625 0.79 0.2891666666666667 0.045
13 0.3879166666666667 0.870625 0.2725 0.045
13 0.17666666666666667 0.7828125 0.17333333333333334 0.046875
13 0.16333333333333333 0.8653125 0.17166666666666666 0.049375
13 0.39625 0.7 0.2708333333333333 0.045
13 0.45458333333333334 0.659375 0.1775 0.03875
13 0.22083333333333333 0.8275 0.27666666666666667 0.04125
13 0.21875 0.741875 0.26916666666666667 0.04375
13 0.17083333333333334 0.7021875 0.18 0.038125
13 0.22333333333333333 0.65875 0.285 0.03375
13 0.26958333333333334 0.62125 0.3025 0.03875
13 0.26666666666666666 0.58375 0.2916666666666667 0.0375
13 0.555 0.57875 0.2816666666666667 0.03875
13 0.48791666666666667 0.516875 0.14083333333333334 0.03875
13 0.6320833333333333 0.5053125 0.13916666666666666 0.044375
13 0.7808333333333334 0.4965625 0.16333333333333333 0.034375
13 0.03 0.908125 0.05333333333333334 0.0375
13 0.03125 0.8690625 0.0625 0.038125
13 0.04125 0.82875 0.07916666666666666 0.0425
13 0.04666666666666667 0.785625 0.09 0.045
13 0.0425 0.7375 0.08166666666666667 0.0475
13 0.041666666666666664 0.698125 0.08166666666666667 0.03625
13 0.04833333333333333 0.658125 0.095 0.04125
13 0.059583333333333335 0.6246875 0.1175 0.029375
13 0.059166666666666666 0.5890625 0.11833333333333333 0.039375
13 0.06 0.5515625 0.11666666666666667 0.035625
13 0.052083333333333336 0.5134375 0.10083333333333333 0.031875
13 0.2841666666666667 0.5153125 0.26 0.036875
13 0.08875 0.1675 0.17083333333333334 0.21
13 0.27375 0.19875 0.1975 0.1625
13 0.4583333333333333 0.1778125 0.16333333333333333 0.213125
13 0.7520833333333333 0.2171875 0.13083333333333333 0.139375
13 0.9320833333333334 0.1878125 0.13416666666666666 0.199375
