13 0.84 0.4009375 0.31666666666666665 0.043125
13 0.84 0.3459375 0.31333333333333335 0.049375
13 0.8545833333333334 0.285 0.2841666666666667 0.0575
13 0.855 0.2115625 0.28833333333333333 0.066875
13 0.7670833333333333 0.1340625 0.3591666666666667 0.079375
13 0.41833333333333333 0.4171875 0.495 0.050625
13 0.4220833333333333 0.365625 0.4791666666666667 0.06875
13 0.435 0.29375 0.52 0.06375
13 0.4395833333333333 0.2215625 0.5325 0.073125
13 0.40875 0.151875 0.4008333333333333 0.06125
13 0.09583333333333334 0.2396875 0.19 0.049375
13 0.09916666666666667 0.3065625 0.195 0.041875
13 0.09458333333333334 0.35375 0.18583333333333332 0.0475
13 0.07416666666666667 0.426875 0.14666666666666667 0.05
13 0.7183333333333334 0.68 0.2916666666666667 0.03125
13 0.7125 0.634375 0.29333333333333333 0.04
13 0.69 0.5875 0.275 0.0375
13 0.4370833333333333 0.6715625 0.25083333333333335 0.043125
13 0.43083333333333335 0.64 0.275 0.02375
13 0.43083333333333335 0.6140625 0.2733333333333333 0.034375
13 0.425 0.553125 0.255 0.04125
13 0.20291666666666666 0.670625 0.21083333333333334 0.035
13 0.19333333333333333 0.63625 0.20666666666666667 0.035
13 0.18458333333333332 0.5959375 0.21583333333333332 0.041875
13 0.18208333333333335 0.560625 0.24583333333333332 0.0325
