13 0.32416666666666666 0.164375 0.215 0.21375
13 0.5341666666666667 0.185625 0.205 0.16125
13 0.7258333333333333 0.1590625 0.175 0.210625
13 0.18875 0.9196875 0.29583333333333334 0.051875
13 0.08083333333333333 0.875 0.11666666666666667 0.0425
13 0.2425 0.8790625 0.19833333333333333 0.046875
13 0.20875 0.841875 0.2875 0.05
13 0.25875 0.7990625 0.18416666666666667 0.044375
13 0.029166666666666667 0.8365625 0.058333333333333334 0.036875
13 0.08333333333333333 0.7975 0.165 0.0425
13 0.19125 0.754375 0.30583333333333335 0.045
13 0.08375 0.7153125 0.1625 0.044375
13 0.25458333333333333 0.7128125 0.18083333333333335 0.039375
13 0.21 0.668125 0.2733333333333333 0.05
13 0.035833333333333335 0.666875 0.07 0.0425
13 0.09625 0.6275 0.1925 0.03625
13 0.2225 0.6015625 0.31333333333333335 0.033125
13 0.28875 0.630625 0.19583333333333333 0.02875
13 0.47875 0.9265625 0.2825 0.053125
13 0.7175 0.9371875 0.2 0.050625
13 0.6683333333333333 0.8928125 0.3 0.049375
13 0.43125 0.88375 0.18416666666666667 0.045
13 0.49125 0.8409375 0.2891666666666667 0.055625
13 0.73125 0.8496875 0.1925 0.050625
13 0.6791666666666667 0.8053125 0.2966666666666667 0.049375
13 0.4425 0.7975 0.18 0.05
13 0.4845833333333333 0.754375 0.2791666666666667 0.045
13 0.7220833333333333 0.759375 0.1975 0.055
13 0.6758333333333333 0.7146875 0.29833333333333334 0.050625
13 0.43333333333333335 0.711875 0.18666666666666668 0.04
13 0.49375 0.6709375 0.29583333333333334 0.039375
13 0.7354166666666667 0.67 0.18416666666666667 0.0425
13 0.5416666666666666 0.628125 0.31166666666666665 0.04375
13 0.5395833333333333 0.58875 0.30583333333333335 0.03875
13 0.54125 0.5209375 0.2775 0.038125
13 0.9070833333333334 0.9440625 0.17916666666666667 0.048125
13 0.9075 0.9003125 0.17833333333333334 0.045625
13 0.9191666666666667 0.86125 0.15666666666666668 0.04125
13 0.9145833333333333 0.8153125 0.16583333333333333 0.048125
13 0.90875 0.7684375 0.17583333333333334 0.046875
13 0.9116666666666666 0.7234375 0.17166666666666666 0.041875
13 0.9133333333333333 0.6778125 0.16833333333333333 0.053125
13 0.8475 0.6275 0.30333333333333334 0.05125
13 0.8395833333333333 0.5809375 0.3025 0.043125
13 0.7441666666666666 0.5125 0.135 0.0475
13 0.89375 0.5 0.15583333333333332 0.05125
