1 0.071875 0.2234375 0.14166666666666666 0.175
1 0.6166666666666667 0.2390625 0.12083333333333333 0.1609375
1 0.73125 0.24453125 0.10625 0.15
1 0.084375 0.428125 0.12291666666666666 0.1625
1 0.19947916666666668 0.427734375 0.11770833333333333 0.16328125
1 0.4083333333333333 0.428125 0.07708333333333334 0.146875
1 0.49270833333333336 0.429296875 0.10208333333333333 0.15234375
1 0.6223958333333334 0.4265625 0.096875 0.1484375
1 0.753125 0.42578125 0.09375 0.1515625
1 0.8786458333333333 0.257421875 0.08020833333333334 0.13046875
1 0.86875 0.0734375 0.09583333333333334 0.1203125
1 0.7635416666666667 0.06640625 0.10416666666666667 0.1203125
1 0.6463541666666667 0.059765625 0.13020833333333334 0.11796875
1 0.5135416666666667 0.058984375 0.13125 0.11640625
1 0.3796875 0.052734375 0.140625 0.10546875
1 0.23541666666666666 0.05 0.14583333333333334 0.0984375
1 0.08177083333333333 0.04609375 0.15520833333333334 0.0890625
1 0.7098958333333333 0.592578125 0.08020833333333334 0.12109375
1 0.7885416666666667 0.589453125 0.075 0.12109375
1 0.8604166666666667 0.58671875 0.07708333333333334 0.11875
1 0.9307291666666667 0.58359375 0.07395833333333333 0.1234375
1 0.07604166666666666 0.771484375 0.08125 0.11328125
1 0.1578125 0.76171875 0.07395833333333333 0.1
1 0.2328125 0.76015625 0.07395833333333333 0.1078125
1 0.29791666666666666 0.755078125 0.06875 0.10234375
1 0.4953125 0.737890625 0.065625 0.08828125
1 0.5625 0.7375 0.0625 0.0953125
1 0.6411458333333333 0.73671875 0.06354166666666666 0.1015625
1 0.7020833333333333 0.736328125 0.06041666666666667 0.10703125
1 0.7536458333333333 0.730078125 0.051041666666666666 0.09765625
1 0.8098958333333334 0.73125 0.059375 0.103125
1 0.8994791666666667 0.72265625 0.05520833333333333 0.0875
1 0.9552083333333333 0.7203125 0.058333333333333334 0.1015625
1 0.03177083333333333 0.93359375 0.06354166666666666 0.1203125
1 0.10208333333333333 0.9171875 0.06458333333333334 0.10625
1 0.16145833333333334 0.909765625 0.058333333333333334 0.10234375
1 0.215625 0.901953125 0.05416666666666667 0.10390625
1 0.2703125 0.9125 0.059375 0.115625
1 0.346875 0.915625 0.06041666666666667 0.109375
1 0.8515625 0.420703125 0.103125 0.13984375
1 0.9572916666666667 0.421875 0.07916666666666666 0.1390625
