13 0.05708333333333333 0.29375 0.11416666666666667 0.04625
13 0.06125 0.336875 0.1225 0.04375
13 0.059583333333333335 0.37875 0.1175 0.04
13 0.06541666666666666 0.4171875 0.13083333333333333 0.044375
13 0.06583333333333333 0.455625 0.12833333333333333 0.04
13 0.06791666666666667 0.4875 0.13583333333333333 0.03
13 0.28 0.47 0.19 0.035
13 0.28208333333333335 0.4415625 0.18916666666666668 0.041875
13 0.28833333333333333 0.409375 0.195 0.045
13 0.2875 0.3696875 0.16833333333333333 0.040625
13 0.49333333333333335 0.296875 0.26166666666666666 0.05375
13 0.49083333333333334 0.344375 0.27166666666666667 0.045
13 0.4979166666666667 0.384375 0.2658333333333333 0.045
13 0.4970833333333333 0.4190625 0.2675 0.043125
13 0.50125 0.451875 0.25583333333333336 0.04
13 0.49125 0.4834375 0.23416666666666666 0.039375
13 0.7383333333333333 0.4846875 0.25666666666666665 0.039375
13 0.7245833333333334 0.433125 0.2025 0.03
13 0.7308333333333333 0.405 0.20666666666666667 0.02625
13 0.7275 0.369375 0.20666666666666667 0.04125
13 0.93375 0.4884375 0.1275 0.029375
13 0.9466666666666667 0.4596875 0.10333333333333333 0.028125
13 0.9475 0.42625 0.1 0.03125
13 0.9529166666666666 0.393125 0.0875 0.03
13 0.115 0.648125 0.18 0.03375
13 0.11833333333333333 0.614375 0.175 0.035
13 0.11833333333333333 0.5875 0.16333333333333333 0.03875
13 0.12583333333333332 0.564375 0.17333333333333334 0.04125
13 0.3095833333333333 0.653125 0.2075 0.0225
13 0.3283333333333333 0.6246875 0.21 0.024375
13 0.32916666666666666 0.588125 0.20166666666666666 0.02375
13 0.32708333333333334 0.5665625 0.2075 0.026875
13 0.5241666666666667 0.63375 0.18333333333333332 0.02375
13 0.52125 0.6146875 0.18583333333333332 0.030625
13 0.6866666666666666 0.6178125 0.145 0.026875
13 0.68625 0.595625 0.13583333333333333 0.02125
13 0.6833333333333333 0.568125 0.15 0.03125
13 0.8508333333333333 0.62625 0.18333333333333332 0.03
13 0.8470833333333333 0.6028125 0.17916666666666667 0.021875
13 0.8579166666666667 0.5884375 0.19083333333333333 0.028125
13 0.07708333333333334 0.8634375 0.15416666666666667 0.039375
13 0.07541666666666667 0.9 0.14916666666666667 0.055
13 0.07541666666666667 0.93 0.15083333333333335 0.035
13 0.07083333333333333 0.9625 0.14 0.03625
13 0.07583333333333334 0.9871875 0.15 0.024375
13 0.26708333333333334 0.9821875 0.20916666666666667 0.033125
13 0.265 0.95 0.215 0.03375
13 0.2554166666666667 0.9203125 0.2025 0.038125
13 0.2608333333333333 0.8865625 0.20333333333333334 0.035625
13 0.26708333333333334 0.854375 0.2175 0.03375
13 0.26625 0.8215625 0.21416666666666667 0.040625
13 0.26375 0.7859375 0.21416666666666667 0.041875
13 0.46625 0.791875 0.22583333333333333 0.045
13 0.4741666666666667 0.8246875 0.21 0.046875
13 0.4708333333333333 0.865625 0.215 0.04625
13 0.46708333333333335 0.9003125 0.2125 0.038125
13 0.46708333333333335 0.9284375 0.21583333333333332 0.034375
13 0.4716666666666667 0.956875 0.2 0.0325
13 0.48 0.983125 0.21166666666666667 0.03125
13 0.6908333333333333 0.988125 0.20333333333333334 0.0225
13 0.6779166666666666 0.966875 0.20416666666666666 0.03125
13 0.67875 0.9353125 0.20583333333333334 0.036875
13 0.6825 0.9046875 0.21333333333333335 0.029375
13 0.6858333333333333 0.865625 0.22166666666666668 0.035
