13 0.16833333333333333 0.8709375 0.21833333333333332 0.051875
13 0.38916666666666666 0.8825 0.23 0.04375
13 0.175 0.816875 0.22333333333333333 0.05375
13 0.39416666666666667 0.8390625 0.235 0.054375
13 0.38416666666666666 0.7875 0.21833333333333332 0.0475
13 0.16291666666666665 0.765 0.20083333333333334 0.05625
13 0.1675 0.7121875 0.22166666666666668 0.050625
13 0.38708333333333333 0.733125 0.22083333333333333 0.05375
13 0.37416666666666665 0.67625 0.22 0.06
13 0.15041666666666667 0.670625 0.22416666666666665 0.0475
13 0.42333333333333334 0.5771875 0.21 0.065625
13 0.62375 0.5065625 0.18916666666666668 0.031875
13 0.615 0.54 0.18666666666666668 0.03
13 0.6070833333333333 0.5684375 0.18083333333333335 0.030625
13 0.6125 0.5978125 0.18833333333333332 0.031875
13 0.6158333333333333 0.624375 0.18333333333333332 0.03625
13 0.7991666666666667 0.60125 0.18666666666666668 0.04
13 0.8029166666666666 0.6384375 0.1825 0.030625
13 0.8108333333333333 0.6709375 0.17333333333333334 0.035625
13 0.815 0.7059375 0.17666666666666667 0.036875
13 0.8154166666666667 0.739375 0.1775 0.03375
13 0.82125 0.7721875 0.16083333333333333 0.036875
13 0.6283333333333333 0.7875 0.27 0.045
13 0.6270833333333333 0.820625 0.2625 0.04125
13 0.6375 0.8503125 0.25333333333333335 0.038125
13 0.63375 0.884375 0.25583333333333336 0.04875
