13 0.70375 0.835 0.15416666666666667 0.02375
13 0.7045833333333333 0.815625 0.15083333333333335 0.025
13 0.7058333333333333 0.800625 0.15333333333333332 0.02125
13 0.7129166666666666 0.781875 0.15916666666666668 0.02625
13 0.7129166666666666 0.75875 0.15916666666666668 0.02875
13 0.7141666666666666 0.738125 0.15833333333333333 0.025
13 0.7225 0.720625 0.16833333333333333 0.025
13 0.7245833333333334 0.7021875 0.16416666666666666 0.026875
13 0.7245833333333334 0.6853125 0.1675 0.019375
13 0.7216666666666667 0.6625 0.17166666666666666 0.02125
13 0.72625 0.643125 0.17083333333333334 0.02375
13 0.72875 0.6221875 0.17583333333333334 0.021875
13 0.7308333333333333 0.6003125 0.17666666666666667 0.023125
13 0.7358333333333333 0.5778125 0.18333333333333332 0.023125
13 0.7558333333333334 0.555625 0.17666666666666667 0.02
13 0.5570833333333334 0.833125 0.13416666666666666 0.03125
13 0.5616666666666666 0.809375 0.13833333333333334 0.02875
13 0.5666666666666667 0.785625 0.13666666666666666 0.0275
13 0.5654166666666667 0.759375 0.13916666666666666 0.025
13 0.5675 0.735625 0.145 0.03
13 0.5708333333333333 0.711875 0.13833333333333334 0.02875
13 0.5720833333333334 0.6875 0.13916666666666666 0.025
13 0.575 0.6609375 0.14333333333333334 0.024375
13 0.5708333333333333 0.62125 0.14666666666666667 0.03375
13 0.57625 0.590625 0.14416666666666667 0.0275
13 0.4191666666666667 0.8296875 0.14166666666666666 0.025625
13 0.4191666666666667 0.8084375 0.14833333333333334 0.021875
13 0.42041666666666666 0.79 0.14416666666666667 0.02375
13 0.42083333333333334 0.7684375 0.15333333333333332 0.025625
13 0.42041666666666666 0.7428125 0.15416666666666667 0.025625
13 0.4245833333333333 0.72 0.14416666666666667 0.02375
13 0.425 0.698125 0.15333333333333332 0.02375
13 0.4216666666666667 0.6765625 0.155 0.023125
13 0.4195833333333333 0.6590625 0.15916666666666668 0.021875
13 0.28291666666666665 0.8265625 0.13583333333333333 0.025625
13 0.2816666666666667 0.801875 0.12833333333333333 0.025
13 0.28041666666666665 0.7721875 0.13083333333333333 0.024375
13 0.2791666666666667 0.7465625 0.13 0.020625
13 0.28041666666666665 0.719375 0.13583333333333333 0.02875
13 0.27791666666666665 0.698125 0.14083333333333334 0.02
13 0.27125 0.6721875 0.14083333333333334 0.026875
13 0.14583333333333334 0.8278125 0.14166666666666666 0.023125
13 0.03833333333333333 0.8246875 0.07666666666666666 0.021875
13 0.10875 0.805 0.21583333333333332 0.025
13 0.10708333333333334 0.78125 0.2125 0.02875
13 0.14125 0.7575 0.1375 0.02625
13 0.12875 0.634375 0.19416666666666665 0.0225
13 0.06625 0.55875 0.12416666666666666 0.02375
13 0.3075 0.5671875 0.11833333333333333 0.021875
13 0.3075 0.54625 0.12833333333333333 0.02375
13 0.31666666666666665 0.516875 0.14666666666666667 0.02
13 0.12625 0.6775 0.1625 0.0175
13 0.035833333333333335 0.754375 0.07166666666666667 0.02125
