0 0.253125 0.145703125 0.12916666666666668 0.16328125
0 0.375 0.1453125 0.11875 0.1640625
0 0.4973958333333333 0.14453125 0.12395833333333334 0.1640625
0 0.6291666666666667 0.13671875 0.13333333333333333 0.178125
0 0.7677083333333333 0.13359375 0.1375 0.1828125
0 0.90625 0.12890625 0.13958333333333334 0.1859375
0 0.31302083333333336 0.36015625 0.090625 0.1328125
0 0.4041666666666667 0.358203125 0.09583333333333334 0.14296875
0 0.5052083333333334 0.355078125 0.10416666666666667 0.15546875
0 0.6255208333333333 0.35390625 0.109375 0.1609375
0 0.7578125 0.352734375 0.128125 0.16484375
0 0.896875 0.351171875 0.13333333333333333 0.17109375
0 0.8802083333333334 0.559375 0.12291666666666666 0.165625
0 0.6651041666666667 0.561328125 0.11979166666666667 0.15703125
0 0.4942708333333333 0.559375 0.11145833333333334 0.1546875
0 0.375 0.552734375 0.11458333333333333 0.15078125
0 0.2734375 0.54765625 0.103125 0.146875
0 0.042708333333333334 0.70546875 0.075 0.1140625
0 0.15833333333333333 0.71484375 0.07083333333333333 0.1375
0 0.22604166666666667 0.720703125 0.06666666666666667 0.14140625
0 0.303125 0.719921875 0.06666666666666667 0.13984375
0 0.37552083333333336 0.72734375 0.071875 0.140625
0 0.45208333333333334 0.729296875 0.075 0.14140625
0 0.5354166666666667 0.73671875 0.075 0.1484375
0 0.6067708333333334 0.730859375 0.06354166666666666 0.13203125
0 0.6796875 0.72421875 0.07395833333333333 0.1234375
0 0.7479166666666667 0.7328125 0.06041666666666667 0.125
0 0.8166666666666667 0.74609375 0.07916666666666666 0.14375
0 0.8875 0.725 0.06041666666666667 0.10625
0 0.9697916666666667 0.739453125 0.05416666666666667 0.12734375
0 0.07864583333333333 0.9 0.08020833333333334 0.146875
0 0.16302083333333334 0.901953125 0.08020833333333334 0.14765625
0 0.24322916666666666 0.89921875 0.06770833333333333 0.1453125
0 0.31875 0.90234375 0.07708333333333334 0.146875
0 0.40729166666666666 0.9109375 0.07708333333333334 0.1484375
0 0.515625 0.916015625 0.08125 0.14921875
0 0.6020833333333333 0.9125 0.07291666666666667 0.14375
0 0.6770833333333334 0.919140625 0.075 0.15078125
0 0.7380208333333333 0.90390625 0.06354166666666666 0.125
0 0.8114583333333333 0.923828125 0.08333333333333333 0.14609375
0 0.9125 0.923046875 0.0875 0.14140625
0 0.9713541666666666 0.919140625 0.053125 0.12421875
