2 0.029166666666666667 0.18984375 0.052083333333333336 0.1078125
2 0.0921875 0.1859375 0.08020833333333334 0.1078125
2 0.17395833333333333 0.1703125 0.1 0.1265625
2 0.2713541666666667 0.163671875 0.09895833333333333 0.13203125
2 0.3723958333333333 0.1609375 0.11354166666666667 0.125
2 0.48125 0.1546875 0.11875 0.121875
2 0.5958333333333333 0.146484375 0.11666666666666667 0.12265625
2 0.7104166666666667 0.130078125 0.11666666666666667 0.13828125
2 0.8291666666666667 0.122265625 0.12708333333333333 0.14140625
2 0.9416666666666667 0.112109375 0.11041666666666666 0.15078125
2 0.08645833333333333 0.353515625 0.10416666666666667 0.11328125
2 0.2453125 0.34453125 0.10520833333333333 0.1328125
2 0.09791666666666667 0.49375 0.10416666666666667 0.11875
2 0.2265625 0.48515625 0.09895833333333333 0.1109375
2 0.4234375 0.330078125 0.09895833333333333 0.10078125
2 0.5130208333333334 0.3265625 0.09479166666666666 0.103125
2 0.38958333333333334 0.466796875 0.0875 0.11328125
2 0.484375 0.469921875 0.11041666666666666 0.11953125
2 0.5901041666666667 0.4671875 0.115625 0.1265625
2 0.7026041666666667 0.4609375 0.109375 0.134375
2 0.603125 0.31796875 0.09791666666666667 0.109375
2 0.7036458333333333 0.3 0.11145833333333334 0.1421875
2 0.81875 0.2921875 0.12291666666666666 0.1484375
2 0.9385416666666667 0.28828125 0.11666666666666667 0.15
2 0.8161458333333333 0.460546875 0.11770833333333333 0.13828125
2 0.9317708333333333 0.458203125 0.10104166666666667 0.13671875
2 0.11875 0.619140625 0.07083333333333333 0.08515625
2 0.1890625 0.622265625 0.065625 0.08828125
2 0.24583333333333332 0.621875 0.0625 0.0953125
2 0.30572916666666666 0.623828125 0.06354166666666666 0.09453125
2 0.36041666666666666 0.60859375 0.05416666666666667 0.1140625
2 0.4140625 0.61171875 0.06354166666666666 0.1109375
2 0.4713541666666667 0.61015625 0.06145833333333333 0.1140625
2 0.5296875 0.60859375 0.06145833333333333 0.109375
2 0.6515625 0.6125 0.071875 0.1125
2 0.7171875 0.609765625 0.071875 0.11953125
2 0.7869791666666667 0.61171875 0.06979166666666667 0.1171875
2 0.85625 0.613671875 0.075 0.12265625
2 0.93125 0.615625 0.075 0.125
2 0.040625 0.73515625 0.05416666666666667 0.0953125
2 0.0984375 0.745703125 0.06979166666666667 0.11015625
2 0.15729166666666666 0.741015625 0.05416666666666667 0.09765625
2 0.2109375 0.74375 0.06145833333333333 0.0953125
2 0.26666666666666666 0.74609375 0.058333333333333334 0.1015625
2 0.3177083333333333 0.751171875 0.05416666666666667 0.09765625
2 0.37135416666666665 0.739453125 0.057291666666666664 0.10390625
2 0.428125 0.7453125 0.06458333333333334 0.1125
2 0.4901041666666667 0.7453125 0.06770833333333333 0.109375
2 0.8807291666666667 0.758203125 0.071875 0.12265625
2 0.953125 0.761328125 0.07291666666666667 0.12734375
2 0.036458333333333336 0.865234375 0.041666666666666664 0.11171875
2 0.07604166666666666 0.866015625 0.04375 0.11328125
2 0.11666666666666667 0.86953125 0.041666666666666664 0.115625
2 0.15572916666666667 0.8734375 0.03854166666666667 0.1125
2 0.19427083333333334 0.8796875 0.042708333333333334 0.1140625
2 0.23697916666666666 0.87734375 0.046875 0.1171875
2 0.278125 0.878125 0.041666666666666664 0.1171875
2 0.32447916666666665 0.87578125 0.04895833333333333 0.1140625
2 0.3703125 0.872265625 0.053125 0.11796875
2 0.421875 0.878125 0.058333333333333334 0.1296875
2 0.48802083333333335 0.88671875 0.06770833333333333 0.1375
2 0.553125 0.8890625 0.06875 0.134375
2 0.6817708333333333 0.90078125 0.06770833333333333 0.14375
2 0.7505208333333333 0.908203125 0.065625 0.14765625
2 0.8192708333333333 0.910546875 0.07604166666666666 0.14765625
2 0.875 0.896484375 0.058333333333333334 0.11953125
2 0.9380208333333333 0.901171875 0.06979166666666667 0.12109375
2 0.6151041666666667 0.878515625 0.06354166666666666 0.10859375
