4 0.5598958333333334 0.129296875 0.036458333333333336 0.07734375
4 0.5958333333333333 0.130859375 0.035416666666666666 0.07578125
4 0.63125 0.131640625 0.035416666666666666 0.07578125
4 0.6671875 0.1296875 0.036458333333333336 0.078125
4 0.703125 0.131640625 0.035416666666666666 0.07421875
4 0.7380208333333333 0.131640625 0.03229166666666667 0.07578125
4 0.7994791666666666 0.131640625 0.036458333333333336 0.07421875
4 0.8369791666666667 0.12890625 0.034375 0.0796875
4 0.7140625 0.2578125 0.040625 0.08125
4 0.7520833333333333 0.261328125 0.035416666666666666 0.07890625
4 0.7901041666666667 0.26171875 0.036458333333333336 0.0796875
4 0.8276041666666667 0.261328125 0.036458333333333336 0.07734375
4 0.5630208333333333 0.387109375 0.03854166666666667 0.07734375
4 0.6 0.387890625 0.0375 0.07890625
4 0.6364583333333333 0.386328125 0.035416666666666666 0.07890625
4 0.6713541666666667 0.387890625 0.036458333333333336 0.07734375
4 0.7109375 0.38671875 0.036458333333333336 0.0796875
4 0.7484375 0.386328125 0.03854166666666667 0.07578125
4 0.7869791666666667 0.38671875 0.036458333333333336 0.0765625
4 0.821875 0.3859375 0.035416666666666666 0.08125
4 0.8661458333333333 0.38984375 0.034375 0.0703125
4 0.9015625 0.389453125 0.03229166666666667 0.07265625
4 0.6010416666666667 0.50859375 0.0375 0.0796875
4 0.6395833333333333 0.508203125 0.0375 0.08046875
4 0.6744791666666666 0.50703125 0.036458333333333336 0.08125
4 0.7145833333333333 0.50859375 0.0375 0.078125
4 0.7520833333333333 0.5078125 0.035416666666666666 0.0796875
4 0.7880208333333333 0.508203125 0.03854166666666667 0.08046875
4 0.8255208333333334 0.50859375 0.036458333333333336 0.078125
4 0.8651041666666667 0.51171875 0.034375 0.071875
4 0.8979166666666667 0.51171875 0.035416666666666666 0.0734375
4 0.9307291666666667 0.51640625 0.028125 0.059375
4 0.9630208333333333 0.516015625 0.034375 0.06171875
4 0.9822916666666667 0.632421875 0.020833333333333332 0.06015625
4 0.95625 0.63359375 0.03125 0.0609375
4 0.9229166666666667 0.6328125 0.03125 0.0609375
4 0.890625 0.628125 0.03125 0.0703125
4 0.8583333333333333 0.628125 0.03333333333333333 0.071875
4 0.825 0.627734375 0.03333333333333333 0.07109375
4 0.790625 0.624609375 0.03958333333333333 0.07890625
4 0.7526041666666666 0.624609375 0.036458333333333336 0.07890625
4 0.71875 0.624609375 0.0375 0.07890625
4 0.6822916666666666 0.624609375 0.035416666666666666 0.08203125
4 0.6463541666666667 0.624609375 0.03854166666666667 0.08203125
4 0.60625 0.625 0.03958333333333333 0.0828125
4 0.5677083333333334 0.623828125 0.03333333333333333 0.08046875
4 0.03229166666666667 0.135546875 0.058333333333333334 0.16015625
4 0.09427083333333333 0.135546875 0.06770833333333333 0.16328125
4 0.04583333333333333 0.330078125 0.06666666666666667 0.15390625
4 0.11041666666666666 0.328515625 0.07083333333333333 0.15859375
4 0.035416666666666666 0.506640625 0.052083333333333336 0.14609375
4 0.08802083333333334 0.505859375 0.06770833333333333 0.14453125
4 0.07135416666666666 0.684375 0.065625 0.146875
4 0.13072916666666667 0.68125 0.06354166666666666 0.1421875
4 0.42239583333333336 0.851171875 0.053125 0.14609375
4 0.3458333333333333 0.895703125 0.0625 0.16171875
4 0.28802083333333334 0.88984375 0.059375 0.1671875
4 0.23541666666666666 0.88046875 0.05625 0.159375
4 0.17760416666666667 0.8796875 0.06145833333333333 0.159375
4 0.11510416666666666 0.883203125 0.06770833333333333 0.15859375
4 0.05 0.883203125 0.07083333333333333 0.16015625
