13 0.045 0.8046875 0.09 0.209375
13 0.17 0.8115625 0.14166666666666666 0.205625
13 0.3229166666666667 0.8184375 0.16416666666666666 0.195625
13 0.4716666666666667 0.8159375 0.14166666666666666 0.185625
13 0.6416666666666667 0.8203125 0.18 0.203125
13 0.8166666666666667 0.844375 0.16666666666666666 0.16125
13 0.9441666666666667 0.84375 0.10833333333333334 0.13125
13 0.06458333333333334 0.5028125 0.12416666666666666 0.176875
13 0.22583333333333333 0.505 0.17166666666666666 0.18125
13 0.3954166666666667 0.509375 0.15083333333333335 0.17
13 0.55375 0.4940625 0.15083333333333335 0.051875
13 0.5516666666666666 0.529375 0.17333333333333334 0.03375
13 0.54625 0.5659375 0.15916666666666668 0.041875
13 0.7675 0.4896875 0.20666666666666667 0.203125
13 0.9270833333333334 0.4975 0.1425 0.1875
13 0.5770833333333333 0.180625 0.1675 0.1525
13 0.8425 0.214375 0.18166666666666667 0.08875
13 0.9354166666666667 0.181875 0.12583333333333332 0.14625
13 0.7604166666666666 0.176875 0.1975 0.15125
