0 0.03697916666666667 0.19453125 0.06979166666666667 0.1328125
0 0.10416666666666667 0.19453125 0.07291666666666667 0.134375
0 0.17552083333333332 0.191015625 0.078125 0.13203125
0 0.24895833333333334 0.18984375 0.07708333333333334 0.1296875
0 0.32083333333333336 0.18671875 0.07708333333333334 0.134375
0 0.3963541666666667 0.18671875 0.07604166666666666 0.1265625
0 0.471875 0.185546875 0.07291666666666667 0.12890625
0 0.5458333333333333 0.184765625 0.08541666666666667 0.12890625
0 0.6234375 0.18125 0.078125 0.1296875
0 0.6958333333333333 0.1921875 0.075 0.109375
0 0.7734375 0.1828125 0.084375 0.121875
0 0.8526041666666667 0.175 0.078125 0.1265625
0 0.9270833333333334 0.175390625 0.07708333333333334 0.12890625
0 0.04479166666666667 0.35 0.075 0.1265625
0 0.11458333333333333 0.347265625 0.07708333333333334 0.12734375
0 0.18645833333333334 0.348046875 0.07083333333333333 0.12734375
0 0.2515625 0.348046875 0.07604166666666666 0.12734375
0 0.34375 0.35234375 0.06666666666666667 0.115625
0 0.4114583333333333 0.34609375 0.07291666666666667 0.1265625
0 0.4828125 0.344921875 0.078125 0.13203125
0 0.621875 0.342578125 0.075 0.13046875
0 0.6942708333333333 0.337109375 0.078125 0.13671875
0 0.7625 0.335546875 0.07708333333333334 0.13671875
0 0.8302083333333333 0.334765625 0.06875 0.13515625
0 0.9114583333333334 0.334375 0.07708333333333334 0.134375
0 0.9671875 0.34140625 0.05520833333333333 0.1234375
0 0.051041666666666666 0.523828125 0.07708333333333334 0.13046875
0 0.13072916666666667 0.519921875 0.06354166666666666 0.12421875
0 0.18697916666666667 0.519921875 0.059375 0.12578125
0 0.2375 0.521484375 0.06666666666666667 0.13046875
0 0.3015625 0.522265625 0.07604166666666666 0.13203125
0 0.37135416666666665 0.51953125 0.071875 0.1375
0 0.5026041666666666 0.516796875 0.059375 0.13984375
0 0.5807291666666666 0.521875 0.06770833333333333 0.128125
0 0.4354166666666667 0.503125 0.07083333333333333 0.125
0 0.6484375 0.51484375 0.071875 0.1171875
0 0.7177083333333333 0.50859375 0.07291666666666667 0.121875
0 0.7885416666666667 0.517578125 0.07916666666666666 0.12890625
0 0.8739583333333333 0.520703125 0.075 0.13515625
0 0.971875 0.51875 0.05 0.128125
0 0.04635416666666667 0.69609375 0.06770833333333333 0.128125
0 0.11145833333333334 0.69140625 0.07083333333333333 0.1375
0 0.1765625 0.688671875 0.071875 0.14140625
0 0.24010416666666667 0.68984375 0.071875 0.140625
0 0.30833333333333335 0.693359375 0.075 0.13515625
0 0.37395833333333334 0.692578125 0.07083333333333333 0.13203125
0 0.4395833333333333 0.691796875 0.075 0.13359375
0 0.5020833333333333 0.692578125 0.06875 0.13671875
0 0.5859375 0.698046875 0.07604166666666666 0.12578125
0 0.6677083333333333 0.696875 0.09166666666666666 0.1296875
0 0.7557291666666667 0.699609375 0.090625 0.12421875
0 0.8328125 0.699609375 0.07604166666666666 0.12421875
0 0.9026041666666667 0.701171875 0.07604166666666666 0.12265625
0 0.9635416666666666 0.70234375 0.05416666666666667 0.1203125
0 0.12395833333333334 0.846875 0.09791666666666667 0.1390625
0 0.21770833333333334 0.8484375 0.09791666666666667 0.1421875
0 0.3171875 0.8515625 0.10520833333333333 0.1390625
0 0.4119791666666667 0.8484375 0.10104166666666667 0.134375
0 0.5864583333333333 0.851953125 0.08125 0.14296875
0 0.6734375 0.853125 0.090625 0.14375
0 0.771875 0.855078125 0.10833333333333334 0.13515625
0 0.8828125 0.858203125 0.109375 0.13359375
