2 0.10677083333333333 0.080859375 0.11354166666666667 0.14296875
2 0.25364583333333335 0.093359375 0.09479166666666666 0.11953125
2 0.35104166666666664 0.089453125 0.09583333333333334 0.12421875
2 0.05677083333333333 0.2921875 0.042708333333333334 0.140625
2 0.11302083333333333 0.2875 0.07395833333333333 0.15
2 0.18541666666666667 0.28671875 0.08125 0.153125
2 0.2911458333333333 0.28984375 0.08229166666666667 0.146875
2 0.38125 0.297265625 0.06666666666666667 0.13671875
2 0.453125 0.29140625 0.07916666666666666 0.146875
2 0.5270833333333333 0.29140625 0.07708333333333334 0.1515625
2 0.6 0.293359375 0.07916666666666666 0.14921875
2 0.678125 0.28984375 0.07708333333333334 0.15625
2 0.7541666666666667 0.291796875 0.075 0.15546875
2 0.8760416666666667 0.27578125 0.11875 0.1828125
2 0.7348958333333333 0.076953125 0.10729166666666666 0.14921875
2 0.8651041666666667 0.076953125 0.11979166666666667 0.15078125
2 0.9609375 0.075390625 0.071875 0.14921875
2 0.08333333333333333 0.465234375 0.058333333333333334 0.14296875
2 0.15260416666666668 0.4625 0.07604166666666666 0.1484375
2 0.2453125 0.460546875 0.07395833333333333 0.13828125
2 0.31197916666666664 0.459765625 0.059375 0.13203125
2 0.4125 0.4640625 0.06875 0.125
2 0.5270833333333333 0.468359375 0.06875 0.12421875
2 0.5942708333333333 0.46484375 0.065625 0.134375
2 0.6604166666666667 0.462890625 0.07291666666666667 0.13359375
2 0.7671875 0.46796875 0.07395833333333333 0.146875
2 0.8489583333333334 0.468359375 0.07708333333333334 0.15546875
2 0.9197916666666667 0.467578125 0.07291666666666667 0.15234375
2 0.9770833333333333 0.46640625 0.041666666666666664 0.153125
2 0.9635416666666666 0.27265625 0.052083333333333336 0.1875
2 0.08802083333333334 0.636328125 0.06770833333333333 0.14296875
2 0.159375 0.634765625 0.075 0.14453125
2 0.23489583333333333 0.635546875 0.071875 0.14765625
2 0.3072916666666667 0.633203125 0.07708333333333334 0.14453125
2 0.39479166666666665 0.625390625 0.06875 0.13046875
2 0.4625 0.626171875 0.07083333333333333 0.13359375
2 0.53125 0.626171875 0.06875 0.12890625
2 0.6854166666666667 0.63828125 0.07291666666666667 0.15
2 0.7614583333333333 0.642578125 0.07916666666666666 0.15234375
2 0.8104166666666667 0.6328125 0.03333333333333333 0.125
2 0.871875 0.626171875 0.04583333333333333 0.11640625
2 0.9197916666666667 0.6234375 0.052083333333333336 0.1109375
2 0.9671875 0.622265625 0.046875 0.10859375
2 0.10208333333333333 0.78125 0.06041666666666667 0.1046875
2 0.17916666666666667 0.77265625 0.05416666666666667 0.090625
2 0.23125 0.773046875 0.05 0.08984375
2 0.28125 0.775 0.052083333333333336 0.090625
2 0.32708333333333334 0.76796875 0.041666666666666664 0.075
2 0.36822916666666666 0.7671875 0.046875 0.075
2 0.4140625 0.76796875 0.04895833333333333 0.0765625
2 0.45989583333333334 0.765625 0.046875 0.0734375
2 0.5260416666666666 0.775 0.052083333333333336 0.090625
2 0.5739583333333333 0.7765625 0.05 0.0921875
2 0.6494791666666667 0.785546875 0.053125 0.10859375
2 0.703125 0.78671875 0.04791666666666667 0.1078125
2 0.7536458333333333 0.78828125 0.051041666666666666 0.1078125
2 0.815625 0.792578125 0.058333333333333334 0.11953125
2 0.8671875 0.794140625 0.051041666666666666 0.11171875
2 0.9239583333333333 0.79296875 0.058333333333333334 0.1140625
2 0.10677083333333333 0.916796875 0.06145833333333333 0.13515625
2 0.15625 0.9078125 0.05 0.0890625
2 0.20260416666666667 0.91015625 0.051041666666666666 0.09375
2 0.246875 0.909765625 0.04583333333333333 0.09296875
2 0.29635416666666664 0.913671875 0.053125 0.10078125
2 0.346875 0.91171875 0.05416666666666667 0.0984375
2 0.39791666666666664 0.896484375 0.04791666666666667 0.06171875
2 0.49322916666666666 0.91640625 0.051041666666666666 0.1
2 0.5442708333333334 0.919140625 0.04895833333333333 0.10390625
2 0.5963541666666666 0.92109375 0.051041666666666666 0.103125
2 0.6473958333333333 0.922265625 0.04895833333333333 0.10703125
2 0.6984375 0.92421875 0.053125 0.1109375
2 0.7494791666666667 0.923828125 0.053125 0.10390625
2 0.8135416666666667 0.927734375 0.05416666666666667 0.10703125
2 0.8661458333333333 0.930078125 0.051041666666666666 0.10859375
2 0.9182291666666667 0.9296875 0.051041666666666666 0.1015625
2 0.9713541666666666 0.92734375 0.04479166666666667 0.1
