3 0.0078125 0.276171875 0.015625 0.10859375
3 0.025 0.276953125 0.029166666666666667 0.10859375
3 0.04739583333333333 0.270703125 0.028125 0.11015625
3 0.07083333333333333 0.270703125 0.022916666666666665 0.11328125
3 0.090625 0.268359375 0.03125 0.11171875
3 0.12447916666666667 0.26171875 0.042708333333333334 0.1171875
3 0.1609375 0.266796875 0.03229166666666667 0.11171875
3 0.196875 0.262890625 0.04791666666666667 0.11015625
3 0.011458333333333333 0.401171875 0.020833333333333332 0.10546875
3 0.033854166666666664 0.401171875 0.028125 0.10546875
3 0.058854166666666666 0.403125 0.023958333333333335 0.1078125
3 0.08125 0.40078125 0.025 0.1125
3 0.10260416666666666 0.40546875 0.028125 0.115625
3 0.12395833333333334 0.4046875 0.025 0.115625
3 0.309375 0.24609375 0.04791666666666667 0.13125
3 0.41822916666666665 0.234375 0.057291666666666664 0.146875
3 0.4921875 0.225 0.051041666666666666 0.15625
3 0.5432291666666667 0.215234375 0.053125 0.16328125
3 0.6005208333333333 0.20703125 0.06145833333333333 0.178125
3 0.6692708333333334 0.19921875 0.07604166666666666 0.1890625
3 0.7515625 0.18828125 0.078125 0.1921875
3 0.8322916666666667 0.183984375 0.06041666666666667 0.18984375
3 0.9010416666666666 0.168359375 0.08333333333333333 0.22421875
3 0.3 0.41328125 0.03958333333333333 0.1390625
3 0.34322916666666664 0.413671875 0.042708333333333334 0.13984375
3 0.48541666666666666 0.41640625 0.04791666666666667 0.1578125
3 0.53125 0.416015625 0.04791666666666667 0.16796875
3 0.5822916666666667 0.41953125 0.052083333333333336 0.1703125
3 0.6442708333333333 0.41796875 0.071875 0.1796875
3 0.5130208333333334 0.63203125 0.040625 0.1546875
3 0.5614583333333333 0.63828125 0.05625 0.1671875
3 0.6119791666666666 0.646875 0.059375 0.165625
3 0.32083333333333336 0.596484375 0.041666666666666664 0.13828125
3 0.3640625 0.608203125 0.046875 0.13515625
3 0.40989583333333335 0.6296875 0.04895833333333333 0.11875
3 0.7640625 0.667578125 0.053125 0.19140625
3 0.8354166666666667 0.687890625 0.07291666666666667 0.21015625
3 0.9166666666666666 0.70703125 0.08333333333333333 0.21875
