13 0.22041666666666668 0.915 0.43583333333333335 0.0725
13 0.22541666666666665 0.8590625 0.44416666666666665 0.085625
13 0.22 0.794375 0.42 0.09125
13 0.22958333333333333 0.7384375 0.4241666666666667 0.085625
13 0.23208333333333334 0.6871875 0.43916666666666665 0.079375
13 0.6241666666666666 0.8525 0.3466666666666667 0.065
13 0.63375 0.7925 0.3325 0.06375
13 0.64 0.7375 0.3233333333333333 0.0725
13 0.6533333333333333 0.6990625 0.3283333333333333 0.090625
13 0.8975 0.8565625 0.19666666666666666 0.049375
13 0.9066666666666666 0.8 0.18333333333333332 0.04125
13 0.9058333333333334 0.7409375 0.18166666666666667 0.041875
13 0.9083333333333333 0.704375 0.17666666666666667 0.04375
13 0.18083333333333335 0.53625 0.3566666666666667 0.0625
13 0.18 0.47375 0.36 0.08375
13 0.18333333333333332 0.4109375 0.365 0.086875
13 0.19666666666666666 0.3415625 0.385 0.085625
13 0.18583333333333332 0.26625 0.36833333333333335 0.0875
13 0.18833333333333332 0.1853125 0.37333333333333335 0.079375
13 0.615 0.178125 0.47833333333333333 0.065
13 0.62375 0.265 0.4775 0.075
13 0.6320833333333333 0.3359375 0.4841666666666667 0.066875
13 0.6425 0.4125 0.49666666666666665 0.08375
13 0.64625 0.4796875 0.5058333333333334 0.081875
13 0.6108333333333333 0.42875 0.49 0.165
13 0.9229166666666667 0.3703125 0.14083333333333334 0.054375
13 0.9275 0.42875 0.13166666666666665 0.07125
13 0.9245833333333333 0.483125 0.1425 0.05
13 0.9254166666666667 0.5334375 0.13583333333333333 0.051875
