13 0.07833333333333334 0.296875 0.10833333333333334 0.11
13 0.19458333333333333 0.2925 0.11416666666666667 0.1075
13 0.31 0.2921875 0.11 0.106875
13 0.4245833333333333 0.2825 0.11416666666666667 0.03
13 0.4270833333333333 0.309375 0.11916666666666667 0.02375
13 0.42375 0.3315625 0.11416666666666667 0.023125
13 0.56 0.2671875 0.135 0.141875
13 0.6979166666666666 0.2725 0.1425 0.115
13 0.8420833333333333 0.2578125 0.15583333333333332 0.139375
13 0.9583333333333334 0.2546875 0.07833333333333334 0.134375
13 0.43125 0.0571875 0.1125 0.088125
13 0.5625 0.0515625 0.13666666666666666 0.094375
13 0.60625 0.075625 0.1125 0.04
13 0.7033333333333334 0.0478125 0.12333333333333334 0.086875
13 0.83375 0.0478125 0.13083333333333333 0.074375
13 0.06708333333333333 0.5134375 0.09916666666666667 0.119375
13 0.16833333333333333 0.51375 0.1 0.1175
13 0.2758333333333333 0.515 0.11166666666666666 0.10875
13 0.38 0.51125 0.1 0.11125
13 0.49666666666666665 0.5171875 0.115 0.096875
13 0.6125 0.51375 0.105 0.095
13 0.7275 0.5159375 0.11166666666666666 0.090625
13 0.83875 0.51625 0.1075 0.0825
13 0.9520833333333333 0.51375 0.09083333333333334 0.0825
13 0.9229166666666667 0.9565625 0.15083333333333335 0.029375
13 0.9170833333333334 0.9240625 0.1625 0.034375
13 0.91625 0.8915625 0.1625 0.033125
13 0.915 0.8609375 0.16333333333333333 0.036875
13 0.9129166666666667 0.8265625 0.16916666666666666 0.034375
13 0.9104166666666667 0.7934375 0.17416666666666666 0.030625
13 0.9054166666666666 0.759375 0.18416666666666667 0.035
13 0.9041666666666667 0.725625 0.18666666666666668 0.03125
13 0.7545833333333334 0.9615625 0.18583333333333332 0.028125
13 0.7429166666666667 0.9321875 0.19083333333333333 0.035625
13 0.7425 0.89 0.18833333333333332 0.0425
13 0.7333333333333333 0.855625 0.19 0.03375
13 0.7295833333333334 0.8203125 0.18916666666666668 0.030625
13 0.72 0.7871875 0.185 0.036875
13 0.71375 0.753125 0.18916666666666668 0.03125
13 0.72125 0.7215625 0.1775 0.031875
13 0.5645833333333333 0.960625 0.18916666666666668 0.0325
13 0.5525 0.9284375 0.19 0.033125
13 0.5479166666666667 0.8965625 0.18416666666666667 0.030625
13 0.545 0.864375 0.18 0.035
13 0.5425 0.8290625 0.185 0.033125
13 0.5404166666666667 0.796875 0.18083333333333335 0.02875
13 0.37166666666666665 0.9628125 0.17666666666666667 0.034375
13 0.36583333333333334 0.9296875 0.18 0.039375
13 0.36791666666666667 0.893125 0.17916666666666667 0.03875
13 0.3625 0.859375 0.18166666666666667 0.0325
13 0.36333333333333334 0.83 0.18333333333333332 0.025
13 0.16791666666666666 0.93375 0.17083333333333334 0.04875
13 0.13916666666666666 0.966875 0.275 0.03625
13 0.04041666666666666 0.930625 0.08083333333333333 0.0375
13 0.12583333333333332 0.896875 0.25166666666666665 0.03875
13 0.15625 0.861875 0.18083333333333335 0.0375
13 0.032916666666666664 0.8615625 0.06583333333333333 0.036875
13 0.13208333333333333 0.8309375 0.2625 0.040625
13 0.41583333333333333 0.664375 0.12166666666666667 0.0275
13 0.41125 0.693125 0.1275 0.02125
13 0.55125 0.665 0.14416666666666667 0.03
13 0.5533333333333333 0.634375 0.13833333333333334 0.03125
13 0.6866666666666666 0.6284375 0.13666666666666666 0.030625
13 0.82625 0.62875 0.14083333333333334 0.02875
