5 0.165625 0.276171875 0.04791666666666667 0.12109375
5 0.2078125 0.275390625 0.051041666666666666 0.12109375
5 0.2515625 0.2765625 0.04895833333333333 0.11875
5 0.2916666666666667 0.27734375 0.04583333333333333 0.11875
5 0.33541666666666664 0.27578125 0.04791666666666667 0.11875
5 0.37604166666666666 0.273046875 0.04791666666666667 0.11796875
5 0.41770833333333335 0.287109375 0.0375 0.09140625
5 0.45208333333333334 0.28671875 0.04375 0.0921875
5 0.4895833333333333 0.2859375 0.035416666666666666 0.0921875
5 0.5229166666666667 0.284765625 0.0375 0.08828125
5 0.41770833333333335 0.4046875 0.04375 0.0953125
5 0.46041666666666664 0.401171875 0.04375 0.09765625
5 0.49635416666666665 0.40078125 0.03854166666666667 0.090625
5 0.5302083333333333 0.397265625 0.03958333333333333 0.08984375
5 0.3828125 0.40703125 0.040625 0.0953125
5 0.35052083333333334 0.406640625 0.042708333333333334 0.09453125
5 0.2453125 0.408203125 0.040625 0.09921875
5 0.20989583333333334 0.4109375 0.03854166666666667 0.1
5 0.17604166666666668 0.411328125 0.041666666666666664 0.09921875
5 0.1375 0.415234375 0.04375 0.10078125
5 0.10208333333333333 0.41640625 0.03958333333333333 0.103125
6 0.5291666666666667 0.50546875 0.0375 0.0671875
6 0.4901041666666667 0.50546875 0.036458333333333336 0.065625
6 0.45208333333333334 0.508203125 0.035416666666666666 0.06484375
6 0.4161458333333333 0.508203125 0.03854166666666667 0.06484375
6 0.3770833333333333 0.51328125 0.035416666666666666 0.0609375
6 0.34010416666666665 0.51171875 0.04479166666666667 0.065625
6 0.3015625 0.515625 0.040625 0.065625
6 0.2598958333333333 0.516796875 0.042708333333333334 0.06640625
6 0.22239583333333332 0.51953125 0.036458333333333336 0.0640625
5 0.5463541666666667 0.63359375 0.051041666666666666 0.1125
5 0.4979166666666667 0.63828125 0.05416666666666667 0.10625
5 0.4453125 0.64453125 0.057291666666666664 0.1046875
5 0.3921875 0.644140625 0.053125 0.10078125
5 0.340625 0.646875 0.05625 0.1078125
5 0.28854166666666664 0.647265625 0.04791666666666667 0.11015625
5 0.18802083333333333 0.661328125 0.05520833333333333 0.09296875
5 0.13541666666666666 0.656640625 0.058333333333333334 0.10078125
5 0.08333333333333333 0.66328125 0.05625 0.103125
5 0.028645833333333332 0.665625 0.057291666666666664 0.1046875
