5 0.058333333333333334 0.136328125 0.06041666666666667 0.11015625
5 0.11145833333333334 0.13671875 0.058333333333333334 0.1078125
5 0.17083333333333334 0.140234375 0.058333333333333334 0.10234375
5 0.21979166666666666 0.13984375 0.05416666666666667 0.1
5 0.28229166666666666 0.138671875 0.05416666666666667 0.10078125
5 0.32708333333333334 0.134375 0.06041666666666667 0.1125
5 0.05572916666666667 0.265625 0.053125 0.0984375
5 0.10416666666666667 0.263671875 0.04791666666666667 0.10234375
5 0.16979166666666667 0.266796875 0.041666666666666664 0.09296875
5 0.20989583333333334 0.266015625 0.05520833333333333 0.09609375
5 0.27291666666666664 0.263671875 0.05625 0.09765625
5 0.328125 0.262109375 0.058333333333333334 0.10078125
5 0.3776041666666667 0.262890625 0.05520833333333333 0.09921875
5 0.4427083333333333 0.261328125 0.041666666666666664 0.10234375
5 0.4822916666666667 0.260546875 0.04375 0.10390625
5 0.4973958333333333 0.133203125 0.04895833333333333 0.10546875
5 0.54375 0.13203125 0.05 0.109375
5 0.5916666666666667 0.13203125 0.05416666666666667 0.10625
5 0.6447916666666667 0.13125 0.052083333333333336 0.1078125
5 0.5265625 0.2609375 0.042708333333333334 0.103125
5 0.5703125 0.258203125 0.04895833333333333 0.10546875
5 0.6171875 0.2578125 0.04895833333333333 0.10625
5 0.6619791666666667 0.258984375 0.046875 0.10078125
5 0.7067708333333333 0.2578125 0.051041666666666666 0.1015625
5 0.7541666666666667 0.256640625 0.04791666666666667 0.10390625
5 0.8 0.25625 0.04791666666666667 0.103125
5 0.6942708333333333 0.131640625 0.046875 0.10546875
5 0.7411458333333333 0.130078125 0.04479166666666667 0.10703125
5 0.7869791666666667 0.130859375 0.053125 0.10390625
5 0.8442708333333333 0.12890625 0.051041666666666666 0.103125
5 0.846875 0.25625 0.05416666666666667 0.103125
5 0.8932291666666666 0.2546875 0.051041666666666666 0.1078125
5 0.940625 0.253125 0.052083333333333336 0.1046875
5 0.91875 0.128515625 0.05416666666666667 0.10078125
5 0.0421875 0.392578125 0.030208333333333334 0.07890625
5 0.06979166666666667 0.3921875 0.0375 0.0828125
5 0.10260416666666666 0.391796875 0.036458333333333336 0.08515625
5 0.14166666666666666 0.391796875 0.04583333333333333 0.08046875
5 0.22135416666666666 0.390625 0.051041666666666666 0.0859375
5 0.26979166666666665 0.391015625 0.04791666666666667 0.08671875
5 0.315625 0.39140625 0.05625 0.084375
5 0.36041666666666666 0.38984375 0.04583333333333333 0.0890625
5 0.40208333333333335 0.390234375 0.041666666666666664 0.08671875
5 0.4390625 0.390625 0.036458333333333336 0.0859375
5 0.475 0.391015625 0.0375 0.08359375
5 0.5109375 0.391015625 0.03854166666666667 0.08515625
5 0.5505208333333333 0.39296875 0.030208333333333334 0.0828125
5 0.5828125 0.390625 0.03854166666666667 0.0828125
5 0.61875 0.391015625 0.035416666666666666 0.08203125
5 0.6546875 0.38984375 0.036458333333333336 0.084375
5 0.7276041666666667 0.389453125 0.040625 0.08203125
5 0.7645833333333333 0.388671875 0.0375 0.08203125
5 0.8026041666666667 0.388671875 0.040625 0.08203125
5 0.8401041666666667 0.38828125 0.03854166666666667 0.0828125
5 0.8786458333333333 0.387109375 0.040625 0.08359375
5 0.915625 0.38671875 0.03958333333333333 0.0828125
5 0.9458333333333333 0.3875 0.025 0.08125
5 0.13541666666666666 0.505078125 0.04583333333333333 0.08203125
5 0.20052083333333334 0.506640625 0.04479166666666667 0.08046875
5 0.24895833333333334 0.504296875 0.041666666666666664 0.07578125
5 0.2838541666666667 0.50546875 0.042708333333333334 0.0796875
5 0.325 0.505859375 0.04375 0.08046875
5 0.3651041666666667 0.505859375 0.04895833333333333 0.08046875
5 0.4083333333333333 0.505078125 0.04583333333333333 0.07890625
5 0.4875 0.503125 0.041666666666666664 0.084375
5 0.5270833333333333 0.503125 0.04375 0.0859375
5 0.5666666666666667 0.503125 0.03958333333333333 0.0859375
5 0.6072916666666667 0.50390625 0.03958333333333333 0.084375
5 0.7744791666666667 0.5015625 0.042708333333333334 0.0859375
5 0.8135416666666667 0.502734375 0.041666666666666664 0.08515625
5 0.8557291666666667 0.501953125 0.042708333333333334 0.08359375
5 0.896875 0.501953125 0.04375 0.08515625
5 0.9739583333333334 0.50390625 0.04583333333333333 0.078125
5 0.0265625 0.62421875 0.04479166666666667 0.0984375
5 0.06770833333333333 0.623828125 0.041666666666666664 0.09765625
5 0.10260416666666666 0.623046875 0.034375 0.09765625
5 0.14375 0.62421875 0.041666666666666664 0.0953125
5 0.1828125 0.623828125 0.03854166666666667 0.09765625
5 0.23645833333333333 0.62421875 0.041666666666666664 0.0984375
5 0.2755208333333333 0.625 0.040625 0.096875
5 0.3171875 0.62578125 0.042708333333333334 0.0953125
5 0.35833333333333334 0.625 0.04791666666666667 0.096875
5 0.39947916666666666 0.623828125 0.042708333333333334 0.09921875
5 0.06875 0.742578125 0.04583333333333333 0.09765625
5 0.109375 0.73984375 0.03958333333333333 0.09375
5 0.1421875 0.75078125 0.040625 0.0953125
5 0.19583333333333333 0.746484375 0.041666666666666664 0.08984375
5 0.23333333333333334 0.75078125 0.04791666666666667 0.0921875
5 0.2765625 0.74921875 0.04479166666666667 0.096875
5 0.31979166666666664 0.750390625 0.04583333333333333 0.09765625
5 0.36354166666666665 0.748828125 0.04791666666666667 0.09765625
5 0.4140625 0.744921875 0.046875 0.09453125
5 0.45260416666666664 0.61171875 0.030208333333333334 0.0828125
5 0.5213541666666667 0.622265625 0.034375 0.10078125
5 0.5557291666666667 0.621875 0.03854166666666667 0.1046875
5 0.5927083333333333 0.624609375 0.03958333333333333 0.10234375
5 0.6296875 0.6234375 0.040625 0.103125
5 0.6677083333333333 0.623828125 0.0375 0.10234375
5 0.46510416666666665 0.748046875 0.028125 0.09765625
5 0.4947916666666667 0.747265625 0.035416666666666666 0.10078125
5 0.5307291666666667 0.74921875 0.03854166666666667 0.1015625
5 0.5645833333333333 0.744140625 0.03125 0.09453125
5 0.6036458333333333 0.750390625 0.03854166666666667 0.10234375
5 0.6401041666666667 0.746484375 0.030208333333333334 0.09453125
5 0.6729166666666667 0.746484375 0.035416666666666666 0.09453125
5 0.7598958333333333 0.751953125 0.028125 0.09453125
5 0.7932291666666667 0.749609375 0.036458333333333336 0.09921875
5 0.7375 0.621875 0.03958333333333333 0.103125
5 0.80625 0.618359375 0.035416666666666666 0.09609375
5 0.8515625 0.62109375 0.040625 0.103125
5 0.8432291666666667 0.751953125 0.03854166666666667 0.09921875
5 0.8848958333333333 0.74765625 0.034375 0.0921875
5 0.9333333333333333 0.754296875 0.03958333333333333 0.09921875
5 0.9171875 0.619921875 0.040625 0.10546875
5 0.9630208333333333 0.74609375 0.028125 0.0875
5 0.028645833333333332 0.88359375 0.04895833333333333 0.1203125
5 0.07604166666666666 0.896484375 0.04791666666666667 0.10234375
5 0.12447916666666667 0.8953125 0.046875 0.103125
5 0.1703125 0.896875 0.04895833333333333 0.1015625
5 0.21458333333333332 0.896484375 0.04375 0.10703125
5 0.26875 0.886328125 0.04791666666666667 0.10390625
5 0.3151041666666667 0.89453125 0.04895833333333333 0.103125
5 0.3578125 0.896484375 0.046875 0.10390625
5 0.4041666666666667 0.89921875 0.04791666666666667 0.1046875
5 0.45 0.89609375 0.04375 0.1078125
5 0.5098958333333333 0.88671875 0.034375 0.1
5 0.5421875 0.885546875 0.036458333333333336 0.10234375
5 0.5958333333333333 0.898046875 0.0375 0.11328125
5 0.6296875 0.89453125 0.036458333333333336 0.1109375
5 0.6635416666666667 0.881640625 0.03333333333333333 0.10546875
5 0.7010416666666667 0.898046875 0.03958333333333333 0.11640625
5 0.7375 0.896484375 0.03125 0.11796875
5 0.7734375 0.8984375 0.040625 0.1171875
5 0.8098958333333334 0.899609375 0.040625 0.11328125
5 0.846875 0.9 0.041666666666666664 0.115625
5 0.8822916666666667 0.9 0.03958333333333333 0.115625
5 0.91875 0.901171875 0.03958333333333333 0.11484375
5 0.9526041666666667 0.898828125 0.034375 0.11328125
