0 0.1572420634920635 0.08643353174603174 0.144510582010582 0.16344246031746032
0 0.296957671957672 0.0951140873015873 0.13558201058201058 0.16294642857142858
0 0.43039021164021163 0.10739087301587301 0.13194444444444445 0.15625
0 0.5557208994708994 0.1189236111111111 0.1207010582010582 0.15104166666666666
0 0.6727843915343915 0.12872023809523808 0.11673280423280423 0.1488095238095238
0 0.7837301587301587 0.13764880952380953 0.10648148148148148 0.14583333333333334
0 0.875165343915344 0.1453373015873016 0.08167989417989419 0.14484126984126985
0 0.951223544973545 0.15562996031746032 0.0763888888888889 0.1331845238095238
0 0.17939814814814814 0.3012152777777778 0.1292989417989418 0.16741071428571427
0 0.3055555555555556 0.30939980158730157 0.12632275132275134 0.15302579365079366
0 0.4313822751322751 0.30952380952380953 0.1259920634920635 0.1552579365079365
0 0.5416666666666666 0.32006448412698413 0.09788359788359788 0.1371527777777778
0 0.6496362433862434 0.32180059523809523 0.11607142857142858 0.13864087301587302
0 0.7493386243386243 0.32762896825396826 0.08928571428571429 0.12996031746031747
0 0.8343253968253969 0.32800099206349204 0.08465608465608465 0.1341765873015873
0 0.9138558201058201 0.3306051587301587 0.07903439153439154 0.12996031746031747
0 0.16451719576719576 0.5239335317460317 0.10482804232804233 0.16493055555555555
0 0.3029100529100529 0.513640873015873 0.12037037037037036 0.1423611111111111
0 0.4244378306878307 0.5158730158730159 0.12202380952380952 0.1498015873015873
0 0.5423280423280423 0.5131448412698413 0.11574074074074074 0.1453373015873016
0 0.6575727513227513 0.509796626984127 0.11210317460317461 0.14260912698412698
0 0.7658730158730159 0.5070684523809523 0.10317460317460317 0.140625
0 0.8467261904761905 0.5079365079365079 0.06911375661375661 0.13541666666666666
0 0.9087301587301587 0.5069444444444444 0.06613756613756613 0.13343253968253968
0 0.9682539682539683 0.5063244047619048 0.05952380952380952 0.1297123015873016
0 0.16021825396825398 0.7166418650793651 0.09093915343915344 0.15997023809523808
0 0.2724867724867725 0.7072172619047619 0.0873015873015873 0.15600198412698413
0 0.36789021164021163 0.6995287698412699 0.08564814814814815 0.1515376984126984
0 0.46296296296296297 0.6909722222222222 0.07936507936507936 0.14781746031746032
0 0.548776455026455 0.6852678571428571 0.07903439153439154 0.14583333333333334
0 0.6392195767195767 0.6786954365079365 0.07275132275132275 0.140625
0 0.8986441798941799 0.6643105158730159 0.06779100529100529 0.12475198412698413
0 0.9533730158730159 0.6577380952380952 0.05489417989417989 0.1284722222222222
0 0.15542328042328044 0.9156746031746031 0.082010582010582 0.15873015873015872
0 0.24189814814814814 0.9155505952380952 0.08630952380952381 0.15997023809523808
0 0.32837301587301587 0.9001736111111112 0.083994708994709 0.15699404761904762
0 0.4131944444444444 0.8975694444444444 0.08234126984126984 0.1626984126984127
0 0.4947089947089947 0.8877728174603174 0.08002645502645503 0.15252976190476192
0 0.5709325396825397 0.8746279761904762 0.07374338624338625 0.15401785714285715
0 0.6448412698412699 0.8588789682539683 0.07208994708994709 0.14434523809523808
0 0.7179232804232805 0.8513144841269841 0.07275132275132275 0.14360119047619047
0 0.7867063492063492 0.8464781746031746 0.07076719576719577 0.14384920634920634
0 0.8549933862433863 0.8421378968253969 0.07043650793650794 0.14112103174603174
0 0.9138558201058201 0.8323412698412699 0.06712962962962964 0.14037698412698413
0 0.9674272486772487 0.8240327380952381 0.05324074074074074 0.13665674603174602
