0 0.2101521164021164 0.20473710317460317 0.18816137566137567 0.2408234126984127
0 0.3978174603174603 0.2000248015873016 0.1931216931216931 0.23635912698412698
0 0.5846560846560847 0.21242559523809523 0.15674603174603174 0.20461309523809523
0 0.7896825396825397 0.18936011904761904 0.20634920634920634 0.2408234126984127
0 0.9439484126984127 0.18799603174603174 0.105489417989418 0.23859126984126985
0 0.05257936507936508 0.13901289682539683 0.083994708994709 0.1545138888888889
0 0.04513888888888889 0.2951388888888889 0.0036375661375661374 0.000496031746031746
0 0.06762566137566138 0.4792906746031746 0.11144179894179894 0.03546626984126984
0 0.11011904761904762 0.5689484126984127 0.011243386243386243 0.2708333333333333
0 0.29150132275132273 0.5305059523809523 0.12533068783068782 0.20535714285714285
0 0.4150132275132275 0.5318700396825397 0.12103174603174603 0.20262896825396826
0 0.5372023809523809 0.5301339285714286 0.12003968253968254 0.20758928571428573
0 0.6636904761904762 0.5318700396825397 0.13161375661375663 0.2095734126984127
0 0.7982804232804233 0.5303819444444444 0.1349206349206349 0.21254960317460317
0 0.9226190476190477 0.5311259920634921 0.13161375661375663 0.21254960317460317
0 0.07175925925925926 0.8325892857142857 0.08333333333333333 0.17113095238095238
0 0.175760582010582 0.8511904761904762 0.11408730158730158 0.21478174603174602
0 0.29365079365079366 0.8577628968253969 0.11838624338624339 0.21999007936507936
0 0.41005291005291006 0.8566468253968254 0.10317460317460317 0.22420634920634921
0 0.5411706349206349 0.8616071428571429 0.12665343915343916 0.22172619047619047
0 0.6701388888888888 0.8660714285714286 0.12665343915343916 0.22718253968253968
0 0.7996031746031746 0.8640873015873016 0.13756613756613756 0.2251984126984127
0 0.935515873015873 0.8685515873015873 0.1164021164021164 0.23809523809523808
