3 0.0296875 0.178515625 0.042708333333333334 0.13515625
3 0.06666666666666667 0.17421875 0.03958333333333333 0.14375
3 0.10885416666666667 0.1703125 0.046875 0.146875
3 0.15625 0.16796875 0.05 0.1546875
3 0.203125 0.166796875 0.04791666666666667 0.15546875
3 0.24583333333333332 0.165625 0.04375 0.1609375
3 0.2916666666666667 0.16484375 0.04583333333333333 0.1671875
3 0.3416666666666667 0.158984375 0.05625 0.17578125
3 0.4005208333333333 0.158984375 0.059375 0.18046875
3 0.45989583333333334 0.155078125 0.06770833333333333 0.18515625
3 0.5291666666666667 0.153515625 0.06458333333333334 0.18984375
3 0.5979166666666667 0.151171875 0.075 0.19296875
3 0.6755208333333333 0.147265625 0.084375 0.20234375
3 0.7567708333333333 0.1453125 0.084375 0.209375
3 0.8432291666666667 0.138671875 0.09479166666666666 0.21640625
3 0.9333333333333333 0.128515625 0.10416666666666667 0.23046875
3 0.027083333333333334 0.35234375 0.03958333333333333 0.1296875
3 0.08854166666666667 0.3546875 0.04583333333333333 0.13125
3 0.12864583333333332 0.359765625 0.04479166666666667 0.13359375
3 0.171875 0.359765625 0.04791666666666667 0.14765625
3 0.21927083333333333 0.350390625 0.04895833333333333 0.13984375
3 0.2708333333333333 0.3625 0.06041666666666667 0.1625
3 0.3333333333333333 0.363671875 0.07083333333333333 0.17265625
3 0.42083333333333334 0.369921875 0.06458333333333334 0.17734375
3 0.4890625 0.373046875 0.07604166666666666 0.18671875
3 0.5598958333333334 0.37890625 0.071875 0.190625
3 0.6322916666666667 0.3796875 0.08125 0.196875
3 0.7067708333333333 0.383203125 0.08229166666666667 0.19921875
3 0.7911458333333333 0.390234375 0.08645833333333333 0.20703125
3 0.8869791666666667 0.39140625 0.10520833333333333 0.2234375
