3 0.11875 0.083203125 0.05625 0.10390625
3 0.1703125 0.08203125 0.057291666666666664 0.1046875
3 0.21770833333333334 0.08203125 0.04791666666666667 0.1046875
3 0.2557291666666667 0.095703125 0.036458333333333336 0.07734375
3 0.28958333333333336 0.0953125 0.035416666666666666 0.0734375
3 0.328125 0.094921875 0.03958333333333333 0.07890625
3 0.3848958333333333 0.089453125 0.036458333333333336 0.08515625
3 0.42604166666666665 0.089453125 0.03958333333333333 0.08359375
3 0.46510416666666665 0.0890625 0.036458333333333336 0.0828125
3 0.5005208333333333 0.08828125 0.03854166666666667 0.084375
3 0.6010416666666667 0.09375 0.03333333333333333 0.0703125
3 0.628125 0.094140625 0.022916666666666665 0.06953125
3 0.6515625 0.090625 0.026041666666666668 0.0765625
3 0.6786458333333333 0.0875 0.028125 0.0796875
3 0.7046875 0.090234375 0.026041666666666668 0.07578125
3 0.73125 0.08828125 0.03333333333333333 0.078125
3 0.8041666666666667 0.084375 0.03333333333333333 0.08125
3 0.7682291666666666 0.085546875 0.03854166666666667 0.08046875
3 0.0671875 0.280859375 0.051041666666666666 0.10390625
3 0.14322916666666666 0.283203125 0.05520833333333333 0.10078125
3 0.19010416666666666 0.2828125 0.053125 0.1015625
3 0.23125 0.281640625 0.04375 0.10234375
3  0.2713541666666667 0.20546875 0.040625 0.0625
3  0.31354166666666666 0.20390625 0.04375 0.0640625
3  0.3546875 0.20390625 0.042708333333333334 0.0640625
3  0.3953125 0.204296875 0.04479166666666667 0.06328125
3  0.43697916666666664 0.203515625 0.042708333333333334 0.06171875
3  0.4786458333333333 0.202734375 0.04479166666666667 0.06171875
3  0.5255208333333333 0.202734375 0.042708333333333334 0.06171875
3  0.5671875 0.201171875 0.042708333333333334 0.06484375
3  0.6114583333333333 0.206640625 0.0375 0.05390625
3  0.6546875 0.20390625 0.03854166666666667 0.0546875
3  0.6979166666666666 0.2 0.04583333333333333 0.0625
3  0.7416666666666667 0.200390625 0.04375 0.06328125
3  0.7817708333333333 0.200390625 0.042708333333333334 0.06171875
3  0.8239583333333333 0.199609375 0.041666666666666664 0.06328125
3  0.8770833333333333 0.0984375 0.035416666666666666 0.0515625
3  0.9380208333333333 0.098046875 0.036458333333333336 0.05234375
3  0.9786458333333333 0.09765625 0.036458333333333336 0.053125
3  0.909375 0.19609375 0.04791666666666667 0.0625
3  0.9536458333333333 0.196875 0.04479166666666667 0.065625
3  0.3802083333333333 0.297265625 0.03958333333333333 0.05078125
3  0.2916666666666667 0.35390625 0.041666666666666664 0.05625
3  0.33177083333333335 0.35390625 0.040625 0.05625
3  0.371875 0.353515625 0.041666666666666664 0.05703125
3  0.40989583333333335 0.35390625 0.040625 0.0578125
3  0.4479166666666667 0.353125 0.041666666666666664 0.0578125
3  0.4947916666666667 0.2953125 0.035416666666666666 0.05625
3  0.4947916666666667 0.353515625 0.03958333333333333 0.05703125
3  0.534375 0.2953125 0.03958333333333333 0.0578125
3  0.575 0.29453125 0.041666666666666664 0.059375
3  0.5348958333333333 0.353125 0.040625 0.05625
3  0.5755208333333334 0.353125 0.040625 0.0578125
3  0.6161458333333333 0.29453125 0.040625 0.059375
3  0.615625 0.353515625 0.0375 0.05703125
3  0.6578125 0.293359375 0.040625 0.05859375
3  0.6552083333333333 0.352734375 0.03958333333333333 0.05546875
3  0.7 0.2921875 0.041666666666666664 0.059375
3  0.6973958333333333 0.352734375 0.042708333333333334 0.05546875
3  0.7104166666666667 0.4453125 0.035416666666666666 0.05
3  0.6729166666666667 0.445703125 0.035416666666666666 0.05390625
3  0.6338541666666667 0.44609375 0.036458333333333336 0.0546875
3  0.5411458333333333 0.433984375 0.03229166666666667 0.04765625
3  0.5078125 0.434375 0.030208333333333334 0.0484375
3  0.4786458333333333 0.54921875 0.03854166666666667 0.05
3  0.44166666666666665 0.55 0.035416666666666666 0.05
3  0.44166666666666665 0.599609375 0.0375 0.04765625
3  0.47760416666666666 0.5984375 0.036458333333333336 0.0453125
3  0.4010416666666667 0.4828125 0.03125 0.046875
3  0.4328125 0.48359375 0.030208333333333334 0.046875
3  0.4666666666666667 0.483203125 0.035416666666666666 0.04765625
3  0.63125 0.501171875 0.035416666666666666 0.05078125
3  0.6692708333333334 0.501171875 0.03854166666666667 0.05078125
3  0.7083333333333334 0.500390625 0.035416666666666666 0.05234375
3  0.6322916666666667 0.549609375 0.03333333333333333 0.04921875
3  0.665625 0.55078125 0.035416666666666666 0.0484375
3  0.7010416666666667 0.550390625 0.035416666666666666 0.04921875
3  0.628125 0.596484375 0.035416666666666666 0.04609375
3  0.6635416666666667 0.59921875 0.035416666666666666 0.0453125
3  0.6994791666666667 0.5984375 0.034375 0.046875
3  0.6255208333333333 0.644140625 0.034375 0.04765625
3  0.6614583333333334 0.644921875 0.035416666666666666 0.04765625
3  0.696875 0.644140625 0.035416666666666666 0.04921875
3  0.6244791666666667 0.687890625 0.036458333333333336 0.04609375
3  0.6604166666666667 0.689453125 0.035416666666666666 0.04296875
3  0.6947916666666667 0.690234375 0.035416666666666666 0.04453125
3  0.6229166666666667 0.730078125 0.03333333333333333 0.04296875
3  0.6567708333333333 0.730859375 0.03229166666666667 0.04453125
3  0.690625 0.7328125 0.035416666666666666 0.0421875
3  0.6223958333333334 0.77265625 0.034375 0.04375
3  0.6536458333333334 0.77265625 0.034375 0.0421875
3  0.6885416666666667 0.7734375 0.03333333333333333 0.0421875
3  0.5880208333333333 0.59375 0.03229166666666667 0.053125
3  0.5515625 0.594921875 0.036458333333333336 0.04921875
3  0.5177083333333333 0.595703125 0.03333333333333333 0.04765625
3  0.5182291666666666 0.6421875 0.03229166666666667 0.046875
3  0.5526041666666667 0.641796875 0.034375 0.04453125
3  0.5875 0.6421875 0.03333333333333333 0.046875
3  0.5192708333333333 0.6875 0.03229166666666667 0.04375
3  0.5526041666666667 0.68671875 0.036458333333333336 0.0453125
3  0.5859375 0.68671875 0.030208333333333334 0.04375
3  0.5197916666666667 0.7296875 0.03333333333333333 0.040625
3  0.553125 0.73046875 0.03333333333333333 0.0421875
3  0.5875 0.730859375 0.03333333333333333 0.04296875
3  0.5213541666666667 0.770703125 0.03229166666666667 0.03984375
3  0.5536458333333333 0.772265625 0.03229166666666667 0.04140625
3  0.5859375 0.7703125 0.03229166666666667 0.0421875
3  0.44635416666666666 0.64609375 0.036458333333333336 0.0453125
3  0.4796875 0.645703125 0.036458333333333336 0.04453125
3  0.44947916666666665 0.68984375 0.034375 0.0421875
3  0.4828125 0.690234375 0.034375 0.04140625
3  0.19479166666666667 0.639453125 0.035416666666666666 0.04609375
3  0.22864583333333333 0.63984375 0.036458333333333336 0.05
3  0.2 0.686328125 0.0375 0.04609375
3  0.20729166666666668 0.732421875 0.03125 0.04296875
3  0.21666666666666667 0.772265625 0.035416666666666666 0.03984375
3  0.10989583333333333 0.527734375 0.03229166666666667 0.04609375
3  0.14166666666666666 0.527734375 0.03125 0.04921875
3  0.1734375 0.528515625 0.034375 0.04765625
3  0.08541666666666667 0.589453125 0.035416666666666666 0.04765625
3  0.1203125 0.58984375 0.034375 0.0484375
3  0.15572916666666667 0.588671875 0.03854166666666667 0.05078125
3  0.09270833333333334 0.63828125 0.035416666666666666 0.046875
3  0.1265625 0.63828125 0.036458333333333336 0.0453125
3  0.159375 0.6390625 0.03333333333333333 0.046875
3  0.09947916666666666 0.684375 0.03229166666666667 0.04375
3  0.13333333333333333 0.683984375 0.0375 0.04609375
3  0.16614583333333333 0.683984375 0.034375 0.04453125
3  0.10729166666666666 0.727734375 0.03333333333333333 0.04453125
3  0.11197916666666667 0.771484375 0.03229166666666667 0.04140625
3  0.140625 0.728125 0.0375 0.0421875
3  0.14635416666666667 0.7703125 0.03854166666666667 0.0421875
3  0.175 0.727734375 0.035416666666666666 0.04296875
3  0.17864583333333334 0.76953125 0.036458333333333336 0.04375
3 0.7411458333333333 0.290625 0.03854166666666667 0.0578125
3 0.7380208333333333 0.35 0.03854166666666667 0.05625
3 0.7776041666666667 0.35 0.042708333333333334 0.0578125
3 0.81875 0.349609375 0.03958333333333333 0.06015625
3 0.8598958333333333 0.348828125 0.040625 0.05859375
3 0.8989583333333333 0.34921875 0.0375 0.0578125
3 0.9390625 0.34765625 0.042708333333333334 0.059375
3 0.7817708333333333 0.29140625 0.040625 0.05625
3 0.821875 0.290625 0.041666666666666664 0.05625
3 0.8651041666666667 0.28984375 0.04479166666666667 0.0578125
3 0.9802083333333333 0.346484375 0.035416666666666666 0.05859375
3 0.9828125 0.287890625 0.03229166666666667 0.05859375
