0 0.15520833333333334 0.074609375 0.09791666666666667 0.14921875
0 0.24739583333333334 0.078125 0.09479166666666666 0.15625
0 0.34322916666666664 0.0765625 0.096875 0.153125
0 0.43854166666666666 0.0765625 0.09375 0.1515625
0 0.5291666666666667 0.07734375 0.09375 0.1515625
0 0.621875 0.080078125 0.09375 0.15234375
0 0.7135416666666666 0.07890625 0.09791666666666667 0.1515625
0 0.8052083333333333 0.0796875 0.09375 0.15625
0 0.8869791666666667 0.091796875 0.07604166666666666 0.13203125
0 0.09427083333333333 0.282421875 0.09895833333333333 0.17890625
0 0.19166666666666668 0.28515625 0.11458333333333333 0.1765625
0 0.29010416666666666 0.284375 0.09895833333333333 0.171875
0 0.371875 0.28984375 0.08125 0.16875
0 0.45416666666666666 0.282421875 0.09166666666666666 0.17578125
0 0.5380208333333333 0.283984375 0.09479166666666666 0.18046875
0 0.6307291666666667 0.296484375 0.08229166666666667 0.15390625
0 0.09583333333333334 0.48828125 0.09375 0.159375
0 0.2015625 0.486328125 0.08645833333333333 0.16171875
0 0.2864583333333333 0.48828125 0.09375 0.159375
0 0.3765625 0.490625 0.08854166666666667 0.1640625
0 0.46145833333333336 0.490625 0.0875 0.171875
0 0.5427083333333333 0.48359375 0.075 0.1546875
0 0.6296875 0.495703125 0.08854166666666667 0.16015625
0 0.3770833333333333 0.678515625 0.08333333333333333 0.16328125
0 0.46041666666666664 0.682421875 0.08541666666666667 0.16171875
0 0.1140625 0.680859375 0.090625 0.15859375
0 0.203125 0.68046875 0.09583333333333334 0.159375
0 0.29583333333333334 0.67578125 0.08333333333333333 0.1546875
0 0.5473958333333333 0.671484375 0.084375 0.14609375
0 0.6223958333333334 0.671875 0.07604166666666666 0.140625
0 0.7041666666666667 0.683203125 0.08125 0.16328125
0 0.7213541666666666 0.2875 0.09270833333333334 0.1765625
0 0.8140625 0.286328125 0.090625 0.17890625
0 0.8994791666666667 0.293359375 0.07604166666666666 0.16640625
0 0.7203125 0.497265625 0.08645833333333333 0.15234375
0 0.8067708333333333 0.496484375 0.08229166666666667 0.16015625
0 0.8760416666666667 0.49140625 0.058333333333333334 0.15
0 0.9213541666666667 0.49140625 0.053125 0.1265625
0 0.96875 0.301953125 0.05625 0.15078125
0 0.11041666666666666 0.882421875 0.12916666666666668 0.13984375
0 0.3416666666666667 0.857421875 0.11458333333333333 0.13984375
0 0.46875 0.859375 0.12291666666666666 0.140625
0 0.590625 0.862109375 0.12291666666666666 0.14296875
0 0.7104166666666667 0.855859375 0.11041666666666666 0.14453125
0 0.9645833333333333 0.690625 0.06666666666666667 0.1453125
0 0.8864583333333333 0.6875 0.08541666666666667 0.1484375
0 0.7979166666666667 0.6828125 0.07916666666666666 0.153125
