0 0.17956349206349206 0.24838789682539683 0.2003968253968254 0.25768849206349204
0 0.37549603174603174 0.26066468253968256 0.19146825396825398 0.2326388888888889
0 0.5638227513227513 0.2760416666666667 0.18584656084656084 0.22668650793650794
0 0.7217261904761905 0.2955109126984127 0.148478835978836 0.19171626984126985
0 0.8683862433862434 0.3003472222222222 0.1488095238095238 0.18898809523809523
0 0.1841931216931217 0.5654761904761905 0.20436507936507936 0.2777777777777778
0 0.38227513227513227 0.564484126984127 0.19576719576719576 0.25744047619047616
0 0.5682870370370371 0.5610119047619048 0.17824074074074073 0.24107142857142858
0 0.20337301587301587 0.873015873015873 0.18716931216931218 0.24107142857142858
0 0.5719246031746031 0.8690476190476191 0.2080026455026455 0.24454365079365079
0 0.9105489417989417 0.8566468253968254 0.17559523809523808 0.23809523809523808
