0 0.0646494708994709 0.08023313492063493 0.12268518518518519 0.15947420634920634
0 0.19890873015873015 0.08841765873015874 0.14054232804232805 0.17237103174603174
0 0.3369708994708995 0.10416666666666667 0.1283068783068783 0.16319444444444445
0 0.4540343915343915 0.1148313492063492 0.10978835978835978 0.1626984126984127
0 0.558531746031746 0.13368055555555555 0.09854497354497355 0.14732142857142858
0 0.6592261904761905 0.1416170634920635 0.10482804232804233 0.14781746031746032
0 0.7705026455026455 0.15066964285714285 0.10052910052910052 0.14905753968253968
0 0.8664021164021164 0.16480654761904762 0.09457671957671958 0.140625
0 0.9680886243386243 0.17348710317460317 0.049933862433862435 0.13814484126984128
0 0.05787037037037037 0.3012152777777778 0.09259259259259259 0.14955357142857142
0 0.19560185185185186 0.3040674603174603 0.12334656084656084 0.15426587301587302
0 0.3148148148148148 0.31026785714285715 0.0992063492063492 0.1552579365079365
0 0.4398148148148148 0.3177083333333333 0.09986772486772487 0.15376984126984128
0 0.5368716931216931 0.3245287698412698 0.09424603174603174 0.14558531746031747
0 0.6732804232804233 0.32316468253968256 0.08796296296296297 0.15376984126984128
0 0.7681878306878307 0.34052579365079366 0.08928571428571429 0.12698412698412698
0 0.8566468253968254 0.3325892857142857 0.09424603174603174 0.15079365079365079
0 0.9462632275132276 0.3401537698412698 0.08366402116402116 0.14360119047619047
0 0.062003968253968256 0.5159970238095238 0.11541005291005291 0.16889880952380953
0 0.19791666666666666 0.5159970238095238 0.1359126984126984 0.1619543650793651
0 0.3318452380952381 0.5128968253968254 0.1292989417989418 0.16121031746031747
0 0.4323743386243386 0.5166170634920635 0.07837301587301587 0.14781746031746032
0 0.5074404761904762 0.5163690476190477 0.07572751322751323 0.1453373015873016
0 0.5790343915343915 0.5173611111111112 0.07275132275132275 0.14136904761904762
0 0.6716269841269841 0.513640873015873 0.05291005291005291 0.1195436507936508
0 0.7414021164021164 0.5152529761904762 0.06878306878306878 0.12524801587301587
0 0.8088624338624338 0.5166170634920635 0.07671957671957672 0.13343253968253968
0 0.8991402116402116 0.5189732142857143 0.06878306878306878 0.13120039682539683
0 0.9593253968253969 0.5173611111111112 0.06283068783068783 0.13095238095238096
0 0.05787037037037037 0.7116815476190477 0.09391534391534391 0.16145833333333334
0 0.17046957671957672 0.7046130952380952 0.0882936507936508 0.15476190476190477
0 0.4254298941798942 0.6909722222222222 0.06845238095238096 0.14136904761904762
0 0.4968584656084656 0.6863839285714286 0.07572751322751323 0.1470734126984127
0 0.5667989417989417 0.6803075396825397 0.06746031746031746 0.1388888888888889
0 0.6331018518518519 0.6795634920634921 0.07242063492063493 0.1378968253968254
0 0.7003968253968254 0.6774553571428571 0.07275132275132275 0.1307043650793651
0 0.7708333333333334 0.6736111111111112 0.056878306878306875 0.13194444444444445
0 0.8275462962962963 0.6705109126984127 0.06646825396825397 0.12822420634920634
0 0.890542328042328 0.667906746031746 0.062169312169312166 0.12946428571428573
0 0.9508928571428571 0.6648065476190477 0.060515873015873016 0.12624007936507936
0 0.05853174603174603 0.9203869047619048 0.09722222222222222 0.15327380952380953
0 0.16121031746031747 0.9093501984126984 0.08697089947089948 0.16344246031746032
0 0.24834656084656084 0.8994295634920635 0.08465608465608465 0.15848214285714285
0 0.3376322751322751 0.8939732142857143 0.07936507936507936 0.15848214285714285
0 0.4173280423280423 0.8855406746031746 0.082010582010582 0.1589781746031746
0 0.4948743386243386 0.8753720238095238 0.07572751322751323 0.15749007936507936
0 0.5699404761904762 0.8669394841269841 0.07506613756613757 0.1515376984126984
0 0.6375661375661376 0.8617311507936508 0.07142857142857142 0.14608134920634921
0 0.7068452380952381 0.8518105158730159 0.07043650793650794 0.14310515873015872
0 0.7691798941798942 0.8458581349206349 0.06481481481481481 0.14211309523809523
0 0.8472222222222222 0.839905753968254 0.06944444444444445 0.14012896825396826
0 0.9087301587301587 0.8334573412698413 0.061507936507936505 0.1341765873015873
0 0.9639550264550265 0.8262648809523809 0.061507936507936505 0.1331845238095238
