0 0.22371031746031747 0.33916170634920634 0.07705026455026455 0.14260912698412698
0 0.2941468253968254 0.3428819444444444 0.0625 0.14508928571428573
0 0.39467592592592593 0.35181051587301587 0.0710978835978836 0.13516865079365079
0 0.46875 0.34337797619047616 0.0744047619047619 0.15004960317460317
0 0.546957671957672 0.34858630952380953 0.07473544973544974 0.1416170634920635
0 0.6271494708994709 0.34424603174603174 0.07308201058201058 0.1527777777777778
0 0.7073412698412699 0.3508184523809524 0.06746031746031746 0.13913690476190477
0 0.7924933862433863 0.34871031746031744 0.0744047619047619 0.1453373015873016
0 0.8720238095238095 0.3474702380952381 0.082010582010582 0.14583333333333334
0 0.14351851851851852 0.4993799603174603 0.0958994708994709 0.18824404761904762
0 0.24388227513227514 0.5018601190476191 0.09358465608465609 0.1847718253968254
0 0.34093915343915343 0.5018601190476191 0.0958994708994709 0.1817956349206349
0 0.47238756613756616 0.5033482142857143 0.06646825396825397 0.1857638888888889
0 0.5441468253968254 0.5076884920634921 0.07837301587301587 0.1765873015873016
0 0.6259920634920635 0.5078125 0.08664021164021164 0.16741071428571427
0 0.7420634920634921 0.5078125 0.10185185185185185 0.18774801587301587
0 0.8389550264550265 0.511656746031746 0.09788359788359788 0.18501984126984128
0 0.939484126984127 0.5094246031746031 0.09722222222222222 0.18799603174603174
0 0.09093915343915344 0.7378472222222222 0.12301587301587301 0.23214285714285715
0 0.2003968253968254 0.7209821428571429 0.09854497354497355 0.21577380952380953
0 0.3055555555555556 0.7364831349206349 0.09259259259259259 0.23139880952380953
0 0.42939814814814814 0.7116815476190477 0.06183862433862434 0.2095734126984127
0 0.5109126984126984 0.732390873015873 0.0992063492063492 0.23759920634920634
0 0.6068121693121693 0.7279265873015873 0.10383597883597884 0.22668650793650794
0 0.7166005291005291 0.7306547619047619 0.09126984126984126 0.22371031746031747
0 0.8654100529100529 0.71875 0.10846560846560846 0.21031746031746032
0 0.9601521164021164 0.7212301587301587 0.07308201058201058 0.21329365079365079
