0 0.056712962962962965 0.09375 0.11011904761904762 0.17956349206349206
0 0.1736111111111111 0.12103174603174603 0.1302910052910053 0.14484126984126985
0 0.29976851851851855 0.13690476190476192 0.12268518518518519 0.13690476190476192
0 0.04927248677248677 0.3070436507936508 0.09391534391534391 0.17063492063492064
0 0.1658399470899471 0.3237847222222222 0.1306216931216931 0.14508928571428573
0 0.2923280423280423 0.3298611111111111 0.12632275132275134 0.13938492063492064
0 0.4146825396825397 0.3359375 0.11507936507936507 0.13467261904761904
0 0.5325727513227513 0.3343253968253968 0.11011904761904762 0.14583333333333334
0 0.4174933862433862 0.14769345238095238 0.11673280423280423 0.13368055555555555
0 0.5572089947089947 0.1511656746031746 0.11243386243386243 0.1515376984126984
0 0.6661706349206349 0.16393849206349206 0.10747354497354497 0.14136904761904762
0 0.7731481481481481 0.17199900793650794 0.10119047619047619 0.14360119047619047
0 0.6359126984126984 0.34164186507936506 0.09788359788359788 0.1371527777777778
0 0.746031746031746 0.3423859126984127 0.10978835978835978 0.1396329365079365
0 0.18501984126984128 0.5296378968253969 0.12334656084656084 0.1416170634920635
0 0.04943783068783069 0.5255456349206349 0.09623015873015874 0.1636904761904762
0 0.30671296296296297 0.5331101190476191 0.11805555555555555 0.13268849206349206
0 0.4097222222222222 0.5248015873015873 0.09656084656084656 0.12351190476190477
0 0.5297619047619048 0.5229414682539683 0.10714285714285714 0.14260912698412698
0 0.6395502645502645 0.5311259920634921 0.10119047619047619 0.12276785714285714
0 0.7418981481481481 0.5244295634920635 0.105489417989418 0.13467261904761904
0 0.04877645502645503 0.7136656746031746 0.09093915343915344 0.16046626984126985
0 0.13822751322751323 0.7134176587301587 0.08994708994708994 0.16245039682539683
0 0.22288359788359788 0.7054811507936508 0.07936507936507936 0.1589781746031746
0 0.30968915343915343 0.7007688492063492 0.08300264550264551 0.15600198412698413
0 0.3834325396825397 0.6943204365079365 0.07043650793650794 0.14856150793650794
0 0.44775132275132273 0.6837797619047619 0.06018518518518518 0.12996031746031747
0 0.5221560846560847 0.6861359126984127 0.06944444444444445 0.14112103174603174
0 0.5777116402116402 0.6752232142857143 0.0496031746031746 0.12177579365079365
0 0.6352513227513228 0.6723710317460317 0.061507936507936505 0.12103174603174603
0 0.919973544973545 0.6646825396825397 0.06018518518518518 0.12152777777777778
0 0.9737103174603174 0.6607142857142857 0.04662698412698413 0.1195436507936508
0 0.9680886243386243 0.19407242063492064 0.0625 0.12276785714285714
0 0.9533730158730159 0.35466269841269843 0.06547619047619048 0.11904761904761904
0 0.046957671957671955 0.9140625 0.0873015873015873 0.16046626984126985
0 0.132771164021164 0.9037698412698413 0.0882936507936508 0.16220238095238096
0 0.226521164021164 0.8875248015873016 0.08068783068783068 0.1589781746031746
0 0.3080357142857143 0.8782242063492064 0.07771164021164022 0.15575396825396826
0 0.38591269841269843 0.8701636904761905 0.07671957671957672 0.1545138888888889
0 0.4675925925925926 0.8625992063492064 0.07208994708994709 0.15079365079365079
0 0.5534060846560847 0.8546626984126984 0.06779100529100529 0.14732142857142858
0 0.7028769841269841 0.8400297619047619 0.060515873015873016 0.1423611111111111
0 0.7640542328042328 0.8371775793650794 0.060515873015873016 0.140625
0 0.9110449735449735 0.8249007936507936 0.06018518518518518 0.12648809523809523
0 0.9632936507936508 0.8160962301587301 0.05092592592592592 0.12524801587301587
