2 0.035383597883597885 0.13678075396825398 0.07076719576719577 0.1267361111111111
2 0.19113756613756613 0.13368055555555555 0.10515873015873016 0.12003968253968254
2 0.03505291005291005 0.291046626984127 0.062169312169312166 0.12078373015873016
2 0.09705687830687831 0.2876984126984127 0.06845238095238096 0.12748015873015872
2 0.18154761904761904 0.28683035714285715 0.10449735449735449 0.12276785714285714
2 0.28687169312169314 0.2857142857142857 0.11276455026455026 0.12251984126984126
2 0.39814814814814814 0.2821180555555556 0.10912698412698413 0.12574404761904762
2 0.2876984126984127 0.12723214285714285 0.09656084656084656 0.1185515873015873
2 0.39533730158730157 0.1226438492063492 0.10284391534391535 0.11780753968253968
2 0.5029761904761905 0.10714285714285714 0.11177248677248677 0.1378968253968254
2 0.6187169312169312 0.09734623015873016 0.11441798941798942 0.14508928571428573
2 0.517691798941799 0.27393353174603174 0.10747354497354497 0.1396329365079365
2 0.6278108465608465 0.27194940476190477 0.1087962962962963 0.14112103174603174
2 0.7366071428571429 0.0900297619047619 0.1173941798941799 0.15426587301587302
2 0.7341269841269841 0.26748511904761907 0.10912698412698413 0.1416170634920635
2 0.7354497354497355 0.4337797619047619 0.09325396825396826 0.13392857142857142
2 0.6322751322751323 0.42584325396825395 0.09126984126984126 0.12053571428571429
2 0.5224867724867724 0.4321676587301587 0.10515873015873016 0.13120039682539683
2 0.4060846560846561 0.4350198412698413 0.11044973544973545 0.12152777777777778
2 0.2881944444444444 0.43452380952380953 0.09821428571428571 0.11557539682539683
2 0.17956349206349206 0.4339037698412698 0.083994708994709 0.11532738095238096
2 0.11061507936507936 0.43353174603174605 0.0625 0.1195436507936508
2 0.04811507936507937 0.4322916666666667 0.06779100529100529 0.12251984126984126
2 0.05489417989417989 0.5622519841269841 0.06878306878306878 0.10515873015873016
2 0.11789021164021164 0.5659722222222222 0.06316137566137567 0.10267857142857142
2 0.20667989417989419 0.5695684523809523 0.10912698412698413 0.10987103174603174
2 0.30505952380952384 0.5704365079365079 0.07903439153439154 0.11011904761904762
2 0.44031084656084657 0.5720486111111112 0.09689153439153439 0.109375
2 0.5844907407407407 0.5776289682539683 0.10218253968253968 0.11607142857142858
2 0.6960978835978836 0.5851934523809523 0.0958994708994709 0.11532738095238096
2 0.029265873015873016 0.6845238095238095 0.055224867724867725 0.09771825396825397
2 0.08812830687830688 0.6870039682539683 0.06845238095238096 0.09821428571428571
2 0.20502645502645503 0.6955605158730159 0.08664021164021164 0.10342261904761904
2 0.2986111111111111 0.6986607142857143 0.08796296296296297 0.10515873015873016
2 0.40343915343915343 0.7052331349206349 0.09126984126984126 0.10987103174603174
2 0.55869708994709 0.7108134920634921 0.10813492063492064 0.11507936507936507
2 0.6848544973544973 0.7186259920634921 0.1078042328042328 0.11086309523809523
2 0.020006613756613757 0.8113839285714286 0.03869047619047619 0.10590277777777778
2 0.05638227513227513 0.8123759920634921 0.03935185185185185 0.10887896825396826
2 0.09391534391534391 0.8159722222222222 0.04298941798941799 0.10863095238095238
2 0.13541666666666666 0.8180803571428571 0.04662698412698413 0.10739087301587301
2 0.17609126984126985 0.8203125 0.04133597883597884 0.1039186507936508
2 0.2154431216931217 0.8245287698412699 0.0419973544973545 0.1039186507936508
2 0.2544642857142857 0.8286210317460317 0.04662698412698413 0.10615079365079365
2 0.29580026455026454 0.8297371031746031 0.04662698412698413 0.10739087301587301
2 0.3837632275132275 0.8348214285714286 0.045304232804232805 0.10912698412698413
2 0.42757936507936506 0.8385416666666666 0.046957671957671955 0.11160714285714286
2 0.4728835978835979 0.8430059523809523 0.04497354497354497 0.11061507936507936
2 0.5168650793650794 0.8451140873015873 0.04563492063492063 0.11086309523809523
2 0.560681216931217 0.8489583333333334 0.04662698412698413 0.11259920634920635
2 0.6064814814814815 0.8532986111111112 0.047619047619047616 0.11433531746031746
2 0.6511243386243386 0.8563988095238095 0.04563492063492063 0.11359126984126984
2 0.6995701058201058 0.861359126984127 0.04794973544973545 0.11607142857142858
2 0.74619708994709 0.8649553571428571 0.045965608465608467 0.11830357142857142
