2 0.045304232804232805 0.7217261904761905 0.061507936507936505 0.13095238095238096
2 0.10400132275132275 0.7144097222222222 0.06117724867724868 0.12723214285714285
2 0.29447751322751325 0.14248511904761904 0.07837301587301587 0.15649801587301587
2 0.37962962962962965 0.1505456349206349 0.09722222222222222 0.15327380952380953
2 0.4697420634920635 0.16567460317460317 0.09292328042328042 0.13740079365079366
2 0.5567129629629629 0.17261904761904762 0.09292328042328042 0.13690476190476192
2 0.6402116402116402 0.18092757936507936 0.08928571428571429 0.13467261904761904
2 0.7144510582010583 0.1892361111111111 0.07506613756613757 0.12946428571428573
2 0.7757936507936508 0.19246031746031747 0.06018518518518518 0.12748015873015872
2 0.8500330687830688 0.2010168650793651 0.08763227513227513 0.12375992063492064
2 0.9229497354497355 0.2074652777777778 0.06349206349206349 0.11979166666666667
2 0.9756944444444444 0.2123015873015873 0.04265873015873016 0.11755952380952381
2 0.3376322751322751 0.3335813492063492 0.10119047619047619 0.17609126984126985
2 0.43369708994708994 0.3373015873015873 0.09689153439153439 0.16964285714285715
2 0.5262896825396826 0.34089781746031744 0.08895502645502645 0.16294642857142858
2 0.6053240740740741 0.34337797619047616 0.08432539682539683 0.15550595238095238
2 0.6820436507936508 0.34771825396825395 0.07771164021164022 0.14831349206349206
2 0.7581018518518519 0.3480902777777778 0.08035714285714286 0.14756944444444445
2 0.822255291005291 0.35143849206349204 0.05919312169312169 0.14087301587301587
2 0.8786375661375662 0.3541666666666667 0.0582010582010582 0.1324404761904762
2 0.9386574074074074 0.35553075396825395 0.06911375661375661 0.12872023809523808
2 0.375 0.5110367063492064 0.07076719576719577 0.13913690476190477
2 0.3151455026455027 0.5133928571428571 0.05357142857142857 0.1498015873015873
2 0.43452380952380953 0.5088045634920635 0.06349206349206349 0.13616071428571427
2 0.49603174603174605 0.505828373015873 0.06547619047619048 0.13368055555555555
2 0.5562169312169312 0.5045882936507936 0.05952380952380952 0.13120039682539683
2 0.6130952380952381 0.5026041666666666 0.05886243386243386 0.12524801587301587
2 0.6689814814814815 0.5016121031746031 0.0582010582010582 0.12276785714285714
2 0.7329695767195767 0.4955357142857143 0.0539021164021164 0.11458333333333333
2 0.8207671957671958 0.4962797619047619 0.05886243386243386 0.11904761904761904
2 0.8726851851851852 0.4955357142857143 0.046296296296296294 0.11607142857142858
2 0.9131944444444444 0.49243551587301587 0.04332010582010582 0.11383928571428571
2 0.9500661375661376 0.4895833333333333 0.042328042328042326 0.1111111111111111
2 0.9803240740740741 0.4895833333333333 0.030753968253968252 0.10863095238095238
2 0.3548280423280423 0.6759672619047619 0.07208994708994709 0.1416170634920635
2 0.42410714285714285 0.6708829365079365 0.06845238095238096 0.13988095238095238
2 0.48197751322751325 0.6595982142857143 0.05588624338624339 0.13020833333333334
2 0.5454695767195767 0.6571180555555556 0.06514550264550265 0.1297123015873016
2 0.607308201058201 0.6510416666666666 0.05654761904761905 0.1284722222222222
2 0.6613756613756614 0.6459573412698413 0.057539682539682536 0.12475198412698413
2 0.30009920634920634 0.8413938492063492 0.04133597883597884 0.10441468253968254
2 0.33812830687830686 0.8158482142857143 0.04265873015873016 0.08209325396825397
2 0.38326719576719576 0.808531746031746 0.04431216931216931 0.07886904761904762
2 0.42080026455026454 0.7940228174603174 0.03670634920634921 0.06522817460317461
2 0.4623015873015873 0.7900545634920635 0.041005291005291 0.06870039682539683
2 0.5008267195767195 0.7848462301587301 0.04133597883597884 0.06473214285714286
2 0.5411706349206349 0.7760416666666666 0.04133597883597884 0.06349206349206349
2 0.5763888888888888 0.7686011904761905 0.031746031746031744 0.056051587301587304
2 0.6142526455026455 0.7657490079365079 0.040013227513227514 0.061755952380952384
2 0.7116402116402116 0.6416170634920635 0.05026455026455026 0.11706349206349206
2 0.7609126984126984 0.6357886904761905 0.052248677248677246 0.11532738095238096
2 0.8077050264550265 0.6312003968253969 0.04728835978835979 0.11210317460317461
2 0.9426256613756614 0.6128472222222222 0.0539021164021164 0.09523809523809523
2 0.3116732804232804 0.9556051587301587 0.05257936507936508 0.08234126984126984
2 0.3611111111111111 0.9477926587301587 0.04894179894179894 0.08854166666666667
2 0.4083994708994709 0.9386160714285714 0.046957671957671955 0.08953373015873016
2 0.4548611111111111 0.9247271825396826 0.04662698412698413 0.07465277777777778
2 0.49867724867724866 0.9200148809523809 0.046296296296296294 0.08407738095238096
2 0.5434854497354498 0.9112103174603174 0.04265873015873016 0.08382936507936507
2 0.5848214285714286 0.902281746031746 0.03869047619047619 0.0818452380952381
2 0.6218584656084656 0.8912450396825397 0.03736772486772487 0.07514880952380952
2 0.6977513227513228 0.8768601190476191 0.03306878306878307 0.07316468253968254
2 0.7339616402116402 0.8707837301587301 0.035383597883597885 0.07291666666666667
2 0.7680224867724867 0.8635912698412699 0.03273809523809524 0.07142857142857142
2 0.8382936507936508 0.8503224206349206 0.03835978835978836 0.07068452380952381
2 0.874834656084656 0.8454861111111112 0.03207671957671958 0.07142857142857142
