5 0.45 0.22421875 0.052083333333333336 0.0734375
5 0.3984375 0.225 0.051041666666666666 0.075
5 0.3489583333333333 0.228125 0.05 0.06875
5 0.30052083333333335 0.228515625 0.046875 0.06796875
5 0.48333333333333334 0.319921875 0.03958333333333333 0.07578125
5 0.44166666666666665 0.318359375 0.04583333333333333 0.07421875
5 0.4786458333333333 0.415625 0.053125 0.0734375
5 0.4197916666666667 0.415234375 0.06041666666666667 0.07578125
5 0.3614583333333333 0.413671875 0.05625 0.07578125
5 0.39791666666666664 0.322265625 0.04791666666666667 0.06953125
5 0.3541666666666667 0.321484375 0.04583333333333333 0.06953125
5 0.309375 0.321875 0.04791666666666667 0.0703125
5 0.3026041666666667 0.415625 0.06354166666666666 0.075
5 0.2546875 0.2296875 0.046875 0.0703125
5 0.209375 0.228515625 0.04791666666666667 0.07109375
5 0.16145833333333334 0.22890625 0.04791666666666667 0.071875
5 0.1140625 0.21484375 0.051041666666666666 0.103125
5 0.06666666666666667 0.215625 0.052083333333333336 0.1015625
5 0.021354166666666667 0.215625 0.042708333333333334 0.1015625
5 0.26510416666666664 0.321875 0.04479166666666667 0.0703125
5 0.21666666666666667 0.321875 0.04791666666666667 0.0734375
5 0.1734375 0.32265625 0.042708333333333334 0.06875
5 0.13177083333333334 0.321875 0.042708333333333334 0.0703125
5 0.0828125 0.325 0.042708333333333334 0.0671875
5 0.24166666666666667 0.4140625 0.0625 0.0734375
5 0.1859375 0.41484375 0.057291666666666664 0.071875
5 0.13697916666666668 0.417578125 0.04895833333333333 0.06796875
5 0.09270833333333334 0.414453125 0.05 0.07578125
5 0.050520833333333334 0.41484375 0.04479166666666667 0.075
5 0.015104166666666667 0.417578125 0.030208333333333334 0.07421875
5 0.025 0.52421875 0.04375 0.075
5 0.06666666666666667 0.524609375 0.04375 0.07578125
5 0.11041666666666666 0.523046875 0.04375 0.07578125
5 0.15052083333333333 0.52265625 0.040625 0.078125
5 0.1890625 0.523046875 0.040625 0.07578125
6 0.23854166666666668 0.5171875 0.04583333333333333 0.0890625
6 0.284375 0.516015625 0.05 0.08984375
6 0.3302083333333333 0.5171875 0.05 0.090625
6 0.37864583333333335 0.516796875 0.051041666666666666 0.08828125
6 0.42604166666666665 0.51640625 0.05 0.0890625
6 0.4739583333333333 0.516796875 0.04791666666666667 0.08984375