0 0.13409391534391535 0.08234126984126984 0.144510582010582 0.16021825396825398
0 0.27199074074074076 0.08643353174603174 0.13326719576719576 0.16641865079365079
0 0.1531084656084656 0.2864583333333333 0.13690476190476192 0.17559523809523808
0 0.2837301587301587 0.29501488095238093 0.1335978835978836 0.1609623015873016
0 0.41187169312169314 0.3005952380952381 0.1207010582010582 0.1552579365079365
0 0.4041005291005291 0.09164186507936507 0.12764550264550265 0.1654265873015873
0 0.5226521164021164 0.10739087301587301 0.11078042328042328 0.14285714285714285
0 0.6350859788359788 0.10925099206349206 0.11342592592592593 0.14756944444444445
0 0.769510582010582 0.10825892857142858 0.10251322751322751 0.15997023809523808
0 0.8667328042328042 0.12921626984126985 0.10317460317460317 0.12797619047619047
0 0.9553571428571429 0.13268849206349206 0.08134920634920635 0.12351190476190477
0 0.75380291005291 0.30084325396825395 0.1087962962962963 0.15079365079365079
0 0.8569775132275133 0.3131200396825397 0.10416666666666667 0.1277281746031746
0 0.9480820105820106 0.31460813492063494 0.08597883597883597 0.12524801587301587
0 0.1841931216931217 0.49603174603174605 0.12103174603174603 0.15625
0 0.4083994708994709 0.49615575396825395 0.12103174603174603 0.15947420634920634
0 0.6301256613756614 0.49813988095238093 0.1087962962962963 0.14360119047619047
0 0.7433862433862434 0.49615575396825395 0.1078042328042328 0.1440972222222222
0 0.8635912698412699 0.5002480158730159 0.11078042328042328 0.1259920634920635
0 0.9543650793650794 0.49987599206349204 0.07804232804232804 0.1232638888888889
0 0.15542328042328044 0.6784474206349206 0.11904761904761904 0.1331845238095238
0 0.26537698412698413 0.6734871031746031 0.11144179894179894 0.1307043650793651
0 0.39632936507936506 0.6767113095238095 0.11541005291005291 0.1470734126984127
0 0.5162037037037037 0.6734871031746031 0.1130952380952381 0.14856150793650794
0 0.6259920634920635 0.6665426587301587 0.1078042328042328 0.14508928571428573
0 0.7521494708994709 0.6608382936507936 0.09953703703703703 0.14211309523809523
0 0.8387896825396826 0.6597222222222222 0.06580687830687831 0.14434523809523808
0 0.9017857142857143 0.6552579365079365 0.062169312169312166 0.13839285714285715
0 0.9659391534391535 0.6520337301587301 0.06415343915343916 0.1388888888888889
0 0.14169973544973544 0.8617311507936508 0.07308201058201058 0.13169642857142858
0 0.21626984126984128 0.8625992063492064 0.08267195767195767 0.14682539682539683
0 0.29910714285714285 0.8407738095238095 0.07572751322751323 0.11458333333333333
0 0.3751653439153439 0.8474702380952381 0.07572751322751323 0.13690476190476192
0 0.4540343915343915 0.8568948412698413 0.0787037037037037 0.1498015873015873
0 0.5477843915343915 0.8524305555555556 0.07374338624338625 0.14930555555555555
0 0.7815806878306878 0.8356894841269841 0.06117724867724868 0.14360119047619047
0 0.8416005291005291 0.8251488095238095 0.062169312169312166 0.14384920634920634
0 0.9065806878306878 0.8158482142857143 0.06779100529100529 0.13665674603174602
0 0.9674272486772487 0.8089037698412699 0.054563492063492064 0.1371527777777778
