1 0.164021164021164 0.19469246031746032 0.05489417989417989 0.09821428571428571
1 0.2594246031746032 0.20064484126984128 0.05853174603174603 0.08630952380952381
1 0.3179563492063492 0.19332837301587302 0.06316137566137567 0.09350198412698413
1 0.3816137566137566 0.18973214285714285 0.07076719576719577 0.09623015873015874
1 0.4722222222222222 0.19010416666666666 0.06349206349206349 0.09250992063492064
1 0.5398478835978836 0.1840277777777778 0.07506613756613757 0.10069444444444445
1 0.6183862433862434 0.18229166666666666 0.083994708994709 0.09871031746031746
1 0.7127976190476191 0.18216765873015872 0.0763888888888889 0.09697420634920635
1 0.7944775132275133 0.18415178571428573 0.08366402116402116 0.08903769841269842
1 0.8875661375661376 0.1746031746031746 0.0958994708994709 0.10069444444444445
1 0.9662698412698413 0.1708829365079365 0.06018518518518518 0.10466269841269842
0 0.21378968253968253 0.32080853174603174 0.09424603174603174 0.1212797619047619
0 0.3116732804232804 0.31919642857142855 0.1001984126984127 0.12351190476190477
0 0.41352513227513227 0.318328373015873 0.1001984126984127 0.12475198412698413
0 0.5125661375661376 0.31646825396825395 0.09788359788359788 0.1284722222222222
0 0.7056878306878307 0.31361607142857145 0.07407407407407407 0.1267361111111111
1 0.7868716931216931 0.3125 0.08697089947089948 0.12698412698412698
1 0.8678902116402116 0.31907242063492064 0.0763888888888889 0.11135912698412699
1 0.9545304232804233 0.30927579365079366 0.07771164021164022 0.12648809523809523
1 0.22668650793650794 0.46279761904761907 0.09689153439153439 0.12797619047619047
1 0.3272156084656085 0.4625496031746032 0.09093915343915344 0.1259920634920635
1 0.4312169312169312 0.4635416666666667 0.09259259259259259 0.12698412698412698
1 0.527281746031746 0.46416170634920634 0.09689153439153439 0.1277281746031746
1 0.6139219576719577 0.4651537698412698 0.08167989417989419 0.12624007936507936
1 0.6989087301587301 0.46552579365079366 0.08697089947089948 0.1284722222222222
1 0.794808201058201 0.47433035714285715 0.06448412698412699 0.11383928571428571
1 0.8688822751322751 0.47507440476190477 0.07242063492063493 0.11185515873015874
1 0.9584986772486772 0.47470238095238093 0.06448412698412699 0.11210317460317461
1 0.18386243386243387 0.6094990079365079 0.06812169312169312 0.11433531746031746
1 0.26339285714285715 0.607390873015873 0.07771164021164022 0.11458333333333333
1 0.34656084656084657 0.6078869047619048 0.06812169312169312 0.11259920634920635
1 0.4399801587301587 0.6039186507936508 0.06779100529100529 0.10863095238095238
1 0.5191798941798942 0.6049107142857143 0.07407407407407407 0.1076388888888889
1 0.5945767195767195 0.6051587301587301 0.07208994708994709 0.11011904761904762
1 0.6884920634920635 0.6123511904761905 0.08267195767195767 0.12003968253968254
1 0.7478505291005291 0.6091269841269841 0.054563492063492064 0.10863095238095238
1 0.7992724867724867 0.609375 0.05092592592592592 0.11061507936507936
1 0.8518518518518519 0.6121031746031746 0.0582010582010582 0.11160714285714286
1 0.9494047619047619 0.6183035714285714 0.08994708994708994 0.11805555555555555
1 0.2134589947089947 0.7523561507936508 0.036044973544973546 0.07118055555555555
1 0.2501653439153439 0.7526041666666666 0.03802910052910053 0.07465277777777778
1 0.28521825396825395 0.753968253968254 0.0419973544973545 0.07390873015873016
1 0.3386243386243386 0.7409474206349206 0.07275132275132275 0.11185515873015874
1 0.40343915343915343 0.7394593253968254 0.06084656084656084 0.10987103174603174
1 0.453042328042328 0.7408234126984127 0.047619047619047616 0.1130952380952381
1 0.5079365079365079 0.7444196428571429 0.062169312169312166 0.11383928571428571
1 0.5620039682539683 0.7455357142857143 0.04662698412698413 0.11359126984126984
1 0.6254960317460317 0.7459077380952381 0.060515873015873016 0.10342261904761904
1 0.7108134920634921 0.7501240079365079 0.05720899470899471 0.10590277777777778
1 0.8121693121693122 0.7466517857142857 0.07804232804232804 0.11284722222222222
1 0.17311507936507936 0.8717757936507936 0.06382275132275132 0.11706349206349206
1 0.23776455026455026 0.8706597222222222 0.06415343915343916 0.11383928571428571
1 0.2941468253968254 0.8714037698412699 0.0419973544973545 0.12028769841269842
1 0.33895502645502645 0.8896329365079365 0.06349206349206349 0.09275793650793651
1 0.5360449735449735 0.8717757936507936 0.08134920634920635 0.13442460317460317
1 0.6124338624338624 0.8762400793650794 0.07407407407407407 0.11706349206349206
1 0.7680224867724867 0.8865327380952381 0.05588624338624339 0.12078373015873016
1 0.8209325396825397 0.8802083333333334 0.04927248677248677 0.10119047619047619
1 0.8784722222222222 0.8952132936507936 0.05191798941798942 0.1232638888888889
1 0.9285714285714286 0.902281746031746 0.04894179894179894 0.11160714285714286
1 0.9722222222222222 0.8996775793650794 0.04497354497354497 0.10739087301587301
