0 0.17080026455026456 0.2588045634920635 0.11408730158730158 0.1371527777777778
0 0.3057208994708995 0.2535962301587302 0.12136243386243387 0.13616071428571427
0 0.4269179894179894 0.24541170634920634 0.11044973544973545 0.13616071428571427
0 0.5439814814814815 0.23115079365079366 0.12896825396825398 0.14682539682539683
0 0.6802248677248677 0.22395833333333334 0.13095238095238096 0.15029761904761904
0 0.8219246031746031 0.2136656746031746 0.14583333333333334 0.15600198412698413
0 0.9421296296296297 0.22197420634920634 0.09126984126984126 0.1349206349206349
0 0.1306216931216931 0.4523809523809524 0.07936507936507936 0.1498015873015873
0 0.21279761904761904 0.45188492063492064 0.08167989417989419 0.1488095238095238
0 0.294973544973545 0.44816468253968256 0.08465608465608465 0.15575396825396826
0 0.38244047619047616 0.447296626984127 0.09226190476190477 0.15699404761904762
0 0.4722222222222222 0.4573412698412698 0.08597883597883597 0.13541666666666666
0 0.5591931216931217 0.44320436507936506 0.08994708994708994 0.16121031746031747
0 0.6686507936507936 0.43936011904761907 0.09788359788359788 0.16790674603174602
0 0.7718253968253969 0.4347718253968254 0.10383597883597884 0.17410714285714285
0 0.8796296296296297 0.43278769841269843 0.1078042328042328 0.17857142857142858
0 0.9637896825396826 0.4382440476190476 0.06183862433862434 0.16121031746031747
0 0.15476190476190477 0.6475694444444444 0.057539682539682536 0.14434523809523808
0 0.21461640211640212 0.6517857142857143 0.06547619047619048 0.14682539682539683
0 0.3201058201058201 0.6548859126984127 0.07605820105820106 0.1579861111111111
0 0.39914021164021163 0.6533978174603174 0.051587301587301584 0.15749007936507936
0 0.4479166666666667 0.6555059523809523 0.05787037037037037 0.16319444444444445
0 0.5367063492063492 0.6529017857142857 0.07407407407407407 0.15997023809523808
0 0.6180555555555556 0.6586061507936508 0.0787037037037037 0.16889880952380953
0 0.7023809523809523 0.6589781746031746 0.08928571428571429 0.17311507936507936
0 0.7977843915343915 0.662078373015873 0.09027777777777778 0.1753472222222222
0 0.8890542328042328 0.6587301587301587 0.08895502645502645 0.17063492063492064
0 0.9682539682539683 0.6693948412698413 0.056878306878306875 0.17509920634920634
0 0.16765873015873015 0.8404017857142857 0.08002645502645503 0.15104166666666666
0 0.2746362433862434 0.8436259920634921 0.12268518518518519 0.15947420634920634
0 0.3897156084656085 0.8497023809523809 0.11011904761904762 0.16964285714285715
0 0.7313161375661376 0.8577628968253969 0.12003968253968254 0.16344246031746032
0 0.8583002645502645 0.871155753968254 0.15178571428571427 0.18030753968253968
