1 0.06828703703703703 0.19010416666666666 0.06382275132275132 0.09598214285714286
1 0.1380621693121693 0.1878720238095238 0.07903439153439154 0.10193452380952381
1 0.21726190476190477 0.19084821428571427 0.0787037037037037 0.09995039682539683
1 0.3230820105820106 0.19481646825396826 0.0701058201058201 0.09796626984126984
1 0.4019510582010582 0.19952876984126985 0.07771164021164022 0.09102182539682539
1 0.48148148148148145 0.19518849206349206 0.08134920634920635 0.1001984126984127
1 0.562665343915344 0.19729662698412698 0.08101851851851852 0.10193452380952381
1 0.6430224867724867 0.19866071428571427 0.08167989417989419 0.09821428571428571
1 0.7217261904761905 0.20200892857142858 0.0796957671957672 0.09598214285714286
1 0.8005952380952381 0.20386904761904762 0.07804232804232804 0.09325396825396826
1 0.8802910052910053 0.2034970238095238 0.07936507936507936 0.09598214285714286
1 0.11359126984126984 0.31919642857142855 0.10218253968253968 0.12946428571428573
1 0.30687830687830686 0.32527281746031744 0.07407407407407407 0.12624007936507936
1 0.3869047619047619 0.3272569444444444 0.083994708994709 0.12177579365079365
1 0.4679232804232804 0.33556547619047616 0.07605820105820106 0.10664682539682539
1 0.5459656084656085 0.33271329365079366 0.0787037037037037 0.11383928571428571
1 0.6316137566137566 0.3342013888888889 0.07804232804232804 0.10590277777777778
1 0.7121362433862434 0.3349454365079365 0.07043650793650794 0.10739087301587301
1 0.7862103174603174 0.3325892857142857 0.07506613756613757 0.11706349206349206
1 0.8665674603174603 0.3308531746031746 0.08167989417989419 0.11557539682539683
1 0.038525132275132275 0.46912202380952384 0.07506613756613757 0.13467261904761904
1 0.1259920634920635 0.4703621031746032 0.0992063492063492 0.1341765873015873
1 0.2166005291005291 0.47172619047619047 0.08333333333333333 0.12896825396825398
1 0.30009920634920634 0.47197420634920634 0.08697089947089948 0.12698412698412698
1 0.3993055555555556 0.4826388888888889 0.0539021164021164 0.1056547619047619
1 0.4677579365079365 0.4816468253968254 0.06646825396825397 0.1076388888888889
1 0.5505952380952381 0.4826388888888889 0.06613756613756613 0.10664682539682539
1 0.6208664021164021 0.482390873015873 0.06183862433862434 0.10317460317460317
1 0.6903108465608465 0.48821924603174605 0.06448412698412699 0.09350198412698413
1 0.7561177248677249 0.48288690476190477 0.06382275132275132 0.1076388888888889
1 0.8511904761904762 0.4789186507936508 0.0701058201058201 0.11607142857142858
1 0.9259259259259259 0.48127480158730157 0.061507936507936505 0.11135912698412699
1 0.8773148148148148 0.6185515873015873 0.08068783068783068 0.11011904761904762
1 0.8067129629629629 0.6184275793650794 0.06514550264550265 0.11086309523809523
1 0.7466931216931217 0.6160714285714286 0.06812169312169312 0.10912698412698413
1 0.6527777777777778 0.6333085317460317 0.07208994708994709 0.07911706349206349
1 0.5378637566137566 0.6201636904761905 0.06911375661375661 0.11086309523809523
1 0.3578042328042328 0.6112351190476191 0.061507936507936505 0.10193452380952381
1 0.41517857142857145 0.6130952380952381 0.04398148148148148 0.10168650793650794
1 0.4593253968253968 0.6161954365079365 0.0496031746031746 0.10243055555555555
1 0.29150132275132273 0.6197916666666666 0.07043650793650794 0.1185515873015873
1 0.2078373015873016 0.6129712301587301 0.0744047619047619 0.1158234126984127
1 0.12896825396825398 0.6145833333333334 0.07605820105820106 0.1111111111111111
1 0.044642857142857144 0.6147073412698413 0.06746031746031746 0.11086309523809523
1 0.044642857142857144 0.7559523809523809 0.04563492063492063 0.11408730158730158
1 0.1013558201058201 0.7553323412698413 0.06316137566137567 0.11383928571428571
1 0.15625 0.7543402777777778 0.04927248677248677 0.11433531746031746
1 0.22635582010582012 0.7528521825396826 0.054563492063492064 0.10342261904761904
1 0.3080357142857143 0.7559523809523809 0.05787037037037037 0.10069444444444445
1 0.4146825396825397 0.7490079365079365 0.07341269841269842 0.1056547619047619
1 0.35714285714285715 0.7472718253968254 0.052248677248677246 0.10218253968253968
1 0.6527777777777778 0.7450396825396826 0.062169312169312166 0.1056547619047619
1 0.720734126984127 0.7451636904761905 0.06448412698412699 0.10739087301587301
1 0.8452380952380952 0.7435515873015873 0.0787037037037037 0.1056547619047619
1 0.12251984126984126 0.8856646825396826 0.08895502645502645 0.13045634920634921
1 0.20436507936507936 0.8876488095238095 0.0787037037037037 0.11458333333333333
1 0.357473544973545 0.8852926587301587 0.0496031746031746 0.12028769841269842
1 0.4138558201058201 0.8762400793650794 0.045304232804232805 0.09573412698412699
1 0.4576719576719577 0.8854166666666666 0.05026455026455026 0.12103174603174603
1 0.5052910052910053 0.8919890873015873 0.04365079365079365 0.10094246031746032
1 0.5494378306878307 0.886780753968254 0.04728835978835979 0.10243055555555555
1 0.5998677248677249 0.8852926587301587 0.04563492063492063 0.10342261904761904
1 0.6473214285714286 0.8804563492063492 0.045965608465608467 0.08680555555555555
1 0.6851851851851852 0.8731398809523809 0.036375661375661374 0.08556547619047619
1 0.740244708994709 0.8838045634920635 0.054563492063492064 0.11036706349206349
1 0.7962962962962963 0.8844246031746031 0.056216931216931214 0.10863095238095238
1 0.8521825396825397 0.8835565476190477 0.056216931216931214 0.11235119047619048
1 0.9057539682539683 0.8821924603174603 0.057539682539682536 0.11160714285714286
