2 0.3621031746031746 0.5969742063492064 0.0958994708994709 0.17708333333333334
2 0.4436177248677249 0.5926339285714286 0.08630952380952381 0.16989087301587302
2 0.5213293650793651 0.5869295634920635 0.07903439153439154 0.1654265873015873
2 0.5983796296296297 0.5838293650793651 0.08630952380952381 0.16220238095238096
2 0.6760912698412699 0.5804811507936508 0.08630952380952381 0.1579861111111111
2 0.75380291005291 0.5746527777777778 0.08101851851851852 0.15079365079365079
2 0.8257275132275133 0.5706845238095238 0.07473544973544974 0.1433531746031746
2 0.8963293650793651 0.5910218253968254 0.07175925925925926 0.10069444444444445
2 0.4837962962962963 0.7739335317460317 0.06349206349206349 0.12822420634920634
2 0.4105489417989418 0.7724454365079365 0.060515873015873016 0.11036706349206349
2 0.5540674603174603 0.769469246031746 0.06646825396825397 0.13219246031746032
2 0.615244708994709 0.7817460317460317 0.055224867724867725 0.09077380952380952
2 0.6970899470899471 0.7436755952380952 0.05092592592592592 0.11086309523809523
2 0.8172949735449735 0.7411954365079365 0.06316137566137567 0.1267361111111111
2 0.8660714285714286 0.7335069444444444 0.04828042328042328 0.11830357142857142
2 0.9095568783068783 0.7279265873015873 0.040674603174603176 0.11458333333333333
2 0.9593253968253969 0.7253224206349206 0.04894179894179894 0.11830357142857142
