0 0.03042328042328042 0.08953373015873016 0.06084656084656084 0.1433531746031746
0 0.1076388888888889 0.10057043650793651 0.0744047619047619 0.1232638888888889
0 0.17063492063492064 0.10143849206349206 0.05291005291005291 0.12202380952380952
0 0.23148148148148148 0.09561011904761904 0.07142857142857142 0.14012896825396826
0 0.3273809523809524 0.09660218253968254 0.07671957671957672 0.13864087301587302
0 0.4021164021164021 0.09846230158730158 0.07341269841269842 0.13938492063492064
0 0.47701719576719576 0.09858630952380952 0.07374338624338625 0.13913690476190477
0 0.074239417989418 0.2863343253968254 0.06911375661375661 0.12921626984126985
0 0.14517195767195767 0.2863343253968254 0.07275132275132275 0.12822420634920634
0 0.21412037037037038 0.28695436507936506 0.06712962962962964 0.1284722222222222
0 0.2802579365079365 0.28720238095238093 0.06448412698412699 0.12648809523809523
0 0.3458994708994709 0.28608630952380953 0.06547619047619048 0.13120039682539683
0 0.4093915343915344 0.2867063492063492 0.06283068783068783 0.12946428571428573
0 0.4732142857142857 0.2864583333333333 0.062169312169312166 0.1324404761904762
0 0.0248015873015873 0.4663938492063492 0.046296296296296294 0.13368055555555555
0 0.08763227513227513 0.46664186507936506 0.07076719576719577 0.13516865079365079
0 0.15542328042328044 0.46490575396825395 0.06746031746031746 0.13566468253968253
0 0.2218915343915344 0.46552579365079366 0.06547619047619048 0.13194444444444445
0 0.2875330687830688 0.4651537698412698 0.06580687830687831 0.1297123015873016
0 0.34837962962962965 0.4801587301587302 0.055224867724867725 0.09871031746031746
0 0.4027777777777778 0.47879464285714285 0.05423280423280423 0.09895833333333333
0 0.4799933862433862 0.4781746031746032 0.05125661375661376 0.09523809523809523
0 0.44543650793650796 0.4782986111111111 0.032407407407407406 0.0954861111111111
0 0.0269510582010582 0.625 0.05191798941798942 0.1314484126984127
0 0.0894510582010582 0.6217757936507936 0.07043650793650794 0.13095238095238096
0 0.16137566137566137 0.6195436507936508 0.0667989417989418 0.12946428571428573
0 0.22718253968253968 0.6192956349206349 0.062169312169312166 0.12946428571428573
0 0.2916666666666667 0.6176835317460317 0.06283068783068783 0.12822420634920634
0 0.3587962962962963 0.6159474206349206 0.06613756613756613 0.12723214285714285
0 0.42063492063492064 0.6156994047619048 0.05952380952380952 0.11383928571428571
0 0.4816468253968254 0.6138392857142857 0.059854497354497355 0.11805555555555555
0 0.023974867724867725 0.7836061507936508 0.03869047619047619 0.10788690476190477
0 0.06845238095238096 0.7844742063492064 0.05357142857142857 0.10962301587301587
0 0.13310185185185186 0.7874503968253969 0.04728835978835979 0.09970238095238096
0 0.18452380952380953 0.7841021825396826 0.05555555555555555 0.09945436507936507
0 0.23776455026455026 0.7806299603174603 0.052248677248677246 0.09697420634920635
0 0.28918650793650796 0.7808779761904762 0.04927248677248677 0.09647817460317461
0 0.3394510582010582 0.7755456349206349 0.05125661375661376 0.09623015873015874
0 0.38839285714285715 0.7726934523809523 0.04662698412698413 0.0920138888888889
0 0.44560185185185186 0.7712053571428571 0.045304232804232805 0.09697420634920635
0 0.4975198412698413 0.7712053571428571 0.04927248677248677 0.09697420634920635
0 0.05555555555555555 0.9370039682539683 0.056216931216931214 0.10466269841269842
0 0.1111111111111111 0.9329117063492064 0.05092592592592592 0.10540674603174603
0 0.16302910052910052 0.9363839285714286 0.05357142857142857 0.10639880952380952
0 0.2175925925925926 0.9311755952380952 0.05291005291005291 0.1039186507936508
0 0.26686507936507936 0.9228670634920635 0.046957671957671955 0.10119047619047619
0 0.3151455026455027 0.9219990079365079 0.052248677248677246 0.10788690476190477
0 0.37136243386243384 0.916046626984127 0.052248677248677246 0.10491071428571429
0 0.4234457671957672 0.9176587301587301 0.05125661375661376 0.1056547619047619
0 0.6392195767195767 0.09796626984126984 0.052248677248677246 0.09970238095238096
0 0.6944444444444444 0.10900297619047619 0.05886243386243386 0.08258928571428571
0 0.7536375661375662 0.11272321428571429 0.06018518518518518 0.08159722222222222
0 0.8060515873015873 0.11979166666666667 0.045304232804232805 0.06597222222222222
0 0.9303902116402116 0.10143849206349206 0.06911375661375661 0.10863095238095238
0 0.6521164021164021 0.2465277777777778 0.061507936507936505 0.11706349206349206
0 0.7113095238095238 0.2465277777777778 0.0582010582010582 0.11507936507936507
0 0.7719907407407407 0.2465277777777778 0.06117724867724868 0.11607142857142858
0 0.8285383597883598 0.25124007936507936 0.05654761904761905 0.10664682539682539
0 0.886739417989418 0.2537202380952381 0.054563492063492064 0.10367063492063493
0 0.9436177248677249 0.26413690476190477 0.05919312169312169 0.08234126984126984
0 0.6534391534391535 0.3968253968253968 0.03505291005291005 0.11656746031746032
0 0.7048611111111112 0.39533730158730157 0.0625 0.11359126984126984
0 0.767691798941799 0.4113343253968254 0.05919312169312169 0.08010912698412699
0 0.8325066137566137 0.3880208333333333 0.06183862433862434 0.12276785714285714
0 0.9174933862433863 0.3897569444444444 0.06712962962962964 0.11979166666666667
0 0.6412037037037037 0.5493551587301587 0.04431216931216931 0.059027777777777776
0 0.7281746031746031 0.5285218253968254 0.046957671957671955 0.09573412698412699
0 0.6846891534391535 0.5303819444444444 0.044642857142857144 0.09796626984126984
0 0.7757936507936508 0.5279017857142857 0.046296296296296294 0.09647817460317461
0 0.8192791005291006 0.5280257936507936 0.04662698412698413 0.09623015873015874
0 0.859457671957672 0.5255456349206349 0.03902116402116402 0.09424603174603174
0 0.888558201058201 0.5233134920634921 0.03571428571428571 0.09275793650793651
0 0.6416997354497355 0.6532738095238095 0.045965608465608467 0.10367063492063493
0 0.6860119047619048 0.6516617063492064 0.045965608465608467 0.10441468253968254
0 0.7298280423280423 0.6500496031746031 0.046957671957671955 0.10317460317460317
0 0.7748015873015873 0.6479414682539683 0.04828042328042328 0.10044642857142858
0 0.8171296296296297 0.6486855158730159 0.046296296296296294 0.09945436507936507
0 0.8642526455026455 0.6460813492063492 0.04927248677248677 0.09771825396825397
0 0.8981481481481481 0.6409970238095238 0.031746031746031744 0.09151785714285714
0 0.9343584656084656 0.6390128968253969 0.04133597883597884 0.09300595238095238
0 0.9775132275132276 0.6398809523809523 0.041666666666666664 0.09474206349206349
0 0.611276455026455 0.7805059523809523 0.02943121693121693 0.09474206349206349
0 0.6555886243386243 0.7764136904761905 0.05191798941798942 0.0954861111111111
0 0.705191798941799 0.7736855158730159 0.050595238095238096 0.09350198412698413
0 0.7594246031746031 0.7683531746031746 0.04861111111111111 0.09027777777777778
0 0.906084656084656 0.7672371031746031 0.04298941798941799 0.0900297619047619
0 0.9573412698412699 0.7787698412698413 0.042328042328042326 0.057539682539682536
0 0.624834656084656 0.9104662698412699 0.04265873015873016 0.10416666666666667
0 0.6712962962962963 0.9145585317460317 0.04365079365079365 0.1029265873015873
0 0.7270171957671958 0.9009176587301587 0.04861111111111111 0.1029265873015873
0 0.7776124338624338 0.8985615079365079 0.04794973544973545 0.10069444444444445
0 0.8277116402116402 0.8978174603174603 0.0496031746031746 0.10317460317460317
0 0.8794642857142857 0.8960813492063492 0.049933862433862435 0.09474206349206349
0 0.9323743386243386 0.8940972222222222 0.05125661375661376 0.09573412698412699
0 0.9788359788359788 0.8927331349206349 0.03505291005291005 0.09895833333333333
