0 0.045965608465608467 0.10367063492063493 0.08134920634920635 0.13194444444444445
0 0.13839285714285715 0.10577876984126984 0.09623015873015874 0.12921626984126985
0 0.238260582010582 0.10466269841269842 0.1087962962962963 0.13640873015873015
0 0.34656084656084657 0.10838293650793651 0.09986772486772487 0.13442460317460317
0 0.4540343915343915 0.10962301587301587 0.10251322751322751 0.1378968253968254
0 0.5462962962962963 0.12475198412698413 0.06415343915343916 0.11061507936507936
0 0.626984126984127 0.11359126984126984 0.06746031746031746 0.13541666666666666
0 0.6939484126984127 0.11619543650793651 0.06448412698412699 0.13120039682539683
0 0.7585978835978836 0.11681547619047619 0.06481481481481481 0.13194444444444445
0 0.810515873015873 0.1281001984126984 0.04894179894179894 0.11235119047619048
0 0.8659060846560847 0.12872023809523808 0.060515873015873016 0.11259920634920635
0 0.9037698412698413 0.2955109126984127 0.05555555555555555 0.11334325396825397
0 0.8485449735449735 0.2945188492063492 0.05886243386243386 0.1158234126984127
0 0.7905092592592593 0.2945188492063492 0.05720899470899471 0.11631944444444445
0 0.7329695767195767 0.2931547619047619 0.059854497354497355 0.11507936507936507
0 0.6732804232804233 0.2916666666666667 0.05886243386243386 0.11805555555555555
0 0.6142526455026455 0.2914186507936508 0.06117724867724868 0.1185515873015873
0 0.5535714285714286 0.2925347222222222 0.05886243386243386 0.11681547619047619
0 0.48991402116402116 0.28422619047619047 0.06646825396825397 0.1349206349206349
0 0.41451719576719576 0.28249007936507936 0.07771164021164022 0.13442460317460317
0 0.33978174603174605 0.2829861111111111 0.07837301587301587 0.1314484126984127
0 0.2501653439153439 0.28000992063492064 0.07374338624338625 0.13392857142857142
0 0.1800595238095238 0.29117063492063494 0.07175925925925926 0.11061507936507936
0 0.033234126984126984 0.2776537698412698 0.06382275132275132 0.13616071428571427
0 0.10449735449735449 0.27839781746031744 0.0787037037037037 0.13516865079365079
0 0.05935846560846561 0.4505208333333333 0.06779100529100529 0.12375992063492064
0 0.12367724867724868 0.45089285714285715 0.046957671957671955 0.1185515873015873
0 0.1701388888888889 0.45014880952380953 0.05125661375661376 0.12301587301587301
0 0.2359457671957672 0.4496527777777778 0.05720899470899471 0.11706349206349206
0 0.2962962962962963 0.4490327380952381 0.06613756613756613 0.12078373015873016
0 0.3601190476190476 0.4489087301587302 0.061507936507936505 0.12103174603174603
0 0.42857142857142855 0.4525049603174603 0.062169312169312166 0.12028769841269842
0 0.49421296296296297 0.4505208333333333 0.05588624338624339 0.11383928571428571
0 0.5496031746031746 0.45275297619047616 0.0582010582010582 0.11731150793650794
0 0.6109457671957672 0.45275297619047616 0.05853174603174603 0.1158234126984127
0 0.6688161375661376 0.4521329365079365 0.05853174603174603 0.11557539682539683
0 0.7278439153439153 0.4522569444444444 0.056878306878306875 0.1158234126984127
0 0.7895171957671958 0.45275297619047616 0.060515873015873016 0.11532738095238096
0 0.8467261904761905 0.4521329365079365 0.055224867724867725 0.11507936507936507
0 0.904431216931217 0.4525049603174603 0.0582010582010582 0.11780753968253968
0 0.9580026455026455 0.45275297619047616 0.0496031746031746 0.11383928571428571
0 0.040013227513227514 0.5943700396825397 0.0787037037037037 0.109375
0 0.1195436507936508 0.5933779761904762 0.08961640211640212 0.11433531746031746
0 0.3801256613756614 0.5863095238095238 0.07837301587301587 0.10863095238095238
0 0.4634589947089947 0.5886656746031746 0.08895502645502645 0.11334325396825397
0 0.552744708994709 0.5869295634920635 0.054563492063492064 0.10987103174603174
0 0.6069775132275133 0.5858134920634921 0.05257936507936508 0.11011904761904762
0 0.66005291005291 0.5850694444444444 0.056878306878306875 0.11259920634920635
0 0.7182539682539683 0.5861855158730159 0.056216931216931214 0.11235119047619048
0 0.7748015873015873 0.5865575396825397 0.056878306878306875 0.11259920634920635
0 0.8376322751322751 0.5858134920634921 0.05291005291005291 0.11557539682539683
0 0.8908730158730159 0.5851934523809523 0.05357142857142857 0.11086309523809523
0 0.947255291005291 0.5868055555555556 0.05588624338624339 0.10962301587301587
0 0.03902116402116402 0.7352430555555556 0.046296296296296294 0.10243055555555555
0 0.08664021164021164 0.7349950396825397 0.046957671957671955 0.09945436507936507
0 0.13690476190476192 0.7328869047619048 0.046296296296296294 0.10069444444444445
0 0.1863425925925926 0.7317708333333334 0.04927248677248677 0.09846230158730158
0 0.23528439153439154 0.7306547619047619 0.045304232804232805 0.09970238095238096
0 0.28406084656084657 0.7297867063492064 0.04431216931216931 0.09945436507936507
0 0.3427579365079365 0.7300347222222222 0.045304232804232805 0.09995039682539683
0 0.37433862433862436 0.7232142857142857 0.031746031746031744 0.09672619047619048
0 0.4095568783068783 0.7247023809523809 0.04398148148148148 0.09871031746031746
0 0.47800925925925924 0.7249503968253969 0.06183862433862434 0.09821428571428571
0 0.5436507936507936 0.734375 0.04298941798941799 0.0882936507936508
0 0.6182208994708994 0.7273065476190477 0.04662698412698413 0.08655753968253968
0 0.6585648148148148 0.7244543650793651 0.034722222222222224 0.08085317460317461
0 0.7091600529100529 0.7253224206349206 0.036044973544973546 0.0845734126984127
0 0.748181216931217 0.7269345238095238 0.044642857142857144 0.0873015873015873
0 0.7977843915343915 0.7234623015873016 0.045304232804232805 0.08928571428571429
0 0.8465608465608465 0.7250744047619048 0.042328042328042326 0.08705357142857142
0 0.8892195767195767 0.7249503968253969 0.04431216931216931 0.08680555555555555
0 0.933531746031746 0.7255704365079365 0.046957671957671955 0.08754960317460317
0 0.9761904761904762 0.7234623015873016 0.04034391534391534 0.08482142857142858
0 0.042328042328042326 0.8639632936507936 0.04298941798941799 0.1029265873015873
0 0.08597883597883597 0.8663194444444444 0.04894179894179894 0.10416666666666667
0 0.14054232804232805 0.8521825396825397 0.03505291005291005 0.09424603174603174
0 0.17956349206349206 0.8628472222222222 0.04431216931216931 0.10367063492063493
0 0.22288359788359788 0.8629712301587301 0.042328042328042326 0.10193452380952381
0 0.2706679894179894 0.8637152777777778 0.04728835978835979 0.10193452380952381
0 0.328042328042328 0.8596230158730159 0.046296296296296294 0.1001984126984127
0 0.39732142857142855 0.8547867063492064 0.045965608465608467 0.10094246031746032
0 0.4419642857142857 0.8469742063492064 0.05720899470899471 0.08531746031746032
0 0.5061177248677249 0.8458581349206349 0.06712962962962964 0.09052579365079365
0 0.5628306878306878 0.8542906746031746 0.046296296296296294 0.08606150793650794
0 0.6081349206349206 0.8550347222222222 0.04828042328042328 0.09102182539682539
0 0.6583994708994709 0.8545386904761905 0.05092592592592592 0.08953373015873016
0 0.7061838624338624 0.8509424603174603 0.04332010582010582 0.08680555555555555
0 0.75 0.8487103174603174 0.04497354497354497 0.08978174603174603
0 0.7954695767195767 0.8482142857142857 0.045304232804232805 0.08878968253968254
0 0.841765873015873 0.8520585317460317 0.045304232804232805 0.08953373015873016
0 0.8862433862433863 0.8509424603174603 0.047619047619047616 0.08928571428571429
0 0.9222883597883598 0.845734126984127 0.031746031746031744 0.08482142857142858
0 0.9609788359788359 0.8459821428571429 0.03968253968253968 0.08878968253968254
