0 0.11243386243386243 0.20151289682539683 0.08465608465608465 0.11681547619047619
0 0.03356481481481482 0.20052083333333334 0.06646825396825397 0.11929563492063493
0 0.20552248677248677 0.20064484126984128 0.09953703703703703 0.12202380952380952
0 0.30869708994708994 0.20424107142857142 0.09623015873015874 0.1212797619047619
0 0.4080687830687831 0.20548115079365079 0.09854497354497355 0.12375992063492064
0 0.4991732804232804 0.22036210317460317 0.05654761904761905 0.10143849206349206
0 0.5737433862433863 0.21044146825396826 0.061507936507936505 0.1212797619047619
0 0.6340939153439153 0.2119295634920635 0.06117724867724868 0.11979166666666667
0 0.6947751322751323 0.21453373015873015 0.062169312169312166 0.11507936507936507
0 0.7470238095238095 0.22420634920634921 0.04563492063492063 0.09970238095238096
0 0.7979497354497355 0.22457837301587302 0.05555555555555555 0.10044642857142858
0 0.8568121693121693 0.21800595238095238 0.06283068783068783 0.11607142857142858
0 0.9368386243386243 0.22023809523809523 0.056216931216931214 0.11755952380952381
0 0.07060185185185185 0.35974702380952384 0.07506613756613757 0.12524801587301587
0 0.1453373015873016 0.37041170634920634 0.06712962962962964 0.10491071428571429
0 0.21412037037037038 0.361359126984127 0.06712962962962964 0.12549603174603174
0 0.29811507936507936 0.3635912698412698 0.06911375661375661 0.12301587301587301
0 0.3688822751322751 0.3635912698412698 0.0710978835978836 0.125
0 0.4398148148148148 0.3648313492063492 0.0701058201058201 0.125
0 0.5009920634920635 0.37214781746031744 0.05489417989417989 0.11086309523809523
0 0.5598544973544973 0.37177579365079366 0.056216931216931214 0.11011904761904762
0 0.6175595238095238 0.3722718253968254 0.055224867724867725 0.11259920634920635
0 0.673776455026455 0.3741319444444444 0.05787037037037037 0.109375
0 0.7291666666666666 0.3733878968253968 0.05357142857142857 0.11086309523809523
0 0.7838955026455027 0.37686011904761907 0.05720899470899471 0.10739087301587301
0 0.8382936507936508 0.375 0.056878306878306875 0.1111111111111111
0 0.8948412698412699 0.37524801587301587 0.056878306878306875 0.10912698412698413
0 0.9494047619047619 0.37648809523809523 0.052248677248677246 0.11011904761904762
0 0.027777777777777776 0.5221974206349206 0.047619047619047616 0.11830357142857142
0 0.08085317460317461 0.5217013888888888 0.045965608465608467 0.11681547619047619
0 0.12648809523809523 0.5219494047619048 0.050595238095238096 0.11879960317460317
0 0.19262566137566137 0.5230654761904762 0.05654761904761905 0.11607142857142858
0 0.25148809523809523 0.5220734126984127 0.06117724867724868 0.11805555555555555
0 0.3143187830687831 0.5213293650793651 0.06316137566137567 0.11805555555555555
0 0.3816137566137566 0.5221974206349206 0.05886243386243386 0.1158234126984127
0 0.44460978835978837 0.5234375 0.05654761904761905 0.11334325396825397
0 0.5003306878306878 0.5262896825396826 0.05555555555555555 0.11557539682539683
0 0.5580357142857143 0.5256696428571429 0.05654761904761905 0.11235119047619048
0 0.6159060846560847 0.5267857142857143 0.05787037037037037 0.1130952380952381
0 0.6736111111111112 0.5260416666666666 0.0582010582010582 0.1130952380952381
0 0.7334656084656085 0.5257936507936508 0.05952380952380952 0.1130952380952381
0 0.7896825396825397 0.5266617063492064 0.05423280423280423 0.11383928571428571
0 0.8458994708994709 0.5264136904761905 0.0582010582010582 0.11284722222222222
0 0.8991402116402116 0.5271577380952381 0.05026455026455026 0.1148313492063492
0 0.9485780423280423 0.5409226190476191 0.04861111111111111 0.08531746031746032
0 0.9836309523809523 0.5412946428571429 0.026785714285714284 0.08556547619047619
0 0.074239417989418 0.6653025793650794 0.08366402116402116 0.11433531746031746
0 0.33201058201058203 0.6576140873015873 0.07738095238095238 0.11036706349206349
0 0.41220238095238093 0.6613343253968254 0.09093915343915344 0.11086309523809523
0 0.4998346560846561 0.6598462301587301 0.05654761904761905 0.11185515873015874
0 0.5560515873015873 0.6592261904761905 0.054563492063492064 0.11408730158730158
0 0.611276455026455 0.6586061507936508 0.054563492063492064 0.11284722222222222
0 0.6663359788359788 0.6583581349206349 0.056878306878306875 0.11334325396825397
0 0.7242063492063492 0.6578621031746031 0.05555555555555555 0.1148313492063492
0 0.7838955026455027 0.6589781746031746 0.054563492063492064 0.11359126984126984
0 0.8401124338624338 0.6595982142857143 0.0539021164021164 0.11433531746031746
0 0.8953373015873016 0.6612103174603174 0.05588624338624339 0.10912698412698413
0 0.9525462962962963 0.662078373015873 0.05720899470899471 0.10887896825396826
0 0.02662037037037037 0.8090277777777778 0.045965608465608467 0.1056547619047619
0 0.07738095238095238 0.8076636904761905 0.047619047619047616 0.10540674603174603
0 0.1284722222222222 0.8059275793650794 0.04728835978835979 0.10590277777777778
0 0.17906746031746032 0.8055555555555556 0.04332010582010582 0.10515873015873016
0 0.22817460317460317 0.8054315476190477 0.04497354497354497 0.10441468253968254
0 0.28703703703703703 0.8055555555555556 0.04431216931216931 0.10218253968253968
0 0.3566468253968254 0.8004712301587301 0.0419973544973545 0.1029265873015873
0 0.4270833333333333 0.8018353174603174 0.06117724867724868 0.10218253968253968
0 0.49074074074074076 0.810515873015873 0.04365079365079365 0.09176587301587301
0 0.5707671957671958 0.8044394841269841 0.04563492063492063 0.09052579365079365
0 0.6106150793650794 0.7998511904761905 0.03802910052910053 0.08531746031746032
0 0.6620370370370371 0.8014632936507936 0.03571428571428571 0.0920138888888889
0 0.7013888888888888 0.8054315476190477 0.04298941798941799 0.09151785714285714
0 0.7523148148148148 0.8038194444444444 0.047619047619047616 0.08978174603174603
0 0.7984457671957672 0.802703373015873 0.04662698412698413 0.09151785714285714
0 0.84375 0.802703373015873 0.04728835978835979 0.09151785714285714
0 0.8897156084656085 0.8035714285714286 0.045965608465608467 0.09275793650793651
0 0.9323743386243386 0.8036954365079365 0.03935185185185185 0.08556547619047619
0 0.970568783068783 0.8002232142857143 0.037698412698412696 0.08754960317460317
0 0.021494708994708994 0.9432043650793651 0.037698412698412696 0.10218253968253968
0 0.07242063492063493 0.9361359126984127 0.03505291005291005 0.10143849206349206
0 0.11160714285714286 0.9424603174603174 0.04265873015873016 0.10317460317460317
0 0.15691137566137567 0.9428323412698413 0.04662698412698413 0.1029265873015873
0 0.20651455026455026 0.9423363095238095 0.05191798941798942 0.1039186507936508
0 0.26339285714285715 0.9419642857142857 0.045304232804232805 0.10267857142857142
0 0.3374669312169312 0.9396081349206349 0.045965608465608467 0.10838293650793651
0 0.38508597883597884 0.9321676587301587 0.05787037037037037 0.0954861111111111
0 0.4525462962962963 0.9310515873015873 0.06779100529100529 0.1001984126984127
0 0.5095899470899471 0.9387400793650794 0.04497354497354497 0.09573412698412699
0 0.5565476190476191 0.9407242063492064 0.046296296296296294 0.09672619047619048
0 0.6127645502645502 0.9399801587301587 0.04563492063492063 0.09573412698412699
0 0.658068783068783 0.9377480158730159 0.046957671957671955 0.09474206349206349
0 0.7035383597883598 0.9361359126984127 0.045965608465608467 0.09598214285714286
0 0.7504960317460317 0.9361359126984127 0.045965608465608467 0.09796626984126984
0 0.798941798941799 0.9402281746031746 0.0496031746031746 0.09523809523809523
0 0.845734126984127 0.9389880952380952 0.04398148148148148 0.09623015873015874
0 0.8809523809523809 0.9320436507936508 0.037037037037037035 0.09623015873015874
0 0.9201388888888888 0.9327876984126984 0.045304232804232805 0.09821428571428571
0 0.9684193121693122 0.9319196428571429 0.04927248677248677 0.09300595238095238
