0 0.03819444444444445 0.059647817460317464 0.06646825396825397 0.09995039682539683
0 0.11011904761904762 0.06770833333333333 0.07407407407407407 0.09821428571428571
0 0.18733465608465608 0.08122519841269842 0.06712962962962964 0.08010912698412699
0 0.2908399470899471 0.06684027777777778 0.06911375661375661 0.12624007936507936
0 0.34375 0.08010912698412699 0.05654761904761905 0.1076388888888889
0 0.41352513227513227 0.07700892857142858 0.07308201058201058 0.12921626984126985
0 0.4689153439153439 0.09126984126984126 0.046296296296296294 0.10863095238095238
0 0.5186838624338624 0.08680555555555555 0.054563492063492064 0.12301587301587301
0 0.02943121693121693 0.22061011904761904 0.05423280423280423 0.13566468253968253
0 0.10185185185185185 0.22420634920634921 0.07341269841269842 0.13343253968253968
0 0.17410714285714285 0.22891865079365079 0.06977513227513228 0.12748015873015872
0 0.24421296296296297 0.2465277777777778 0.06911375661375661 0.09722222222222222
0 0.3100198412698413 0.2347470238095238 0.06646825396825397 0.12425595238095238
0 0.3759920634920635 0.23623511904761904 0.06878306878306878 0.12723214285714285
0 0.44113756613756616 0.24206349206349206 0.06415343915343916 0.12152777777777778
0 0.5033068783068783 0.24776785714285715 0.062169312169312166 0.11656746031746032
0 0.558531746031746 0.2552083333333333 0.05357142857142857 0.10416666666666667
0 0.030753968253968252 0.412078373015873 0.05886243386243386 0.09598214285714286
0 0.1023478835978836 0.38777281746031744 0.07572751322751323 0.14310515873015872
0 0.1787367724867725 0.39050099206349204 0.0763888888888889 0.13516865079365079
0 0.2961309523809524 0.39099702380952384 0.06911375661375661 0.13268849206349206
0 0.2414021164021164 0.39533730158730157 0.05357142857142857 0.12748015873015872
0 0.39467592592592593 0.39099702380952384 0.06911375661375661 0.13020833333333334
0 0.4593253968253968 0.39025297619047616 0.06613756613756613 0.12822420634920634
0 0.5231481481481481 0.39087301587301587 0.06349206349206349 0.12648809523809523
0 0.5868055555555556 0.3922371031746032 0.06448412698412699 0.12078373015873016
0 0.6507936507936508 0.3501984126984127 0.06018518518518518 0.1195436507936508
0 0.049933862433862435 0.5463789682539683 0.05952380952380952 0.11408730158730158
0 0.10714285714285714 0.5456349206349206 0.05489417989417989 0.11210317460317461
0 0.16352513227513227 0.5435267857142857 0.05588624338624339 0.11235119047619048
0 0.21792328042328044 0.5412946428571429 0.05357142857142857 0.10739087301587301
0 0.2681878306878307 0.5364583333333334 0.05092592592592592 0.10317460317460317
0 0.31398809523809523 0.5305059523809523 0.04794973544973545 0.09523809523809523
0 0.3708664021164021 0.5362103174603174 0.05125661375661376 0.10218253968253968
0 0.4201388888888889 0.5538194444444444 0.04794973544973545 0.062003968253968256
0 0.4705687830687831 0.5318700396825397 0.046957671957671955 0.09945436507936507
0 0.5138888888888888 0.5300099206349206 0.04497354497354497 0.10168650793650794
0 0.5578703703703703 0.5287698412698413 0.046296296296296294 0.09970238095238096
0 0.6010251322751323 0.5270337301587301 0.04265873015873016 0.1001984126984127
0 0.0582010582010582 0.6873759920634921 0.057539682539682536 0.11334325396825397
0 0.11359126984126984 0.6826636904761905 0.05787037037037037 0.1158234126984127
0 0.16683201058201058 0.6794394841269841 0.05191798941798942 0.11334325396825397
0 0.22916666666666666 0.6744791666666666 0.051587301587301584 0.10739087301587301
0 0.27761243386243384 0.6666666666666666 0.04861111111111111 0.10218253968253968
0 0.32242063492063494 0.6625744047619048 0.046957671957671955 0.10044642857142858
0 0.36904761904761907 0.6618303571428571 0.05026455026455026 0.1029265873015873
0 0.41865079365079366 0.6546378968253969 0.042328042328042326 0.0974702380952381
0 0.4546957671957672 0.6488095238095238 0.03571428571428571 0.08978174603174603
0 0.49107142857142855 0.6505456349206349 0.04298941798941799 0.09672619047619048
0 0.5383597883597884 0.644469246031746 0.04365079365079365 0.08754960317460317
0 0.595734126984127 0.6438492063492064 0.040674603174603176 0.09176587301587301
0 0.03802910052910053 0.8304811507936508 0.06547619047619048 0.10838293650793651
0 0.11226851851851852 0.8194444444444444 0.06712962962962964 0.10466269841269842
0 0.2835648148148148 0.8227926587301587 0.055224867724867725 0.061755952380952384
0 0.3412698412698413 0.7967509920634921 0.051587301587301584 0.09647817460317461
0 0.3956679894179894 0.7907986111111112 0.0539021164021164 0.09895833333333333
0 0.44675925925925924 0.7828621031746031 0.047619047619047616 0.09499007936507936
0 0.49851190476190477 0.7775297619047619 0.05125661375661376 0.09474206349206349
0 0.5504298941798942 0.7715773809523809 0.04927248677248677 0.09375
0 0.5987103174603174 0.7669890873015873 0.045965608465608467 0.09052579365079365
0 0.04927248677248677 0.9557291666666666 0.06018518518518518 0.08110119047619048
0 0.11210317460317461 0.9561011904761905 0.06349206349206349 0.08382936507936507
0 0.17410714285714285 0.9513888888888888 0.06183862433862434 0.09275793650793651
0 0.23776455026455026 0.9485367063492064 0.0582010582010582 0.09895833333333333
0 0.2962962962962963 0.9434523809523809 0.056878306878306875 0.10367063492063493
0 0.35813492063492064 0.9360119047619048 0.056216931216931214 0.10119047619047619
0 0.43353174603174605 0.9172867063492064 0.09457671957671958 0.12723214285714285
0 0.5360449735449735 0.8994295634920635 0.09788359788359788 0.12425595238095238
0 0.7132936507936508 0.35106646825396826 0.06481481481481481 0.11731150793650794
0 0.7736441798941799 0.3521825396825397 0.0625 0.11359126984126984
0 0.8344907407407407 0.35193452380952384 0.06382275132275132 0.11507936507936507
0 0.894510582010582 0.35441468253968256 0.05952380952380952 0.10664682539682539
0 0.9503968253968254 0.35478670634920634 0.0582010582010582 0.10788690476190477
0 0.6496362433862434 0.5367063492063492 0.06183862433862434 0.11607142857142858
0 0.7127976190476191 0.5348462301587301 0.06316137566137567 0.1148313492063492
0 0.7718253968253969 0.5311259920634921 0.05952380952380952 0.11135912698412699
0 0.8326719576719577 0.5293898809523809 0.06018518518518518 0.10987103174603174
0 0.8912037037037037 0.5270337301587301 0.06018518518518518 0.10813492063492064
0 0.9454365079365079 0.5257936507936508 0.05357142857142857 0.10714285714285714
0 0.9847883597883598 0.5244295634920635 0.02513227513227513 0.10044642857142858
0 0.6547619047619048 0.6946924603174603 0.06018518518518518 0.11706349206349206
0 0.7166005291005291 0.6881200396825397 0.06084656084656084 0.11433531746031746
0 0.7764550264550265 0.6824156746031746 0.0582010582010582 0.11135912698412699
0 0.6701388888888888 0.8696676587301587 0.06779100529100529 0.12574404761904762
0 0.7357804232804233 0.8623511904761905 0.06481481481481481 0.1185515873015873
0 0.796957671957672 0.8532986111111112 0.06415343915343916 0.1212797619047619
0 0.8601190476190477 0.84375 0.06084656084656084 0.11755952380952381
0 0.9163359788359788 0.8345734126984127 0.061507936507936505 0.11507936507936507
0 0.833994708994709 0.6793154761904762 0.0582010582010582 0.10962301587301587
0 0.8870701058201058 0.6736111111111112 0.05324074074074074 0.11011904761904762
0 0.9363425925925926 0.6684027777777778 0.050595238095238096 0.10912698412698413
0 0.980489417989418 0.6630704365079365 0.03373015873015873 0.10639880952380952
0 0.9675925925925926 0.8231646825396826 0.05555555555555555 0.1076388888888889
0 0.8369708994708994 0.1762152777777778 0.07804232804232804 0.12028769841269842
0 0.6727843915343915 0.15476190476190477 0.09424603174603174 0.15029761904761904
0 0.7632275132275133 0.16282242063492064 0.08796296296296297 0.14260912698412698
0 0.9436177248677249 0.17782738095238096 0.08961640211640212 0.13194444444444445
