3 0.1111111111111111 0.09164186507936507 0.07605820105820106 0.10689484126984126
3 0.18601190476190477 0.09499007936507936 0.07506613756613757 0.1001984126984127
3 0.1078042328042328 0.18588789682539683 0.07407407407407407 0.09449404761904762
3 0.1863425925925926 0.1878720238095238 0.0763888888888889 0.09647817460317461
3 0.26008597883597884 0.1871279761904762 0.07374338624338625 0.09350198412698413
3 0.27199074074074076 0.1154513888888889 0.06117724867724868 0.07713293650793651
3 0.3333333333333333 0.11160714285714286 0.06547619047619048 0.07688492063492064
3 0.3308531746031746 0.18874007936507936 0.06845238095238096 0.08630952380952381
3 0.4017857142857143 0.18687996031746032 0.07208994708994709 0.09102182539682539
3 0.40029761904761907 0.10813492063492064 0.06382275132275132 0.07142857142857142
3 0.4695767195767196 0.09250992063492064 0.06944444444444445 0.10218253968253968
3 0.47255291005291006 0.18762400793650794 0.0701058201058201 0.0920138888888889
3 0.5396825396825397 0.09126984126984126 0.06944444444444445 0.10168650793650794
3 0.5421626984126984 0.1865079365079365 0.06779100529100529 0.09176587301587301
3 0.6101190476190477 0.09226190476190477 0.0667989417989418 0.09970238095238096
3 0.6106150793650794 0.1875 0.06712962962962964 0.09226190476190477
3 0.6784060846560847 0.09300595238095238 0.06646825396825397 0.0992063492063492
3 0.6802248677248677 0.18638392857142858 0.06746031746031746 0.09102182539682539
3 0.7478505291005291 0.09399801587301587 0.0710978835978836 0.10218253968253968
3 0.749834656084656 0.18687996031746032 0.07043650793650794 0.08854166666666667
3 0.8217592592592593 0.18563988095238096 0.06944444444444445 0.09399801587301587
3 0.8192791005291006 0.08990575396825397 0.07043650793650794 0.09995039682539683
3 0.890542328042328 0.08816964285714286 0.06746031746031746 0.10044642857142858
3 0.892526455026455 0.18353174603174602 0.0701058201058201 0.09523809523809523
3 0.9578373015873016 0.08742559523809523 0.06712962962962964 0.1029265873015873
3 0.9608134920634921 0.18377976190476192 0.06977513227513228 0.09424603174603174
3 0.12218915343915344 0.43526785714285715 0.0539021164021164 0.09623015873015874
3 0.18468915343915343 0.4339037698412698 0.07837301587301587 0.10243055555555555
3 0.2662037037037037 0.4324156746031746 0.07341269841269842 0.10094246031746032
3 0.3394510582010582 0.4324156746031746 0.06977513227513228 0.09499007936507936
3 0.40691137566137564 0.43526785714285715 0.06514550264550265 0.09275793650793651
3 0.416005291005291 0.3454861111111111 0.06613756613756613 0.08680555555555555
3 0.4783399470899471 0.43427579365079366 0.06316137566137567 0.0873015873015873
3 0.5391865079365079 0.3492063492063492 0.060515873015873016 0.08531746031746032
3 0.6001984126984127 0.3478422619047619 0.061507936507936505 0.08754960317460317
3 0.5398478835978836 0.4358878968253968 0.0625 0.08804563492063493
3 0.6033399470899471 0.43439980158730157 0.06117724867724868 0.08754960317460317
3 0.6838624338624338 0.427703373015873 0.06878306878306878 0.09796626984126984
3 0.669973544973545 0.33742559523809523 0.06084656084656084 0.08754960317460317
3 0.7557870370370371 0.3294890873015873 0.06911375661375661 0.09598214285714286
3 0.7554563492063492 0.4283234126984127 0.07308201058201058 0.10069444444444445
3 0.826058201058201 0.4269593253968254 0.0667989417989418 0.09995039682539683
3 0.8239087301587301 0.32924107142857145 0.06712962962962964 0.09647817460317461
3 0.892526455026455 0.3306051587301587 0.07142857142857142 0.09722222222222222
3 0.8935185185185185 0.4283234126984127 0.06812169312169312 0.0992063492063492
3 0.9427910052910053 0.4289434523809524 0.041005291005291 0.09449404761904762
3 0.15112433862433863 0.6655505952380952 0.06812169312169312 0.09796626984126984
3 0.21792328042328044 0.6619543650793651 0.07076719576719577 0.0992063492063492
3 0.2843915343915344 0.6574900793650794 0.06283068783068783 0.09722222222222222
3 0.34507275132275134 0.6624503968253969 0.06448412698412699 0.09672619047619048
3 0.34209656084656087 0.5699404761904762 0.06514550264550265 0.09325396825396826
3 0.40790343915343913 0.5721726190476191 0.06845238095238096 0.09523809523809523
3 0.40988756613756616 0.6702628968253969 0.07242063492063493 0.09895833333333333
3 0.476521164021164 0.5706845238095238 0.07275132275132275 0.09573412698412699
3 0.4794973544973545 0.6686507936507936 0.07076719576719577 0.10267857142857142
3 0.546957671957672 0.5665922619047619 0.07076719576719577 0.09796626984126984
3 0.5504298941798942 0.6672867063492064 0.07242063492063493 0.10342261904761904
3 0.6139219576719577 0.5679563492063492 0.0710978835978836 0.09375
3 0.6167328042328042 0.6659226190476191 0.06812169312169312 0.10367063492063493
3 0.6871693121693122 0.6639384920634921 0.06944444444444445 0.09970238095238096
3 0.68369708994709 0.5679563492063492 0.06977513227513228 0.09623015873015874
3 0.7410714285714286 0.5606398809523809 0.056878306878306875 0.08556547619047619
3 0.8039021164021164 0.5625 0.06746031746031746 0.08878968253968254
3 0.8047288359788359 0.6516617063492064 0.06911375661375661 0.0920138888888889
3 0.7437169312169312 0.6500496031746031 0.05357142857142857 0.09176587301587301
3 0.927744708994709 0.6468253968253969 0.06779100529100529 0.09623015873015874
3 0.8930224867724867 0.5548115079365079 0.059854497354497355 0.08382936507936507
3 0.11011904761904762 0.9248511904761905 0.06613756613756613 0.09771825396825397
3 0.18501984126984128 0.9241071428571429 0.06911375661375661 0.1001984126984127
3 0.25892857142857145 0.9223710317460317 0.07142857142857142 0.09623015873015874
3 0.10747354497354497 0.8270089285714286 0.07341269841269842 0.09796626984126984
3 0.17956349206349206 0.8246527777777778 0.07076719576719577 0.10069444444444445
3 0.2508267195767196 0.8205605158730159 0.07175925925925926 0.09895833333333333
3 0.3263888888888889 0.8177083333333334 0.07407407407407407 0.09771825396825397
3 0.328042328042328 0.9157986111111112 0.07539682539682539 0.09598214285714286
3 0.398478835978836 0.9119543650793651 0.06613756613756613 0.10119047619047619
3 0.47007275132275134 0.9099702380952381 0.06911375661375661 0.09821428571428571
3 0.46908068783068785 0.8129960317460317 0.06712962962962964 0.09573412698412699
3 0.39715608465608465 0.8173363095238095 0.06878306878306878 0.0974702380952381
3 0.5348875661375662 0.808531746031746 0.06316137566137567 0.09226190476190477
3 0.535218253968254 0.9019097222222222 0.05720899470899471 0.0900297619047619
3 0.6033399470899471 0.9007936507936508 0.06779100529100529 0.09523809523809523
3 0.6701388888888888 0.8994295634920635 0.06580687830687831 0.09895833333333333
3 0.6722883597883598 0.8059275793650794 0.0667989417989418 0.09350198412698413
3 0.6016865079365079 0.8072916666666666 0.06646825396825397 0.09325396825396826
3 0.7390873015873016 0.8046875 0.06415343915343916 0.09399801587301587
3 0.7392526455026455 0.8974454365079365 0.06580687830687831 0.09647817460317461
3 0.80869708994709 0.8022073412698413 0.06712962962962964 0.09449404761904762
3 0.8078703703703703 0.8963293650793651 0.0667989417989418 0.09573412698412699
3 0.8774801587301587 0.8012152777777778 0.06845238095238096 0.09895833333333333
3 0.8756613756613757 0.8953373015873016 0.06415343915343916 0.09523809523809523
3 0.9528769841269841 0.7991071428571429 0.07043650793650794 0.09474206349206349
3 0.9454365079365079 0.8922371031746031 0.06349206349206349 0.09300595238095238
