2 0.07390873015873016 0.2805059523809524 0.06845238095238096 0.10813492063492064
2 0.1421957671957672 0.2728174603174603 0.06613756613756613 0.11359126984126984
2 0.2152777777777778 0.26264880952380953 0.0787037037037037 0.1185515873015873
2 0.2977843915343915 0.25384424603174605 0.08167989417989419 0.11731150793650794
2 0.37632275132275134 0.24454365079365079 0.08267195767195767 0.11904761904761904
2 0.46147486772486773 0.22941468253968253 0.08564814814814815 0.13045634920634921
2 0.5444775132275133 0.21428571428571427 0.08101851851851852 0.14583333333333334
2 0.059027777777777776 0.43018353174603174 0.060515873015873016 0.11830357142857142
2 0.13707010582010581 0.42819940476190477 0.06646825396825397 0.12078373015873016
2 0.20734126984126985 0.4212549603174603 0.07142857142857142 0.1267361111111111
2 0.2875330687830688 0.4177827380952381 0.07175925925925926 0.12822420634920634
2 0.3627645502645503 0.4134424603174603 0.08068783068783068 0.13740079365079366
2 0.45436507936507936 0.4087301587301587 0.08597883597883597 0.1349206349206349
2 0.5431547619047619 0.39868551587301587 0.08035714285714286 0.15252976190476192
2 0.6228505291005291 0.3923611111111111 0.08564814814814815 0.16021825396825398
2 0.06398809523809523 0.5932539682539683 0.06448412698412699 0.10367063492063493
2 0.1357473544973545 0.6104910714285714 0.06977513227513228 0.07614087301587301
2 0.20949074074074073 0.6121031746031746 0.0625 0.07738095238095238
2 0.3019179894179894 0.5844494047619048 0.06613756613756613 0.13368055555555555
2 0.3792989417989418 0.5869295634920635 0.07671957671957672 0.13814484126984128
2 0.47453703703703703 0.5858134920634921 0.07738095238095238 0.1423611111111111
2 0.5534060846560847 0.581969246031746 0.07903439153439154 0.16294642857142858
2 0.6393849206349206 0.5814732142857143 0.08366402116402116 0.16790674603174602
2 0.07324735449735449 0.7281746031746031 0.059854497354497355 0.12698412698412698
2 0.1357473544973545 0.7318948412698413 0.0625 0.12698412698412698
2 0.19675925925925927 0.736359126984127 0.056878306878306875 0.1259920634920635
2 0.2594246031746032 0.7413194444444444 0.06779100529100529 0.13045634920634921
2 0.333994708994709 0.7468998015873016 0.07208994708994709 0.13467261904761904
2 0.3993055555555556 0.7513640873015873 0.06117724867724868 0.14012896825396826
2 0.47156084656084657 0.7619047619047619 0.07671957671957672 0.15079365079365079
2 0.5481150793650794 0.7601686507936508 0.08234126984126984 0.14831349206349206
2 0.6370701058201058 0.7678571428571429 0.09027777777777778 0.15178571428571427
2 0.06068121693121693 0.8751240079365079 0.06382275132275132 0.12524801587301587
2 0.12698412698412698 0.8812003968253969 0.0667989417989418 0.12450396825396826
2 0.19659391534391535 0.8909970238095238 0.06977513227513228 0.12822420634920634
2 0.2620701058201058 0.8994295634920635 0.05853174603174603 0.1267361111111111
2 0.4885912698412698 0.9237351190476191 0.08763227513227513 0.140625
2 0.5868055555555556 0.9314236111111112 0.09755291005291006 0.12624007936507936
2 0.7574404761904762 0.18725198412698413 0.1431878306878307 0.1388888888888889
2 0.9107142857142857 0.1687748015873016 0.16203703703703703 0.14211309523809523
2 0.9057539682539683 0.37611607142857145 0.16600529100529102 0.15649801587301587
2 0.7533068783068783 0.3890128968253968 0.14947089947089948 0.15550595238095238
2 0.7493386243386243 0.5875496031746031 0.14417989417989419 0.16567460317460317
2 0.9115410052910053 0.5858134920634921 0.16170634920634921 0.17162698412698413
2 0.927744708994709 0.7900545634920635 0.12996031746031747 0.17137896825396826
2 0.7754629629629629 0.779265873015873 0.15079365079365079 0.16666666666666666
2 0.7817460317460317 0.9403521825396826 0.15211640211640212 0.11086309523809523
