3 0.045304232804232805 0.2191220238095238 0.06415343915343916 0.09697420634920635
3 0.19560185185185186 0.20188492063492064 0.06646825396825397 0.11755952380952381
3 0.26025132275132273 0.20052083333333334 0.07076719576719577 0.11334325396825397
3 0.33548280423280424 0.20932539682539683 0.06316137566137567 0.09275793650793651
3 0.3933531746031746 0.20684523809523808 0.060515873015873016 0.09176587301587301
3 0.4523809523809524 0.20287698412698413 0.05952380952380952 0.09722222222222222
3 0.5099206349206349 0.20386904761904762 0.05952380952380952 0.09474206349206349
3 0.5697751322751323 0.20064484126984128 0.062169312169312166 0.09871031746031746
3 0.6301256613756614 0.19766865079365079 0.06183862433862434 0.0992063492063492
3 0.691468253968254 0.19469246031746032 0.06084656084656084 0.09970238095238096
3 0.7443783068783069 0.20114087301587302 0.052248677248677246 0.08581349206349206
3 0.8040674603174603 0.19828869047619047 0.060515873015873016 0.08606150793650794
3 0.0765542328042328 0.44246031746031744 0.06779100529100529 0.1423611111111111
3 0.12863756613756613 0.44072420634920634 0.05489417989417989 0.14037698412698413
3 0.18171296296296297 0.43774801587301587 0.060515873015873016 0.1453373015873016
3 0.23462301587301587 0.43539186507936506 0.05588624338624339 0.1470734126984127
3 0.28703703703703703 0.43266369047619047 0.0667989417989418 0.14856150793650794
3 0.3500330687830688 0.42981150793650796 0.06712962962962964 0.15228174603174602
3 0.4097222222222222 0.4290674603174603 0.061507936507936505 0.14930555555555555
3 0.47255291005291006 0.42981150793650796 0.06415343915343916 0.14285714285714285
3 0.53125 0.42919146825396826 0.05720899470899471 0.13764880952380953
3 0.5871362433862434 0.4270833333333333 0.05654761904761905 0.13839285714285715
3 0.6443452380952381 0.42472718253968256 0.0625 0.1416170634920635
3 0.701223544973545 0.42336309523809523 0.05720899470899471 0.13740079365079366
3 0.7820767195767195 0.4253472222222222 0.06084656084656084 0.1284722222222222
3 0.2048611111111111 0.6309523809523809 0.08432539682539683 0.14732142857142858
3 0.31828703703703703 0.6338045634920635 0.0710978835978836 0.14558531746031747
3 0.43683862433862436 0.6297123015873016 0.06613756613756613 0.15029761904761904
3 0.5395171957671958 0.6227678571428571 0.07308201058201058 0.14136904761904762
3 0.783068783068783 0.6216517857142857 0.06746031746031746 0.15004960317460317
3 0.8708664021164021 0.609375 0.0625 0.12748015873015872
3 0.7141203703703703 0.6080109126984127 0.06316137566137567 0.11929563492063493
3 0.6521164021164021 0.6099950396825397 0.06018518518518518 0.11731150793650794
3 0.5968915343915344 0.6108630952380952 0.04894179894179894 0.11755952380952381
3 0.1906415343915344 0.8473462301587301 0.07043650793650794 0.1331845238095238
3 0.2526455026455027 0.8389136904761905 0.05952380952380952 0.11979166666666667
3 0.31084656084656087 0.8381696428571429 0.06481481481481481 0.11929563492063493
3 0.3723544973544973 0.8351934523809523 0.05886243386243386 0.11284722222222222
3 0.43022486772486773 0.8333333333333334 0.062169312169312166 0.11210317460317461
3 0.4869378306878307 0.8332093253968254 0.05588624338624339 0.11284722222222222
3 0.5415013227513228 0.8365575396825397 0.054563492063492064 0.12351190476190477
3 0.5891203703703703 0.8700396825396826 0.07308201058201058 0.16964285714285715
3 0.6610449735449735 0.8433779761904762 0.0582010582010582 0.1371527777777778
3 0.720734126984127 0.8515625 0.07175925925925926 0.15550595238095238
3 0.7958002645502645 0.8859126984126984 0.07771164021164022 0.1840277777777778
3 0.8746693121693122 0.8850446428571429 0.08333333333333333 0.18377976190476192
3 0.9533730158730159 0.8857886904761905 0.08134920634920635 0.18526785714285715
