3 0.07572751322751323 0.21961805555555555 0.046296296296296294 0.0974702380952381
3 0.1164021164021164 0.21750992063492064 0.04497354497354497 0.09722222222222222
3 0.1714616402116402 0.21986607142857142 0.03935185185185185 0.08655753968253968
3 0.2088293650793651 0.2183779761904762 0.04133597883597884 0.08606150793650794
3 0.24735449735449735 0.21676587301587302 0.03968253968253968 0.08779761904761904
3 0.28587962962962965 0.2152777777777778 0.03736772486772487 0.08630952380952381
3 0.3245701058201058 0.21378968253968253 0.040674603174603176 0.08581349206349206
3 0.3697089947089947 0.2166418650793651 0.036375661375661374 0.07762896825396826
3 0.4105489417989418 0.21986607142857142 0.03736772486772487 0.06820436507936507
3 0.45023148148148145 0.22197420634920634 0.036044973544973546 0.05952380952380952
3 0.484292328042328 0.22073412698412698 0.03670634920634921 0.06001984126984127
3 0.5168650793650794 0.21019345238095238 0.037698412698412696 0.07762896825396826
3 0.5552248677248677 0.20969742063492064 0.04034391534391534 0.07862103174603174
3 0.59375 0.21143353174603174 0.036044973544973546 0.06969246031746032
3 0.6292989417989417 0.2105654761904762 0.037698412698412696 0.0689484126984127
3 0.6658399470899471 0.20944940476190477 0.03869047619047619 0.06820436507936507
3 0.7027116402116402 0.2078373015873016 0.03835978835978836 0.07043650793650794
3 0.7412367724867724 0.20548115079365079 0.040013227513227514 0.07118055555555555
3 0.7791005291005291 0.20399305555555555 0.03968253968253968 0.0716765873015873
3 0.8172949735449735 0.20337301587301587 0.04133597883597884 0.07192460317460317
3 0.8497023809523809 0.2058531746031746 0.0333994708994709 0.06398809523809523
3 0.8864087301587301 0.20362103174603174 0.04133597883597884 0.06597222222222222
3 0.09904100529100529 0.35615079365079366 0.0419973544973545 0.08878968253968254
3 0.1488095238095238 0.3550347222222222 0.041005291005291 0.08854166666666667
3 0.20618386243386244 0.35751488095238093 0.03802910052910053 0.08110119047619048
3 0.28521825396825395 0.3509424603174603 0.03869047619047619 0.0873015873015873
3 0.3169642857142857 0.35553075396825395 0.03273809523809524 0.08060515873015874
3 0.36689814814814814 0.35478670634920634 0.03406084656084656 0.078125
3 0.3966600529100529 0.3541666666666667 0.03009259259259259 0.07837301587301587
3 0.4269179894179894 0.3521825396825397 0.03902116402116402 0.08035714285714286
3 0.46130952380952384 0.3499503968253968 0.037698412698412696 0.08283730158730158
3 0.4957010582010582 0.3480902777777778 0.037037037037037035 0.0835813492063492
3 0.5305886243386243 0.34697420634920634 0.03670634920634921 0.08482142857142858
3 0.5666335978835979 0.34350198412698413 0.03935185185185185 0.08878968253968254
3 0.6028439153439153 0.3431299603174603 0.036375661375661374 0.08804563492063493
3 0.6390542328042328 0.3421378968253968 0.04133597883597884 0.08903769841269842
3 0.6727843915343915 0.3423859126984127 0.0333994708994709 0.08705357142857142
3 0.7073412698412699 0.3453621031746032 0.03571428571428571 0.08110119047619048
3 0.7422288359788359 0.34164186507936506 0.03802910052910053 0.08506944444444445
3 0.7815806878306878 0.3410218253968254 0.03869047619047619 0.08333333333333333
3 0.8149801587301587 0.3401537698412698 0.03802910052910053 0.08308531746031746
3 0.8678902116402116 0.34375 0.03273809523809524 0.07589285714285714
3 0.4123677248677249 0.4616815476190476 0.03968253968253968 0.08159722222222222
3 0.5234788359788359 0.46279761904761907 0.041005291005291 0.0873015873015873
3 0.5902777777777778 0.46044146825396826 0.03835978835978836 0.08903769841269842
3 0.6608796296296297 0.45907738095238093 0.040674603174603176 0.08978174603174603
3 0.718584656084656 0.458953373015873 0.04365079365079365 0.09151785714285714
3 0.7809193121693122 0.4583333333333333 0.03736772486772487 0.08333333333333333
3 0.8172949735449735 0.45622519841269843 0.03736772486772487 0.08556547619047619
3 0.8650793650793651 0.45622519841269843 0.041666666666666664 0.08903769841269842
3 0.921957671957672 0.45461309523809523 0.037037037037037035 0.08680555555555555
3 0.09639550264550265 0.6176835317460317 0.0419973544973545 0.09350198412698413
3 0.13392857142857142 0.6150793650793651 0.05092592592592592 0.09226190476190477
3 0.1843584656084656 0.6044146825396826 0.04133597883597884 0.0882936507936508
3 0.22172619047619047 0.6028025793650794 0.04332010582010582 0.09102182539682539
3 0.2638888888888889 0.5946180555555556 0.042328042328042326 0.08606150793650794
3 0.30076058201058203 0.5918898809523809 0.036044973544973546 0.08308531746031746
3 0.33449074074074076 0.5875496031746031 0.03736772486772487 0.08382936507936507
3 0.40790343915343913 0.5858134920634921 0.035383597883597885 0.08333333333333333
3 0.5034722222222222 0.5881696428571429 0.04133597883597884 0.08705357142857142
3 0.5372023809523809 0.5842013888888888 0.036044973544973546 0.08754960317460317
3 0.5710978835978836 0.5851934523809523 0.037698412698412696 0.08506944444444445
3 0.6064814814814815 0.5824652777777778 0.037037037037037035 0.0845734126984127
3 0.6410383597883598 0.5822172619047619 0.035383597883597885 0.08556547619047619
3 0.6765873015873016 0.582093253968254 0.037037037037037035 0.08680555555555555
3 0.7114748677248677 0.5829613095238095 0.036044973544973546 0.08903769841269842
3 0.7504960317460317 0.5972222222222222 0.04265873015873016 0.09424603174603174
3 0.7896825396825397 0.5875496031746031 0.03439153439153439 0.09027777777777778
3 0.8275462962962963 0.5925099206349206 0.040674603174603176 0.09027777777777778
3 0.8697089947089947 0.6011904761904762 0.04431216931216931 0.09573412698412699
3 0.9171626984126984 0.6014384920634921 0.045304232804232805 0.09871031746031746
3 0.9611441798941799 0.6020585317460317 0.04662698412698413 0.09945436507936507
3 0.13988095238095238 0.722594246031746 0.04034391534391534 0.07118055555555555
3 0.1746031746031746 0.7235863095238095 0.03439153439153439 0.07118055555555555
3 0.20717592592592593 0.7237103174603174 0.040013227513227514 0.07390873015873016
3 0.24206349206349206 0.7233382936507936 0.036375661375661374 0.07614087301587301
3 0.2748015873015873 0.7247023809523809 0.03373015873015873 0.07837301587301587
3 0.3063822751322751 0.7294146825396826 0.04133597883597884 0.08978174603174603
3 0.34441137566137564 0.7292906746031746 0.03869047619047619 0.09151785714285714
3 0.3811177248677249 0.7295386904761905 0.04133597883597884 0.09449404761904762
3 0.42311507936507936 0.7291666666666666 0.04265873015873016 0.09176587301587301
3 0.4618055555555556 0.7296626984126984 0.04133597883597884 0.09325396825396826
3 0.5026455026455027 0.7294146825396826 0.041005291005291 0.09325396825396826
3 0.5433201058201058 0.7318948412698413 0.04563492063492063 0.09722222222222222
3 0.6041666666666666 0.7321428571428571 0.041005291005291 0.09325396825396826
3 0.6431878306878307 0.7306547619047619 0.04034391534391534 0.09573412698412699
3 0.6967592592592593 0.7233382936507936 0.041666666666666664 0.08655753968253968
3 0.7418981481481481 0.7357390873015873 0.04332010582010582 0.09499007936507936
3 0.7840608465608465 0.7346230158730159 0.041005291005291 0.09771825396825397
3 0.8253968253968254 0.736359126984127 0.04365079365079365 0.09672619047619048
3 0.8667328042328042 0.736359126984127 0.04365079365079365 0.09672619047619048
3 0.9031084656084656 0.7251984126984127 0.037698412698412696 0.09077380952380952
3 0.9480820105820106 0.7332589285714286 0.04365079365079365 0.09995039682539683
3 0.14070767195767195 0.8381696428571429 0.03736772486772487 0.07366071428571429
3 0.17526455026455026 0.8401537698412699 0.03968253968253968 0.0716765873015873
3 0.23544973544973544 0.8324652777777778 0.037037037037037035 0.058779761904761904
3 0.2746362433862434 0.8327132936507936 0.03869047619047619 0.057291666666666664
3 0.3133267195767196 0.8329613095238095 0.03935185185185185 0.05530753968253968
3 0.34937169312169314 0.8332093253968254 0.035383597883597885 0.05530753968253968
3 0.3880621693121693 0.8359375 0.03802910052910053 0.05828373015873016
3 0.4246031746031746 0.8350694444444444 0.03571428571428571 0.05803571428571429
3 0.4593253968253968 0.8348214285714286 0.03835978835978836 0.059027777777777776
3 0.49718915343915343 0.8355654761904762 0.03802910052910053 0.05704365079365079
3 0.53125 0.8353174603174603 0.03273809523809524 0.056051587301587304
