3 0.21296296296296297 0.28236607142857145 0.08068783068783068 0.18774801587301587
3 0.2933201058201058 0.28162202380952384 0.08134920634920635 0.1932043650793651
3 0.3776455026455027 0.2776537698412698 0.08134920634920635 0.19171626984126985
3 0.4558531746031746 0.27467757936507936 0.08630952380952381 0.1996527777777778
3 0.5426587301587301 0.2726934523809524 0.08531746031746032 0.19866071428571427
3 0.6281415343915344 0.2708333333333333 0.09027777777777778 0.20089285714285715
3 0.7139550264550265 0.26872519841269843 0.08664021164021164 0.2021329365079365
3 0.8024140211640212 0.26537698412698413 0.09027777777777778 0.20386904761904762
3 0.8920304232804233 0.26339285714285715 0.08961640211640212 0.20337301587301587
3 0.06266534391534391 0.5197172619047619 0.0763888888888889 0.20560515873015872
3 0.14467592592592593 0.5203373015873016 0.08366402116402116 0.20684523809523808
3 0.23115079365079366 0.5172371031746031 0.07936507936507936 0.21106150793650794
3 0.33118386243386244 0.5249255952380952 0.06712962962962964 0.18625992063492064
3 0.4036044973544973 0.5238095238095238 0.07242063492063493 0.19047619047619047
3 0.48048941798941797 0.5213293650793651 0.0701058201058201 0.18799603174603174
3 0.5553902116402116 0.5220734126984127 0.06779100529100529 0.18303571428571427
3 0.6286375661375662 0.5200892857142857 0.07142857142857142 0.18353174603174602
3 0.7091600529100529 0.5198412698412699 0.07837301587301587 0.19444444444444445
3 0.7905092592592593 0.5174851190476191 0.08035714285714286 0.19766865079365079
3 0.8540013227513228 0.5202132936507936 0.06646825396825397 0.1847718253968254
3 0.9117063492063492 0.5218253968253969 0.0667989417989418 0.17311507936507936
3 0.1345899470899471 0.7397073412698413 0.07275132275132275 0.17584325396825398
3 0.20684523809523808 0.7380952380952381 0.06712962962962964 0.17162698412698413
3 0.26669973544973546 0.738219246031746 0.049933862433862435 0.1753472222222222
3 0.3275462962962963 0.7483878968253969 0.07242063492063493 0.19122023809523808
3 0.40327380952380953 0.7496279761904762 0.07506613756613757 0.1956845238095238
3 0.4809854497354497 0.7491319444444444 0.07771164021164022 0.19766865079365079
3 0.5638227513227513 0.7503720238095238 0.07341269841269842 0.20014880952380953
3 0.6418650793650794 0.7496279761904762 0.06944444444444445 0.19370039682539683
3 0.7177579365079365 0.7512400793650794 0.08234126984126984 0.19940476190476192
3 0.8025793650793651 0.7534722222222222 0.082010582010582 0.2003968253968254
3 0.8978174603174603 0.7681051587301587 0.10449735449735449 0.2296626984126984
