3 0.0421875 0.1890625 0.06354166666666666 0.153125
3 0.10208333333333333 0.187109375 0.06875 0.15390625
3 0.16458333333333333 0.18671875 0.06458333333333334 0.1546875
3 0.2234375 0.185546875 0.065625 0.15546875
3 0.2864583333333333 0.183984375 0.06458333333333334 0.15078125
3 0.3541666666666667 0.183984375 0.06041666666666667 0.14921875
3 0.41354166666666664 0.18203125 0.06458333333333334 0.153125
3 0.47239583333333335 0.180078125 0.06145833333333333 0.15234375
3 0.534375 0.18125 0.0625 0.1484375
3 0.5911458333333334 0.180859375 0.06354166666666666 0.14765625
3 0.6484375 0.178125 0.06145833333333333 0.1484375
3 0.70625 0.17734375 0.0625 0.146875
3 0.7630208333333334 0.176171875 0.059375 0.14609375
3 0.8052083333333333 0.18359375 0.04583333333333333 0.1296875
3 0.8578125 0.180078125 0.05520833333333333 0.13046875
3 0.9145833333333333 0.176953125 0.058333333333333334 0.13359375
3 0.1046875 0.376953125 0.06145833333333333 0.13359375
3 0.15677083333333333 0.375390625 0.059375 0.13359375
3 0.22395833333333334 0.37421875 0.05416666666666667 0.1296875
3 0.2703125 0.373828125 0.046875 0.13046875
3 0.3078125 0.371484375 0.051041666666666666 0.13515625
3 0.36770833333333336 0.3671875 0.05625 0.1453125
3 0.42552083333333335 0.365234375 0.059375 0.14296875
3 0.4901041666666667 0.366796875 0.057291666666666664 0.13359375
3 0.540625 0.365625 0.04791666666666667 0.1328125
3 0.5947916666666667 0.362109375 0.052083333333333336 0.13671875
3 0.6494791666666667 0.36015625 0.057291666666666664 0.134375
3 0.7052083333333333 0.35625 0.05416666666666667 0.1375
3 0.7588541666666667 0.353515625 0.051041666666666666 0.13828125
3 0.8161458333333333 0.3515625 0.06145833333333333 0.1375
3 0.8838541666666667 0.347265625 0.06145833333333333 0.14140625
3 0.9416666666666667 0.343359375 0.052083333333333336 0.14296875
