3 0.036375661375661374 0.18948412698412698 0.06547619047619048 0.09722222222222222
3 0.0355489417989418 0.2798859126984127 0.06580687830687831 0.0920138888888889
3 0.10433201058201058 0.2802579365079365 0.07043650793650794 0.09325396825396826
3 0.10400132275132275 0.1922123015873016 0.07175925925925926 0.09722222222222222
3 0.17195767195767195 0.19332837301587302 0.06944444444444445 0.09598214285714286
3 0.1744378306878307 0.2818700396825397 0.06911375661375661 0.09449404761904762
3 0.24371693121693122 0.28435019841269843 0.06746031746031746 0.09300595238095238
3 0.24090608465608465 0.19283234126984128 0.06580687830687831 0.0900297619047619
3 0.30753968253968256 0.1966765873015873 0.0667989417989418 0.09275793650793651
3 0.37218915343915343 0.20052083333333334 0.06382275132275132 0.09151785714285714
3 0.4351851851851852 0.20089285714285715 0.06481481481481481 0.09424603174603174
3 0.30869708994708994 0.28596230158730157 0.06779100529100529 0.08978174603174603
3 0.37466931216931215 0.2874503968253968 0.06283068783068783 0.08878968253968254
3 0.4383267195767196 0.28931051587301587 0.06514550264550265 0.08804563492063493
3 0.03571428571428571 0.4174107142857143 0.07142857142857142 0.09325396825396826
3 0.105489417989418 0.4184027777777778 0.07208994708994709 0.09722222222222222
3 0.036375661375661374 0.5111607142857143 0.07142857142857142 0.09375
3 0.1078042328042328 0.5111607142857143 0.07275132275132275 0.09325396825396826
3 0.18766534391534392 0.4254712301587302 0.06183862433862434 0.07762896825396826
3 0.18915343915343916 0.5085565476190477 0.0667989417989418 0.08953373015873016
3 0.25710978835978837 0.4263392857142857 0.055224867724867725 0.08134920634920635
3 0.2567791005291005 0.5085565476190477 0.055224867724867725 0.08407738095238096
3 0.3143187830687831 0.5078125 0.060515873015873016 0.08655753968253968
3 0.3148148148148148 0.42237103174603174 0.06018518518518518 0.08134920634920635
3 0.3759920634920635 0.41803075396825395 0.06613756613756613 0.08655753968253968
3 0.4399801587301587 0.41790674603174605 0.06183862433862434 0.08779761904761904
3 0.44146825396825395 0.5066964285714286 0.06415343915343916 0.08978174603174603
3 0.37665343915343913 0.5065724206349206 0.06547619047619048 0.08953373015873016
3 0.0710978835978836 0.6370287698412699 0.07208994708994709 0.0835813492063492
3 0.07291666666666667 0.7256944444444444 0.07308201058201058 0.08978174603174603
3 0.14203042328042328 0.7101934523809523 0.06117724867724868 0.08407738095238096
3 0.20386904761904762 0.7170138888888888 0.0625 0.09573412698412699
3 0.14087301587301587 0.6304563492063492 0.061507936507936505 0.0763888888888889
3 0.20171957671957672 0.6321924603174603 0.06018518518518518 0.07539682539682539
3 0.33382936507936506 0.722594246031746 0.05919312169312169 0.09499007936507936
3 0.26884920634920634 0.7275545634920635 0.06547619047619048 0.09895833333333333
3 0.26455026455026454 0.6315724206349206 0.06349206349206349 0.08308531746031746
3 0.32506613756613756 0.6283482142857143 0.0582010582010582 0.07911706349206349
3 0.392526455026455 0.6352926587301587 0.06547619047619048 0.08903769841269842
3 0.39451058201058203 0.7249503968253969 0.06613756613756613 0.09226190476190477
3 0.45353835978835977 0.6319444444444444 0.05919312169312169 0.08581349206349206
3 0.45701058201058203 0.7206101190476191 0.0582010582010582 0.09300595238095238
3 0.029265873015873016 0.8843005952380952 0.05588624338624339 0.09449404761904762
3 0.09325396825396826 0.8766121031746031 0.07407407407407407 0.09350198412698413
3 0.17278439153439154 0.8717757936507936 0.06514550264550265 0.09672619047619048
3 0.24107142857142858 0.8668154761904762 0.0582010582010582 0.09474206349206349
3 0.31117724867724866 0.8645833333333334 0.06547619047619048 0.09226190476190477
3 0.3870701058201058 0.8659474206349206 0.04728835978835979 0.08258928571428571
3 0.4363425925925926 0.8621031746031746 0.04861111111111111 0.08035714285714286
3 0.3055555555555556 0.9532490079365079 0.06349206349206349 0.08606150793650794
3 0.23759920634920634 0.9558531746031746 0.06514550264550265 0.08134920634920635
3 0.17195767195767195 0.9594494047619048 0.06878306878306878 0.078125
3 0.5248015873015873 0.20324900793650794 0.04828042328042328 0.09250992063492064
3 0.529265873015873 0.29017857142857145 0.04662698412698413 0.09126984126984126
3 0.5803571428571429 0.29129464285714285 0.06018518518518518 0.08705357142857142
3 0.6412037037037037 0.2935267857142857 0.06283068783068783 0.08754960317460317
3 0.578207671957672 0.20634920634920634 0.060515873015873016 0.08680555555555555
3 0.6397156084656085 0.2078373015873016 0.06117724867724868 0.0873015873015873
3 0.6977513227513228 0.21378968253968253 0.06084656084656084 0.08234126984126984
3 0.7005621693121693 0.29575892857142855 0.05720899470899471 0.0845734126984127
3 0.7572751322751323 0.29650297619047616 0.057539682539682536 0.08159722222222222
3 0.8136574074074074 0.2974950396825397 0.05787037037037037 0.08209325396825397
3 0.753968253968254 0.2152777777777778 0.056216931216931214 0.08234126984126984
3 0.8101851851851852 0.21713789682539683 0.056878306878306875 0.07961309523809523
3 0.8682208994708994 0.30071924603174605 0.05588624338624339 0.07762896825396826
3 0.9226190476190477 0.3022073412698413 0.05886243386243386 0.07713293650793651
3 0.8647486772486772 0.2204861111111111 0.05357142857142857 0.0818452380952381
3 0.9194775132275133 0.22135416666666666 0.05588624338624339 0.0835813492063492
3 0.9708994708994709 0.2230902777777778 0.05092592592592592 0.07862103174603174
3 0.9728835978835979 0.30245535714285715 0.04894179894179894 0.07713293650793651
3 0.5345568783068783 0.4210069444444444 0.045965608465608467 0.08258928571428571
3 0.5873015873015873 0.4201388888888889 0.056878306878306875 0.08432539682539683
3 0.6466600529100529 0.42175099206349204 0.059854497354497355 0.08407738095238096
3 0.5353835978835979 0.5059523809523809 0.052248677248677246 0.0882936507936508
3 0.5887896825396826 0.505828373015873 0.05787037037037037 0.08556547619047619
3 0.6486441798941799 0.5054563492063492 0.06183862433862434 0.08630952380952381
3 0.707010582010582 0.5044642857142857 0.05886243386243386 0.08333333333333333
3 0.6941137566137566 0.4259672619047619 0.04431216931216931 0.07514880952380952
3 0.7415674603174603 0.42497519841269843 0.05257936507936508 0.07316468253968254
3 0.7653769841269841 0.5050843253968254 0.05919312169312169 0.08606150793650794
3 0.8129960317460317 0.42212301587301587 0.059854497354497355 0.08035714285714286
3 0.8705357142857143 0.42212301587301587 0.05720899470899471 0.0798611111111111
3 0.8210978835978836 0.5032242063492064 0.056216931216931214 0.08333333333333333
3 0.8759920634920635 0.5026041666666666 0.0582010582010582 0.0845734126984127
3 0.9280753968253969 0.5029761904761905 0.05853174603174603 0.0818452380952381
3 0.9747023809523809 0.5014880952380952 0.04265873015873016 0.08134920634920635
3 0.9700727513227513 0.42237103174603174 0.05191798941798942 0.07341269841269842
3 0.5995370370370371 0.7155257936507936 0.05357142857142857 0.08035714285714286
3 0.5262896825396826 0.7030009920634921 0.0248015873015873 0.07018849206349206
3 0.5674603174603174 0.6329365079365079 0.04563492063492063 0.06746031746031746
3 0.613260582010582 0.6320684523809523 0.04332010582010582 0.06969246031746032
3 0.8179563492063492 0.6741071428571429 0.0419973544973545 0.06994047619047619
3 0.785218253968254 0.6790674603174603 0.02943121693121693 0.07242063492063493
3 0.9755291005291006 0.6174355158730159 0.03373015873015873 0.06125992063492063
