3 0.03141534391534392 0.16220238095238096 0.041666666666666664 0.0798611111111111
3 0.0851521164021164 0.16356646825396826 0.06117724867724868 0.07415674603174603
3 0.18287037037037038 0.15687003968253968 0.057539682539682536 0.08110119047619048
3 0.2490079365079365 0.15922619047619047 0.056878306878306875 0.0763888888888889
3 0.30968915343915343 0.15426587301587302 0.059854497354497355 0.08035714285714286
3 0.3748346560846561 0.15873015873015872 0.05588624338624339 0.07192460317460317
3 0.43386243386243384 0.15228174603174602 0.06084656084656084 0.07936507936507936
3 0.4968584656084656 0.15128968253968253 0.06183862433862434 0.08035714285714286
3 0.5615079365079365 0.1531498015873016 0.062169312169312166 0.07415674603174603
3 0.6241732804232805 0.14856150793650794 0.06514550264550265 0.0818452380952381
3 0.6889880952380952 0.14397321428571427 0.06580687830687831 0.08804563492063493
3 0.75380291005291 0.14459325396825398 0.06580687830687831 0.08928571428571429
3 0.8192791005291006 0.1437251984126984 0.06712962962962964 0.09102182539682539
3 0.8860780423280423 0.14260912698412698 0.06845238095238096 0.09176587301587301
3 0.08548280423280423 0.29117063492063494 0.055224867724867725 0.06299603174603174
3 0.17906746031746032 0.28013392857142855 0.06183862433862434 0.0845734126984127
3 0.24206349206349206 0.27740575396825395 0.06481481481481481 0.0835813492063492
3 0.30753968253968256 0.2777777777777778 0.06481481481481481 0.08432539682539683
3 0.3844246031746032 0.2884424603174603 0.05654761904761905 0.061507936507936505
3 0.4437830687830688 0.2847222222222222 0.061507936507936505 0.06547619047619048
3 0.5023148148148148 0.2836061507936508 0.061507936507936505 0.06671626984126984
3 0.6271494708994709 0.26872519841269843 0.06845238095238096 0.09598214285714286
3 0.6954365079365079 0.2666170634920635 0.0667989417989418 0.09523809523809523
3 0.7708333333333334 0.26599702380952384 0.06547619047619048 0.09399801587301587
3 0.8394510582010583 0.265625 0.06977513227513228 0.09523809523809523
3 0.906415343915344 0.2648809523809524 0.07208994708994709 0.09722222222222222
3 0.054563492063492064 0.5122767857142857 0.05952380952380952 0.07663690476190477
3 0.12086640211640212 0.5063244047619048 0.06712962962962964 0.0845734126984127
3 0.23792989417989419 0.5002480158730159 0.06712962962962964 0.09771825396825397
3 0.179728835978836 0.5062003968253969 0.04927248677248677 0.08630952380952381
3 0.2208994708994709 0.4211309523809524 0.05026455026455026 0.056051587301587304
3 0.2767857142857143 0.4320436507936508 0.05423280423280423 0.08333333333333333
3 0.3427579365079365 0.43787202380952384 0.0539021164021164 0.07564484126984126
3 0.33382936507936506 0.5093005952380952 0.05654761904761905 0.07911706349206349
3 0.4503968253968254 0.5027281746031746 0.06547619047619048 0.08878968253968254
3 0.613260582010582 0.5167410714285714 0.05324074074074074 0.05828373015873016
3 0.6638558201058201 0.45101686507936506 0.04861111111111111 0.06721230158730158
3 0.669808201058201 0.5164930555555556 0.05191798941798942 0.06324404761904762
3 0.7347883597883598 0.43725198412698413 0.05092592592592592 0.07291666666666667
3 0.7893518518518519 0.503844246031746 0.0701058201058201 0.08655753968253968
3 0.7336309523809523 0.5102926587301587 0.05324074074074074 0.0726686507936508
3 0.8072089947089947 0.42844742063492064 0.06415343915343916 0.08209325396825397
3 0.8875661375661376 0.41803075396825395 0.06746031746031746 0.08953373015873016
3 0.892526455026455 0.5057043650793651 0.07341269841269842 0.08382936507936507
3 0.15873015873015872 0.6546378968253969 0.06481481481481481 0.0974702380952381
3 0.24173280423280424 0.6538938492063492 0.07341269841269842 0.09846230158730158
3 0.3146494708994709 0.6527777777777778 0.07043650793650794 0.10119047619047619
3 0.6413690476190477 0.6429811507936508 0.059854497354497355 0.07911706349206349
3 0.697255291005291 0.6448412698412699 0.05654761904761905 0.08134920634920635
3 0.7504960317460317 0.6473214285714286 0.05853174603174603 0.08432539682539683
3 0.8368055555555556 0.6485615079365079 0.05125661375661376 0.08531746031746032
3 0.9222883597883598 0.6545138888888888 0.07407407407407407 0.10069444444444445
3 0.029927248677248677 0.8348214285714286 0.054563492063492064 0.16418650793650794
3 0.09209656084656084 0.8348214285714286 0.06646825396825397 0.1626984126984127
3 0.17923280423280424 0.8276289682539683 0.0667989417989418 0.1527777777777778
3 0.2604166666666667 0.8152281746031746 0.054563492063492064 0.14434523809523808
3 0.3644179894179894 0.8488343253968254 0.07275132275132275 0.171875
3 0.4451058201058201 0.8443700396825397 0.07539682539682539 0.17237103174603174
3 0.5193452380952381 0.8436259920634921 0.06977513227513228 0.1728670634920635
3 0.5911044973544973 0.8428819444444444 0.07837301587301587 0.17782738095238096
3 0.736276455026455 0.8234126984126984 0.0710978835978836 0.15178571428571427
3 0.798941798941799 0.8229166666666666 0.07341269841269842 0.15029761904761904
3 0.9097222222222222 0.8504464285714286 0.08597883597883597 0.17807539682539683
