3 0.1822089947089947 0.2238343253968254 0.09656084656084656 0.21552579365079366
3 0.2746362433862434 0.24665178571428573 0.08035714285714286 0.1783234126984127
3 0.37136243386243384 0.23139880952380953 0.09788359788359788 0.21180555555555555
3 0.47602513227513227 0.23251488095238096 0.10085978835978836 0.21552579365079366
3 0.5699404761904762 0.24305555555555555 0.08895502645502645 0.20436507936507936
3 0.6559193121693122 0.24640376984126985 0.09093915343915344 0.2021329365079365
3 0.7422288359788359 0.2468998015873016 0.09953703703703703 0.20758928571428573
3 0.8310185185185185 0.24875992063492064 0.0958994708994709 0.20684523809523808
3 0.9037698412698413 0.2615327380952381 0.082010582010582 0.18874007936507936
3 0.9631283068783069 0.2578125 0.06316137566137567 0.19915674603174602
3 0.26686507936507936 0.503968253968254 0.10846560846560846 0.24305555555555555
3 0.3688822751322751 0.5073164682539683 0.09953703703703703 0.23288690476190477
3 0.6028439153439153 0.5112847222222222 0.09523809523809523 0.22544642857142858
3 0.7384259259259259 0.5090525793650794 0.10317460317460317 0.22544642857142858
3 0.8349867724867724 0.5071924603174603 0.10648148148148148 0.2316468253968254
3 0.9221230158730159 0.5080605158730159 0.09953703703703703 0.22991071428571427
3 0.15608465608465608 0.7999751984126984 0.10846560846560846 0.27455357142857145
3 0.2794312169312169 0.7756696428571429 0.09193121693121693 0.2214781746031746
3 0.35400132275132273 0.7633928571428571 0.0710978835978836 0.2003968253968254
3 0.4975198412698413 0.7575644841269841 0.0796957671957672 0.19518849206349206
3 0.5730820105820106 0.7527281746031746 0.08002645502645503 0.1875
3 0.7126322751322751 0.7485119047619048 0.08465608465608465 0.18501984126984128
3 0.7749669312169312 0.7466517857142857 0.06117724867724868 0.18080357142857142
3 0.8449074074074074 0.7533482142857143 0.08597883597883597 0.19370039682539683
3 0.923776455026455 0.7437996031746031 0.0796957671957672 0.17609126984126985
