3 0.4656084656084656 0.2796378968253968 0.05952380952380952 0.12524801587301587
3 0.5239748677248677 0.27492559523809523 0.05919312169312169 0.13566468253968253
3 0.5856481481481481 0.2728174603174603 0.06944444444444445 0.14037698412698413
3 0.6517857142857143 0.2718253968253968 0.05886243386243386 0.1388888888888889
3 0.7124669312169312 0.27318948412698413 0.06117724867724868 0.1416170634920635
3 0.7731481481481481 0.2718253968253968 0.06084656084656084 0.13740079365079366
3 0.8255621693121693 0.27740575396825395 0.04861111111111111 0.12375992063492064
3 0.37351190476190477 0.4645337301587302 0.05720899470899471 0.13690476190476192
3 0.45436507936507936 0.4663938492063492 0.046957671957671955 0.11879960317460317
3 0.5028108465608465 0.46887400793650796 0.05191798941798942 0.12028769841269842
3 0.5598544973544973 0.46143353174603174 0.05489417989417989 0.1371527777777778
3 0.6147486772486772 0.4625496031746032 0.05489417989417989 0.13690476190476192
3 0.6770833333333334 0.46130952380952384 0.06117724867724868 0.1433531746031746
3 0.7387566137566137 0.46081349206349204 0.06018518518518518 0.1498015873015873
3 0.7991071428571429 0.4771825396825397 0.05787037037037037 0.11805555555555555
3 0.8583002645502645 0.4781746031746032 0.06514550264550265 0.11160714285714286
3 0.9227843915343915 0.4600694444444444 0.06316137566137567 0.1498015873015873
3 0.39599867724867727 0.6226438492063492 0.054563492063492064 0.11235119047619048
3 0.4459325396825397 0.6279761904761905 0.050595238095238096 0.125
3 0.498015873015873 0.6254960317460317 0.0496031746031746 0.12003968253968254
3 0.5522486772486772 0.6313244047619048 0.0582010582010582 0.1396329365079365
3 0.6078042328042328 0.6264880952380952 0.05092592592592592 0.12400793650793651
3 0.6612103174603174 0.6272321428571429 0.055224867724867725 0.12549603174603174
3 0.7161044973544973 0.6257440476190477 0.05125661375661376 0.12351190476190477
3 0.771494708994709 0.6253720238095238 0.06084656084656084 0.12574404761904762
3 0.8303571428571429 0.6273561507936508 0.052248677248677246 0.12723214285714285
3 0.8877314814814815 0.6264880952380952 0.05125661375661376 0.12797619047619047
3 0.3186177248677249 0.8128720238095238 0.04927248677248677 0.13368055555555555
3 0.398478835978836 0.8093998015873016 0.04431216931216931 0.13864087301587302
3 0.4442791005291005 0.816344246031746 0.054563492063492064 0.14360119047619047
3 0.5322420634920635 0.8330853174603174 0.06580687830687831 0.14682539682539683
3 0.6051587301587301 0.800719246031746 0.05092592592592592 0.12524801587301587
3 0.6574074074074074 0.7994791666666666 0.05555555555555555 0.12475198412698413
3 0.7083333333333334 0.7992311507936508 0.05357142857142857 0.12574404761904762
3 0.781415343915344 0.8175843253968254 0.05886243386243386 0.1440972222222222
3 0.833994708994709 0.8139880952380952 0.05555555555555555 0.14484126984126985
3 0.8908730158730159 0.8126240079365079 0.056216931216931214 0.1470734126984127
