3 0.08002645502645503 0.2166418650793651 0.05886243386243386 0.07018849206349206
3 0.11689814814814815 0.2915426587301587 0.06117724867724868 0.08903769841269842
3 0.1818783068783069 0.29117063492063494 0.0701058201058201 0.0882936507936508
3 0.179728835978836 0.20188492063492064 0.06779100529100529 0.09275793650793651
3 0.24718915343915343 0.19952876984126985 0.06779100529100529 0.09300595238095238
3 0.24718915343915343 0.28918650793650796 0.06712962962962964 0.08928571428571429
3 0.3146494708994709 0.19928075396825398 0.06580687830687831 0.09250992063492064
3 0.31531084656084657 0.28856646825396826 0.06779100529100529 0.08754960317460317
3 0.38227513227513227 0.28683035714285715 0.06547619047619048 0.08606150793650794
3 0.3802910052910053 0.1974206349206349 0.06481481481481481 0.09176587301587301
3 0.44642857142857145 0.1963045634920635 0.06613756613756613 0.09250992063492064
3 0.4459325396825397 0.2854662698412698 0.07043650793650794 0.0882936507936508
3 0.5163690476190477 0.28137400793650796 0.06845238095238096 0.0920138888888889
3 0.5128968253968254 0.19134424603174602 0.06746031746031746 0.09399801587301587
3 0.5796957671957672 0.18762400793650794 0.07142857142857142 0.09449404761904762
3 0.5843253968253969 0.2798859126984127 0.07208994708994709 0.09300595238095238
3 0.6494708994708994 0.1861359126984127 0.06878306878306878 0.09399801587301587
3 0.6539351851851852 0.2779017857142857 0.06779100529100529 0.09350198412698413
3 0.72255291005291 0.275421626984127 0.07076719576719577 0.09151785714285714
3 0.718915343915344 0.18229166666666666 0.06812169312169312 0.09573412698412699
3 0.7867063492063492 0.18092757936507936 0.06812169312169312 0.09598214285714286
3 0.7900132275132276 0.27331349206349204 0.0701058201058201 0.09325396825396826
3 0.8591269841269841 0.27219742063492064 0.06944444444444445 0.09350198412698413
3 0.8544973544973545 0.1786954365079365 0.0701058201058201 0.09300595238095238
3 0.9249338624338624 0.17807539682539683 0.06746031746031746 0.09722222222222222
3 0.9290674603174603 0.2698412698412698 0.07308201058201058 0.09474206349206349
3 0.07688492063492064 0.5218253968253969 0.060515873015873016 0.09077380952380952
3 0.1402116402116402 0.5209573412698413 0.06547619047619048 0.09250992063492064
3 0.1703042328042328 0.4331597222222222 0.06349206349206349 0.08010912698412699
3 0.23296957671957672 0.5155009920634921 0.06183862433862434 0.0845734126984127
3 0.2898478835978836 0.4322916666666667 0.059854497354497355 0.08432539682539683
3 0.3412698412698413 0.4306795634920635 0.04894179894179894 0.08159722222222222
3 0.3931878306878307 0.4255952380952381 0.052248677248677246 0.08581349206349206
3 0.291005291005291 0.517609126984127 0.05952380952380952 0.08779761904761904
3 0.3402777777777778 0.5167410714285714 0.03902116402116402 0.08606150793650794
3 0.38822751322751325 0.5179811507936508 0.06613756613756613 0.09300595238095238
3 0.4525462962962963 0.41877480158730157 0.06911375661375661 0.0920138888888889
3 0.45337301587301587 0.5141369047619048 0.0701058201058201 0.0992063492063492
3 0.5226521164021164 0.513640873015873 0.0710978835978836 0.09771825396825397
3 0.5200066137566137 0.4184027777777778 0.06911375661375661 0.09474206349206349
3 0.5866402116402116 0.41728670634920634 0.07142857142857142 0.0954861111111111
3 0.5892857142857143 0.5138888888888888 0.0701058201058201 0.09474206349206349
3 0.6514550264550265 0.5122767857142857 0.05952380952380952 0.0900297619047619
3 0.7023809523809523 0.42658730158730157 0.056878306878306875 0.08134920634920635
3 0.705026455026455 0.511780753968254 0.06018518518518518 0.08606150793650794
3 0.7719907407407407 0.4212549603174603 0.07175925925925926 0.0900297619047619
3 0.7751322751322751 0.5109126984126984 0.07407407407407407 0.0873015873015873
3 0.8599537037037037 0.4130704365079365 0.06977513227513228 0.0954861111111111
3 0.8634259259259259 0.5085565476190477 0.07407407407407407 0.09846230158730158
3 0.9340277777777778 0.5064484126984127 0.06977513227513228 0.09771825396825397
3 0.9302248677248677 0.4107142857142857 0.07076719576719577 0.09325396825396826
3 0.07291666666666667 0.6537698412698413 0.0419973544973545 0.08581349206349206
3 0.12450396825396826 0.6566220238095238 0.06316137566137567 0.09300595238095238
3 0.18998015873015872 0.6556299603174603 0.06712962962962964 0.09300595238095238
3 0.19295634920634921 0.7514880952380952 0.06779100529100529 0.09722222222222222
3 0.12533068783068782 0.7529761904761905 0.06481481481481481 0.1001984126984127
3 0.07142857142857142 0.7439236111111112 0.04497354497354497 0.09449404761904762
3 0.2594246031746032 0.6552579365079365 0.07175925925925926 0.09375
3 0.2585978835978836 0.7509920634920635 0.0701058201058201 0.09821428571428571
3 0.3290343915343915 0.7507440476190477 0.07076719576719577 0.1001984126984127
3 0.3272156084656085 0.6529017857142857 0.06712962962962964 0.09399801587301587
3 0.39351851851851855 0.654265873015873 0.0667989417989418 0.09672619047619048
3 0.39616402116402116 0.7514880952380952 0.07208994708994709 0.09970238095238096
3 0.4763558201058201 0.7297867063492064 0.060515873015873016 0.09250992063492064
3 0.5375330687830688 0.7333829365079365 0.06448412698412699 0.09375
3 0.533068783068783 0.642609126984127 0.0667989417989418 0.08928571428571429
3 0.4722222222222222 0.6428571428571429 0.06084656084656084 0.08482142857142858
3 0.5902777777777778 0.6364087301587301 0.05291005291005291 0.07341269841269842
3 0.5944113756613757 0.7189980158730159 0.054563492063492064 0.0873015873015873
3 0.6638558201058201 0.7276785714285714 0.06712962962962964 0.09474206349206349
3 0.6455026455026455 0.6375248015873016 0.057539682539682536 0.07465277777777778
3 0.7508267195767195 0.7423115079365079 0.06911375661375661 0.1056547619047619
3 0.816468253968254 0.7395833333333334 0.06547619047619048 0.10218253968253968
3 0.7250330687830688 0.6401289682539683 0.06448412698412699 0.0882936507936508
3 0.7878637566137566 0.638640873015873 0.06183862433862434 0.08333333333333333
3 0.8802910052910053 0.6470734126984127 0.07076719576719577 0.09771825396825397
3 0.8864087301587301 0.7451636904761905 0.0710978835978836 0.09846230158730158
3 0.9555224867724867 0.7431795634920635 0.06712962962962964 0.09895833333333333
3 0.9497354497354498 0.6440972222222222 0.06944444444444445 0.09672619047619048
3 0.033234126984126984 0.9005456349206349 0.06316137566137567 0.09623015873015874
3 0.10251322751322751 0.8976934523809523 0.06746031746031746 0.09697420634920635
3 0.17261904761904762 0.8973214285714286 0.07275132275132275 0.09672619047619048
3 0.24239417989417988 0.8934771825396826 0.0667989417989418 0.09449404761904762
3 0.3093584656084656 0.8934771825396826 0.06580687830687831 0.09399801587301587
3 0.3781415343915344 0.8932291666666666 0.0710978835978836 0.09895833333333333
3 0.44675925925925924 0.8923611111111112 0.06944444444444445 0.09672619047619048
3 0.5145502645502645 0.8908730158730159 0.06878306878306878 0.09672619047619048
3 0.5848214285714286 0.8934771825396826 0.07043650793650794 0.10342261904761904
3 0.6630291005291006 0.8914930555555556 0.07473544973544974 0.09945436507936507
3 0.7349537037037037 0.8900049603174603 0.06911375661375661 0.09846230158730158
3 0.8058862433862434 0.8896329365079365 0.07076719576719577 0.09821428571428571
