5 0.6165674603174603 0.15848214285714285 0.040674603174603176 0.12251984126984126
5 0.6592261904761905 0.15773809523809523 0.03935185185185185 0.12400793650793651
5 0.18121693121693122 0.4340277777777778 0.052248677248677246 0.1111111111111111
5 0.23346560846560846 0.4347718253968254 0.05357142857142857 0.11359126984126984
5 0.28521825396825395 0.43700396825396826 0.04794973544973545 0.1076388888888889
5 0.33482142857142855 0.43725198412698413 0.050595238095238096 0.1076388888888889
5 0.38244047619047616 0.43762400793650796 0.04927248677248677 0.10788690476190477
5 0.43369708994708994 0.4357638888888889 0.049933862433862435 0.10813492063492064
5 0.48544973544973546 0.4515128968253968 0.03835978835978836 0.08159722222222222
5 0.5287698412698413 0.43563988095238093 0.04497354497354497 0.10788690476190477
5 0.5765542328042328 0.4383680555555556 0.04332010582010582 0.10887896825396826
5 0.7513227513227513 0.43725198412698413 0.04365079365079365 0.11011904761904762
5 0.7961309523809523 0.4366319444444444 0.04398148148148148 0.11036706349206349
5 0.19477513227513227 0.5634920634920635 0.04034391534391534 0.08482142857142858
5 0.23115079365079366 0.5659722222222222 0.036375661375661374 0.08234126984126984
5 0.28158068783068785 0.5596478174603174 0.040674603174603176 0.08209325396825397
5 0.31977513227513227 0.5591517857142857 0.03571428571428571 0.08308531746031746
5 0.3558201058201058 0.5638640873015873 0.04034391534391534 0.08556547619047619
5 0.3950066137566138 0.5641121031746031 0.03802910052910053 0.08655753968253968
5 0.4333664021164021 0.5642361111111112 0.03935185185185185 0.08531746031746032
5 0.4708994708994709 0.5649801587301587 0.03835978835978836 0.08432539682539683
5 0.5067791005291006 0.5648561507936508 0.035383597883597885 0.07862103174603174
5 0.5439814814814815 0.5654761904761905 0.03835978835978836 0.08283730158730158
5 0.5783730158730159 0.5672123015873016 0.031746031746031744 0.0818452380952381
5 0.19808201058201058 0.6746031746031746 0.042328042328042326 0.08134920634920635
5 0.24189814814814814 0.6752232142857143 0.0419973544973545 0.08110119047619048
5 0.28191137566137564 0.673859126984127 0.040013227513227514 0.08531746031746032
5 0.3187830687830688 0.6759672619047619 0.03902116402116402 0.08258928571428571
5 0.3548280423280423 0.6760912698412699 0.03505291005291005 0.0818452380952381
5 0.39302248677248675 0.6753472222222222 0.0419973544973545 0.0818452380952381
5 0.42956349206349204 0.6747271825396826 0.03571428571428571 0.08407738095238096
5 0.4654431216931217 0.6744791666666666 0.03802910052910053 0.08308531746031746
5 0.5036375661375662 0.6737351190476191 0.03505291005291005 0.08258928571428571
5 0.5426587301587301 0.6705109126984127 0.03968253968253968 0.07862103174603174
5 0.9034391534391535 0.8697916666666666 0.03306878306878307 0.0818452380952381
5 0.9358465608465608 0.8694196428571429 0.031746031746031744 0.08110119047619048
5 0.9697420634920635 0.8702876984126984 0.03406084656084656 0.08085317460317461
5 0.9027777777777778 0.6670386904761905 0.03505291005291005 0.07663690476190477
5 0.9411375661375662 0.6631944444444444 0.037698412698412696 0.08878968253968254
5 0.9766865079365079 0.6633184523809523 0.03406084656084656 0.08754960317460317
6 0.16650132275132276 0.29699900793650796 0.05257936507936508 0.11681547619047619
6 0.21478174603174602 0.2977430555555556 0.05919312169312169 0.12028769841269842
6 0.2769510582010582 0.2982390873015873 0.05324074074074074 0.11185515873015874
6 0.33382936507936506 0.29910714285714285 0.04794973544973545 0.1130952380952381
6 0.37566137566137564 0.3010912698412698 0.0496031746031746 0.11359126984126984
6 0.4267526455026455 0.3030753968253968 0.04265873015873016 0.11011904761904762
6 0.7020502645502645 0.15637400793650794 0.042328042328042326 0.12475198412698413
6 0.746031746031746 0.15860615079365079 0.046296296296296294 0.12524801587301587
6 0.8644179894179894 0.16083829365079366 0.04431216931216931 0.12227182539682539
6 0.8131613756613757 0.16468253968253968 0.041005291005291 0.10615079365079365
6 0.7731481481481481 0.30282738095238093 0.03835978835978836 0.11507936507936507
6 0.8149801587301587 0.3022073412698413 0.045304232804232805 0.11433531746031746
6 0.857473544973545 0.3029513888888889 0.03968253968253968 0.11780753968253968
6 0.9001322751322751 0.30282738095238093 0.04563492063492063 0.11706349206349206
6 0.8394510582010583 0.43725198412698413 0.04265873015873016 0.11011904761904762
6 0.8807870370370371 0.4366319444444444 0.0419973544973545 0.10887896825396826
6 0.6207010582010583 0.5603918650793651 0.046957671957671955 0.09250992063492064
6 0.6668320105820106 0.560515873015873 0.04265873015873016 0.09176587301587301
6 0.7123015873015873 0.5612599206349206 0.04365079365079365 0.09226190476190477
6 0.7615740740740741 0.5569196428571429 0.041005291005291 0.08655753968253968
6 0.8224206349206349 0.5607638888888888 0.04431216931216931 0.09176587301587301
6 0.6292989417989417 0.6674107142857143 0.04563492063492063 0.07787698412698413
6 0.6774140211640212 0.6731150793650794 0.04332010582010582 0.0873015873015873
6 0.718915343915344 0.6746031746031746 0.041666666666666664 0.09027777777777778
6 0.7875330687830688 0.671875 0.03670634920634921 0.08531746031746032
6 0.8571428571428571 0.6717509920634921 0.03835978835978836 0.08606150793650794
6 0.2005621693121693 0.7751736111111112 0.04133597883597884 0.07514880952380952
6 0.24421296296296297 0.7769097222222222 0.03670634920634921 0.07118055555555555
6 0.2843915343915344 0.7760416666666666 0.041005291005291 0.07142857142857142
6 0.3220899470899471 0.7757936507936508 0.037698412698412696 0.07341269841269842
6 0.35912698412698413 0.7756696428571429 0.04034391534391534 0.07068452380952381
6 0.39880952380952384 0.775421626984127 0.03902116402116402 0.0716765873015873
6 0.43816137566137564 0.7746775793650794 0.03439153439153439 0.06919642857142858
6 0.47354497354497355 0.7751736111111112 0.03902116402116402 0.07068452380952381
6 0.5115740740740741 0.7761656746031746 0.03902116402116402 0.07316468253968254
6 0.5515873015873016 0.7756696428571429 0.03968253968253968 0.07316468253968254
6 0.6238425925925926 0.7730654761904762 0.040674603174603176 0.06944444444444445
6 0.6650132275132276 0.7751736111111112 0.03902116402116402 0.0726686507936508
6 0.7038690476190477 0.7755456349206349 0.03869047619047619 0.07242063492063493
6 0.7415674603174603 0.7738095238095238 0.03802910052910053 0.07142857142857142
6 0.781084656084656 0.7730654761904762 0.041666666666666664 0.07291666666666667
6 0.8191137566137566 0.7733134920634921 0.03571428571428571 0.07093253968253968
6 0.855489417989418 0.7734375 0.03439153439153439 0.07316468253968254
6 0.8918650793650794 0.7626488095238095 0.031746031746031744 0.07093253968253968
6 0.925760582010582 0.7640128968253969 0.035383597883597885 0.0716765873015873
6 0.9580026455026455 0.7633928571428571 0.031746031746031744 0.06845238095238096
6 0.986441798941799 0.7625248015873016 0.02447089947089947 0.06820436507936507
6 0.20436507936507936 0.8742559523809523 0.04298941798941799 0.0798611111111111
6 0.24520502645502645 0.8720238095238095 0.04265873015873016 0.07787698412698413
6 0.3275462962962963 0.8733878968253969 0.036044973544973546 0.07911706349206349
6 0.3627645502645503 0.871155753968254 0.042328042328042326 0.078125
6 0.40343915343915343 0.8707837301587301 0.04034391534391534 0.08085317460317461
6 0.44246031746031744 0.8706597222222222 0.041005291005291 0.08159722222222222
6 0.48115079365079366 0.8705357142857143 0.03902116402116402 0.07886904761904762
6 0.5208333333333334 0.8709077380952381 0.04034391534391534 0.08110119047619048
6 0.5611772486772487 0.8706597222222222 0.037698412698412696 0.08060515873015874
6 0.6008597883597884 0.8696676587301587 0.037037037037037035 0.08110119047619048
6 0.7559523809523809 0.8792162698412699 0.037037037037037035 0.09325396825396826
6 0.7896825396825397 0.863343253968254 0.041005291005291 0.09226190476190477
6 0.8272156084656085 0.8608630952380952 0.045304232804232805 0.09325396825396826
6 0.8677248677248677 0.8621031746031746 0.046957671957671955 0.09325396825396826
6 0.9733796296296297 0.44233630952380953 0.04133597883597884 0.07911706349206349
6 0.9255952380952381 0.44134424603174605 0.04431216931216931 0.08060515873015874
