6 0.09523809523809523 0.42063492063492064 0.06084656084656084 0.13293650793650794
6 0.15443121693121692 0.42038690476190477 0.06349206349206349 0.13392857142857142
6 0.21412037037037038 0.419890873015873 0.06580687830687831 0.13194444444444445
6 0.33482142857142855 0.42224702380952384 0.06117724867724868 0.12872023809523808
6 0.3931878306878307 0.42150297619047616 0.056878306878306875 0.12723214285714285
6 0.2761243386243386 0.4202628968253968 0.05952380952380952 0.1297123015873016
6 0.4975198412698413 0.42299107142857145 0.05654761904761905 0.12227182539682539
6 0.5669642857142857 0.4205109126984127 0.059854497354497355 0.1267361111111111
6 0.626818783068783 0.41902281746031744 0.059854497354497355 0.12624007936507936
6 0.6817129629629629 0.41902281746031744 0.05257936507936508 0.12425595238095238
6 0.7329695767195767 0.41976686507936506 0.049933862433862435 0.12425595238095238
6 0.7837301587301587 0.41728670634920634 0.056216931216931214 0.12524801587301587
6 0.9298941798941799 0.4175347222222222 0.056216931216931214 0.1232638888888889
5 0.11243386243386243 0.5796130952380952 0.03571428571428571 0.12450396825396826
5 0.1572420634920635 0.5807291666666666 0.05919312169312169 0.1267361111111111
5 0.23511904761904762 0.5786210317460317 0.05952380952380952 0.12202380952380952
5 0.2974537037037037 0.5777529761904762 0.060515873015873016 0.12028769841269842
5 0.3566468253968254 0.5767609126984127 0.054563492063492064 0.1232638888888889
5 0.41005291005291006 0.5793650793650794 0.056878306878306875 0.12450396825396826
5 0.47156084656084657 0.5771329365079365 0.062169312169312166 0.12103174603174603
5 0.531415343915344 0.5773809523809523 0.05423280423280423 0.12351190476190477
5 0.5825066137566137 0.5772569444444444 0.05257936507936508 0.12475198412698413
5 0.6345899470899471 0.5760168650793651 0.0582010582010582 0.12375992063492064
5 0.6891534391534392 0.5725446428571429 0.052248677248677246 0.12028769841269842
5 0.9351851851851852 0.5731646825396826 0.05952380952380952 0.12351190476190477
5 0.08564814814814815 0.7326388888888888 0.05489417989417989 0.1130952380952381
5 0.18584656084656084 0.740203373015873 0.06084656084656084 0.1277281746031746
5 0.2425595238095238 0.736359126984127 0.05919312169312169 0.1284722222222222
5 0.30324074074074076 0.7384672619047619 0.0582010582010582 0.12475198412698413
5 0.36144179894179895 0.7379712301587301 0.056216931216931214 0.12723214285714285
5 0.41881613756613756 0.7368551587301587 0.05853174603174603 0.125
5 0.4771825396825397 0.7368551587301587 0.0582010582010582 0.12400793650793651
5 0.5353835978835979 0.7348710317460317 0.06018518518518518 0.12549603174603174
5 0.5914351851851852 0.7333829365079365 0.055224867724867725 0.12797619047619047
5 0.6476521164021164 0.7336309523809523 0.06117724867724868 0.12698412698412698
5 0.7053571428571429 0.732390873015873 0.056216931216931214 0.12648809523809523
5 0.761739417989418 0.7307787698412699 0.06183862433862434 0.12276785714285714
5 0.8196097883597884 0.7292906746031746 0.05588624338624339 0.12524801587301587
5 0.8678902116402116 0.7234623015873016 0.04728835978835979 0.11805555555555555
5 0.9368386243386243 0.7284226190476191 0.05886243386243386 0.125
5 0.1618716931216931 0.8829365079365079 0.06712962962962964 0.09573412698412699
5 0.2620701058201058 0.886656746031746 0.06712962962962964 0.10664682539682539
5 0.3374669312169312 0.8909970238095238 0.06779100529100529 0.11780753968253968
5 0.40591931216931215 0.8911210317460317 0.06779100529100529 0.1195436507936508
5 0.49702380952380953 0.8881448412698413 0.06283068783068783 0.11656746031746032
5 0.6020171957671958 0.8896329365079365 0.060515873015873016 0.12053571428571429
5 0.658068783068783 0.8887648809523809 0.056216931216931214 0.12276785714285714
5 0.7123015873015873 0.8869047619047619 0.05357142857142857 0.12152777777777778
5 0.9408068783068783 0.8799603174603174 0.05026455026455026 0.12003968253968254
