3 0.032242063492063495 0.2854662698412698 0.06183862433862434 0.22172619047619047
3 0.11392195767195767 0.2935267857142857 0.10152116402116403 0.21254960317460317
3 0.21726190476190477 0.3132440476190476 0.062169312169312166 0.17509920634920634
3 0.294973544973545 0.294890873015873 0.08597883597883597 0.2123015873015873
3 0.3864087301587302 0.2927827380952381 0.09358465608465609 0.2170138888888889
3 0.48396164021164023 0.27802579365079366 0.09887566137566138 0.24454365079365079
3 0.5841600529100529 0.2788938492063492 0.08961640211640212 0.24379960317460317
3 0.683531746031746 0.28087797619047616 0.0992063492063492 0.24131944444444445
3 0.7766203703703703 0.28149801587301587 0.10085978835978836 0.2390873015873016
3 0.8463955026455027 0.2958829365079365 0.07043650793650794 0.20833333333333334
3 0.08432539682539683 0.5690724206349206 0.10582010582010581 0.2601686507936508
3 0.1875 0.5677083333333334 0.11177248677248677 0.25595238095238093
3 0.30158730158730157 0.5601438492063492 0.08796296296296297 0.22643849206349206
3 0.38938492063492064 0.5600198412698413 0.09887566137566138 0.22916666666666666
3 0.48726851851851855 0.558655753968254 0.08961640211640212 0.22594246031746032
3 0.5869708994708994 0.5615079365079365 0.09457671957671958 0.23313492063492064
3 0.6812169312169312 0.5648561507936508 0.09722222222222222 0.24231150793650794
3 0.7557870370370371 0.556671626984127 0.08300264550264551 0.22395833333333334
3 0.8723544973544973 0.5639880952380952 0.10582010582010581 0.23859126984126985
3 0.08630952380952381 0.8594990079365079 0.10383597883597884 0.24875992063492064
3 0.18766534391534392 0.8617311507936508 0.1001984126984127 0.24925595238095238
3 0.2876984126984127 0.8566468253968254 0.10978835978835978 0.24454365079365079
3 0.39103835978835977 0.8541666666666666 0.10152116402116403 0.2465277777777778
3 0.4894179894179894 0.8508184523809523 0.10251322751322751 0.2442956349206349
3 0.5882936507936508 0.8505704365079365 0.10185185185185185 0.2442956349206349
3 0.6828703703703703 0.847594246031746 0.10119047619047619 0.24627976190476192
3 0.7749669312169312 0.8447420634920635 0.10482804232804233 0.24404761904761904
3 0.8743386243386243 0.845734126984127 0.1111111111111111 0.24851190476190477
