3 0.19113756613756613 0.17857142857142858 0.09986772486772487 0.22271825396825398
3 0.29646164021164023 0.1769593253968254 0.10945767195767196 0.22991071428571427
3 0.40062830687830686 0.18229166666666666 0.11210317460317461 0.2177579365079365
3 0.5042989417989417 0.1783234126984127 0.1111111111111111 0.22371031746031747
3 0.6083002645502645 0.1786954365079365 0.10284391534391535 0.22395833333333334
3 0.6916335978835979 0.17485119047619047 0.060515873015873016 0.23561507936507936
3 0.8159722222222222 0.17733134920634921 0.09887566137566138 0.23511904761904762
3 0.9011243386243386 0.18601190476190477 0.08796296296296297 0.22569444444444445
3 0.23578042328042328 0.4937996031746032 0.09523809523809523 0.23958333333333334
3 0.32572751322751325 0.49069940476190477 0.09259259259259259 0.23983134920634921
3 0.41881613756613756 0.49032738095238093 0.09093915343915344 0.23859126984126985
3 0.5398478835978836 0.5381944444444444 0.08101851851851852 0.1974206349206349
3 0.6243386243386243 0.4878472222222222 0.10912698412698413 0.25
3 0.7951388888888888 0.4887152777777778 0.07374338624338625 0.2829861111111111
3 0.876984126984127 0.4851190476190476 0.11375661375661375 0.27976190476190477
3 0.9601521164021164 0.48387896825396826 0.0744047619047619 0.2787698412698413
3 0.09904100529100529 0.8474702380952381 0.1359126984126984 0.2876984126984127
3 0.23098544973544974 0.8138640873015873 0.11541005291005291 0.2309027777777778
3 0.333994708994709 0.8070436507936508 0.10582010582010581 0.22668650793650794
3 0.4343584656084656 0.8002232142857143 0.09623015873015874 0.22395833333333334
3 0.5342261904761905 0.7951388888888888 0.10813492063492064 0.2316468253968254
3 0.6668320105820106 0.8139880952380952 0.11408730158730158 0.2757936507936508
3 0.8024140211640212 0.8079117063492064 0.0744047619047619 0.2720734126984127
3 0.8733465608465608 0.7966269841269841 0.10449735449735449 0.2584325396825397
3 0.9563492063492064 0.7936507936507936 0.07605820105820106 0.25744047619047616
