3 0.07837301587301587 0.33717757936507936 0.056878306878306875 0.2750496031746032
3 0.2511574074074074 0.34598214285714285 0.10813492063492064 0.2564484126984127
3 0.35383597883597884 0.36768353174603174 0.0958994708994709 0.2065972222222222
3 0.46296296296296297 0.3479662698412698 0.1130952380952381 0.24603174603174602
3 0.5815145502645502 0.3489583333333333 0.12334656084656084 0.24751984126984128
3 0.6878306878306878 0.3492063492063492 0.11574074074074074 0.24305555555555555
3 0.7885251322751323 0.35441468253968256 0.1173941798941799 0.23115079365079366
3 0.8991402116402116 0.3490823412698413 0.12235449735449735 0.23933531746031747
3 0.35267857142857145 0.6705109126984127 0.11937830687830688 0.29538690476190477
3 0.46312830687830686 0.6684027777777778 0.11541005291005291 0.2941468253968254
3 0.2650462962962963 0.6653025793650794 0.04861111111111111 0.22743055555555555
3 0.7448743386243386 0.6650545634920635 0.12334656084656084 0.2805059523809524
3 0.9085648148148148 0.6625744047619048 0.14715608465608465 0.28149801587301587
3 0.6593915343915344 0.6623263888888888 0.07076719576719577 0.25570436507936506
3 0.5378637566137566 0.6634424603174603 0.08763227513227513 0.24107142857142858
