3 0.06068121693121693 0.23859126984126985 0.07903439153439154 0.20734126984126985
3 0.230489417989418 0.23462301587301587 0.08994708994708994 0.22371031746031747
3 0.32258597883597884 0.2316468253968254 0.09755291005291006 0.22767857142857142
3 0.42328042328042326 0.23524305555555555 0.09325396825396826 0.22296626984126985
3 0.5150462962962963 0.2553323412698413 0.08432539682539683 0.1827876984126984
3 0.6041666666666666 0.2312748015873016 0.09523809523809523 0.22941468253968253
3 0.7076719576719577 0.22408234126984128 0.09986772486772487 0.23933531746031747
3 0.8368055555555556 0.20436507936507936 0.10218253968253968 0.27380952380952384
3 0.9465939153439153 0.203125 0.09490740740740741 0.2748015873015873
3 0.21048280423280424 0.5140128968253969 0.09424603174603174 0.2552083333333333
3 0.3057208994708995 0.5166170634920635 0.09226190476190477 0.2594246031746032
3 0.4060846560846561 0.519469246031746 0.09523809523809523 0.25570436507936506
3 0.5084325396825397 0.5199652777777778 0.10681216931216932 0.2586805555555556
3 0.6083002645502645 0.5135168650793651 0.09490740740740741 0.23685515873015872
3 0.7017195767195767 0.5162450396825397 0.09788359788359788 0.24131944444444445
3 0.8053902116402116 0.5162450396825397 0.10416666666666667 0.24330357142857142
3 0.9332010582010583 0.5270337301587301 0.10582010582010581 0.26587301587301587
3 0.21494708994708994 0.8013392857142857 0.10052910052910052 0.2425595238095238
3 0.3106812169312169 0.8050595238095238 0.09556878306878307 0.24454365079365079
3 0.4088955026455027 0.8081597222222222 0.09556878306878307 0.2418154761904762
3 0.5059523809523809 0.8157242063492064 0.09854497354497355 0.25148809523809523
3 0.6071428571428571 0.8182043650793651 0.09788359788359788 0.25496031746031744
3 0.7084986772486772 0.8225446428571429 0.10218253968253968 0.2517361111111111
3 0.8151455026455027 0.8244047619047619 0.10846560846560846 0.2544642857142857
3 0.9250992063492064 0.8322172619047619 0.11210317460317461 0.26860119047619047
