3 0.25710978835978837 0.3246527777777778 0.08763227513227513 0.22321428571428573
3 0.3414351851851852 0.32056051587301587 0.09490740740740741 0.22395833333333334
3 0.45882936507936506 0.33097718253968256 0.08432539682539683 0.2021329365079365
3 0.5419973544973545 0.3288690476190476 0.08597883597883597 0.20386904761904762
3 0.628968253968254 0.3236607142857143 0.09391534391534391 0.20833333333333334
3 0.7220568783068783 0.31547619047619047 0.09490740740740741 0.21378968253968253
3 0.8182870370370371 0.31274801587301587 0.10085978835978836 0.2152777777777778
3 0.9241071428571429 0.29662698412698413 0.11210317460317461 0.2425595238095238
3 0.3637566137566138 0.5740327380952381 0.06878306878306878 0.1684027777777778
3 0.46494708994708994 0.5818452380952381 0.08664021164021164 0.21180555555555555
3 0.5543981481481481 0.5824652777777778 0.0882936507936508 0.21354166666666666
3 0.7111441798941799 0.5804811507936508 0.09490740740740741 0.21651785714285715
3 0.8045634920634921 0.5849454365079365 0.09722222222222222 0.2309027777777778
3 0.894510582010582 0.5807291666666666 0.10052910052910052 0.22891865079365079
3 0.26322751322751325 0.8461061507936508 0.08928571428571429 0.22594246031746032
3 0.3523478835978836 0.8490823412698413 0.09490740740740741 0.2244543650793651
3 0.4636243386243386 0.8317212301587301 0.08796296296296297 0.18675595238095238
3 0.5370370370370371 0.8392857142857143 0.07539682539682539 0.1949404761904762
3 0.6218584656084656 0.8665674603174603 0.10416666666666667 0.2465277777777778
3 0.7170965608465608 0.8690476190476191 0.10416666666666667 0.2490079365079365
3 0.8139880952380952 0.8728918650793651 0.10218253968253968 0.24280753968253968
3 0.9196428571428571 0.8743799603174603 0.11441798941798942 0.23983134920634921
