5 0.05092592592592592 0.21986607142857142 0.09656084656084656 0.24479166666666666
5 0.1324404761904762 0.2279265873015873 0.08300264550264551 0.22767857142857142
5 0.207010582010582 0.2296626984126984 0.08664021164021164 0.22767857142857142
5 0.28852513227513227 0.22705853174603174 0.08564814814814815 0.22941468253968253
5 0.375 0.22532242063492064 0.1078042328042328 0.23239087301587302
5 0.47701719576719576 0.22470238095238096 0.1001984126984127 0.2371031746031746
5 0.5806878306878307 0.22470238095238096 0.10383597883597884 0.23561507936507936
5 0.669808201058201 0.23499503968253968 0.07308201058201058 0.2130456349206349
5 0.058366402116402115 0.49193948412698413 0.10416666666666667 0.19816468253968253
5 0.1506283068783069 0.49007936507936506 0.08101851851851852 0.19692460317460317
5 0.22701719576719576 0.48921130952380953 0.08234126984126984 0.20064484126984128
5 0.3080357142857143 0.4888392857142857 0.08035714285714286 0.1984126984126984
5 0.39103835978835977 0.4871031746031746 0.10284391534391535 0.19444444444444445
5 0.4894179894179894 0.4861111111111111 0.09722222222222222 0.1949404761904762
5 0.5823412698412699 0.4849950396825397 0.09457671957671958 0.19419642857142858
5 0.675760582010582 0.484375 0.09623015873015874 0.19791666666666666
5 0.1164021164021164 0.7077132936507936 0.07208994708994709 0.13814484126984128
5 0.17741402116402116 0.7181299603174603 0.07175925925925926 0.15997023809523808
5 0.2511574074074074 0.7139136904761905 0.0744047619047619 0.15749007936507936
5 0.3449074074074074 0.6976686507936508 0.06084656084656084 0.13293650793650794
5 0.39186507936507936 0.7008928571428571 0.041005291005291 0.1388888888888889
5 0.4834656084656085 0.6985367063492064 0.06878306878306878 0.13764880952380953
5 0.6866732804232805 0.6987847222222222 0.07242063492063493 0.14360119047619047
5 0.03951719576719577 0.917906746031746 0.07771164021164022 0.13740079365079366
5 0.1259920634920635 0.9115823412698413 0.10582010582010581 0.13268849206349206
5 0.19907407407407407 0.9078621031746031 0.05886243386243386 0.13169642857142858
5 0.27414021164021163 0.9040178571428571 0.07142857142857142 0.13690476190476192
5 0.34308862433862436 0.900421626984127 0.06911375661375661 0.12872023809523808
5 0.4131944444444444 0.8984375 0.0710978835978836 0.13120039682539683
5 0.48296957671957674 0.894593253968254 0.07043650793650794 0.12946428571428573
5 0.5514219576719577 0.8898809523809523 0.06977513227513228 0.1284722222222222
5 0.6208664021164021 0.8874007936507936 0.06779100529100529 0.13194444444444445
5 0.6901455026455027 0.8844246031746031 0.06746031746031746 0.12896825396825398
5 0.7845568783068783 0.4946676587301587 0.08432539682539683 0.1341765873015873
5 0.8687169312169312 0.4937996031746032 0.0873015873015873 0.13343253968253968
5 0.9541997354497355 0.4931795634920635 0.08498677248677249 0.13268849206349206
5 0.7648809523809523 0.7248263888888888 0.0787037037037037 0.14012896825396826
5 0.8445767195767195 0.7217261904761905 0.07936507936507936 0.14285714285714285
5 0.9255952380952381 0.7182539682539683 0.08134920634920635 0.1433531746031746
5 0.7466931216931217 0.9366319444444444 0.05291005291005291 0.11631944444444445
5 0.8158068783068783 0.9368799603174603 0.06084656084656084 0.11681547619047619
6 0.7991071428571429 0.21316964285714285 0.08234126984126984 0.17137896825396826
6 0.8918650793650794 0.20982142857142858 0.08928571428571429 0.17509920634920634
