5 0.07886904761904762 0.14459325396825398 0.05720899470899471 0.12351190476190477
5 0.13607804232804233 0.1449652777777778 0.05919312169312169 0.12375992063492064
5 0.19543650793650794 0.14322916666666666 0.06018518518518518 0.12822420634920634
5 0.2523148148148148 0.14248511904761904 0.05952380952380952 0.12375992063492064
5 0.07457010582010581 0.36408730158730157 0.0625 0.12996031746031747
5 0.13640873015873015 0.36421130952380953 0.06117724867724868 0.13219246031746032
5 0.21164021164021163 0.3695436507936508 0.05952380952380952 0.12301587301587301
5 0.2726521164021164 0.37041170634920634 0.05654761904761905 0.11830357142857142
5 0.34242724867724866 0.3818204365079365 0.04332010582010582 0.08953373015873016
5 0.40244708994708994 0.38492063492063494 0.041666666666666664 0.08581349206349206
5 0.4880952380952381 0.34151785714285715 0.07605820105820106 0.17509920634920634
5 0.5681216931216931 0.34077380952380953 0.07738095238095238 0.17212301587301587
5 0.6469907407407407 0.33990575396825395 0.08035714285714286 0.1753472222222222
5 0.7266865079365079 0.3384176587301587 0.07705026455026455 0.17683531746031747
5 0.8655753968253969 0.3365575396825397 0.07572751322751323 0.17708333333333334
5 0.9332010582010583 0.33482142857142855 0.0667989417989418 0.1775793650793651
5 0.06696428571428571 0.5855654761904762 0.06382275132275132 0.1349206349206349
5 0.1400462962962963 0.5838293650793651 0.05720899470899471 0.12996031746031747
5 0.20171957671957672 0.5838293650793651 0.057539682539682536 0.12748015873015872
5 0.3239087301587302 0.5840773809523809 0.05324074074074074 0.12896825396825398
5 0.3791335978835979 0.5869295634920635 0.06183862433862434 0.13368055555555555
5 0.4396494708994709 0.5861855158730159 0.06183862433862434 0.13516865079365079
5 0.5033068783068783 0.5856894841269841 0.056878306878306875 0.1341765873015873
5 0.5747354497354498 0.5632440476190477 0.08068783068783068 0.1775793650793651
5 0.6547619047619048 0.5636160714285714 0.083994708994709 0.17584325396825398
5 0.7361111111111112 0.564484126984127 0.08002645502645503 0.17609126984126985
5 0.7962962962962963 0.5658482142857143 0.05357142857142857 0.16889880952380953
5 0.8558201058201058 0.5665922619047619 0.06547619047619048 0.16939484126984128
5 0.9181547619047619 0.566468253968254 0.06448412698412699 0.17261904761904762
5 0.08068783068783068 0.7833581349206349 0.0496031746031746 0.1396329365079365
5 0.12913359788359788 0.7935267857142857 0.05787037037037037 0.1371527777777778
5 0.19345238095238096 0.7903025793650794 0.05952380952380952 0.14112103174603174
5 0.25380291005291006 0.7906746031746031 0.06183862433862434 0.14037698412698413
5 0.3123346560846561 0.7915426587301587 0.05919312169312169 0.1416170634920635
5 0.3685515873015873 0.775421626984127 0.049933862433862435 0.12921626984126985
5 0.4661044973544973 0.7844742063492064 0.06117724867724868 0.13541666666666666
5 0.5120701058201058 0.7808779761904762 0.03935185185185185 0.13764880952380953
5 0.5608465608465608 0.7628968253968254 0.06878306878306878 0.1463293650793651
5 0.6382275132275133 0.7664930555555556 0.0787037037037037 0.1505456349206349
5 0.7275132275132276 0.7745535714285714 0.08333333333333333 0.1626984126984127
5 0.8020833333333334 0.7751736111111112 0.06183862433862434 0.16741071428571427
5 0.8678902116402116 0.775421626984127 0.07242063492063493 0.1684027777777778
5 0.9358465608465608 0.7757936507936508 0.07076719576719577 0.1691468253968254
5 0.12152777777777778 0.9543650793650794 0.07175925925925926 0.08581349206349206
5 0.19973544973544974 0.9532490079365079 0.062169312169312166 0.0900297619047619
5 0.25925925925925924 0.9543650793650794 0.05952380952380952 0.08482142857142858
5 0.32159391534391535 0.9556051587301587 0.06580687830687831 0.08333333333333333
5 0.3834325396825397 0.9546130952380952 0.05588624338624339 0.08432539682539683
5 0.4988425925925926 0.9539930555555556 0.06183862433862434 0.08655753968253968
5 0.5659722222222222 0.9496527777777778 0.07705026455026455 0.09176587301587301
5 0.6750992063492064 0.949280753968254 0.07374338624338625 0.0954861111111111
5 0.7450396825396826 0.9495287698412699 0.06746031746031746 0.0900297619047619
5 0.812665343915344 0.949280753968254 0.0744047619047619 0.09250992063492064
5 0.8824404761904762 0.949280753968254 0.06779100529100529 0.09250992063492064
5 0.9444444444444444 0.949280753968254 0.05026455026455026 0.0900297619047619
