3 0.03697916666666667 0.206640625 0.06354166666666666 0.14296875
3 0.1109375 0.198046875 0.059375 0.15234375
3 0.16354166666666667 0.19375 0.05 0.153125
3 0.21354166666666666 0.18671875 0.05625 0.159375
3 0.315625 0.174609375 0.06875 0.17421875
3 0.38125 0.1703125 0.07083333333333333 0.1765625
3 0.4583333333333333 0.163671875 0.06875 0.18046875
3 0.5953125 0.15078125 0.071875 0.1859375
3 0.309375 0.3828125 0.05416666666666667 0.1515625
3 0.3671875 0.3828125 0.06145833333333333 0.1546875
3 0.4125 0.387109375 0.0375 0.14453125
3 0.45625 0.38671875 0.04583333333333333 0.1515625
3 0.49583333333333335 0.3875 0.041666666666666664 0.1609375
3 0.5416666666666666 0.383203125 0.058333333333333334 0.16171875
3 0.6005208333333333 0.3828125 0.06354166666666666 0.171875
3 0.665625 0.381640625 0.07083333333333333 0.17421875
3 0.6697916666666667 0.142578125 0.07291666666666667 0.19296875
3 0.7473958333333334 0.134765625 0.08020833333333334 0.19609375
3 0.7369791666666666 0.379296875 0.06979166666666667 0.18046875
3 0.809375 0.37734375 0.075 0.1859375
3 0.9151041666666667 0.136328125 0.08645833333333333 0.17578125
3 0.9692708333333333 0.382421875 0.053125 0.18046875
3 0.8927083333333333 0.380078125 0.08125 0.17890625
3 0.0484375 0.383984375 0.046875 0.13359375
3 0.058854166666666666 0.53125 0.051041666666666666 0.11875
3 0.3203125 0.555859375 0.059375 0.14296875
3 0.38229166666666664 0.553515625 0.04583333333333333 0.13515625
3 0.42604166666666665 0.55703125 0.04583333333333333 0.1375
3 0.48489583333333336 0.569921875 0.06354166666666666 0.15390625
3 0.5489583333333333 0.569140625 0.06458333333333334 0.15703125
3 0.6307291666666667 0.566796875 0.06145833333333333 0.14921875
3 0.6911458333333333 0.572265625 0.06354166666666666 0.15390625
3 0.7583333333333333 0.576953125 0.07291666666666667 0.15390625
3 0.043229166666666666 0.703125 0.042708333333333334 0.134375
3 0.08072916666666667 0.71015625 0.04479166666666667 0.134375
3 0.12239583333333333 0.718359375 0.046875 0.13984375
3 0.16875 0.726953125 0.05625 0.13984375
3 0.21927083333333333 0.733203125 0.051041666666666666 0.13828125
3 0.271875 0.740234375 0.06041666666666667 0.13671875
3 0.3651041666666667 0.744921875 0.059375 0.13828125
3 0.4317708333333333 0.746875 0.057291666666666664 0.125
3 0.49375 0.765234375 0.06666666666666667 0.14140625
3 0.5692708333333333 0.7859375 0.06770833333333333 0.1734375
3 0.6364583333333333 0.796875 0.07083333333333333 0.1734375
3 0.7072916666666667 0.8078125 0.075 0.18125
3 0.7869791666666667 0.8171875 0.08020833333333334 0.18125
3 0.8848958333333333 0.809765625 0.06979166666666667 0.14453125
3 0.9583333333333334 0.825390625 0.06041666666666667 0.15703125
3 0.9526041666666667 0.591015625 0.06770833333333333 0.16953125
3 0.88125 0.58125 0.07083333333333333 0.15
