3 0.2761243386243386 0.27132936507936506 0.07539682539682539 0.20932539682539683
3 0.35400132275132273 0.26599702380952384 0.0796957671957672 0.21006944444444445
3 0.4722222222222222 0.2760416666666667 0.08267195767195767 0.1865079365079365
3 0.548941798941799 0.27467757936507936 0.08597883597883597 0.1857638888888889
3 0.6296296296296297 0.26339285714285715 0.08862433862433862 0.20287698412698413
3 0.716765873015873 0.2628968253968254 0.0882936507936508 0.2003968253968254
3 0.8458994708994709 0.2449156746031746 0.09193121693121693 0.23139880952380953
3 0.3005952380952381 0.5279017857142857 0.09259259259259259 0.2234623015873016
3 0.656415343915344 0.5241815476190477 0.09126984126984126 0.22296626984126985
3 0.7470238095238095 0.5235615079365079 0.09523809523809523 0.2296626984126984
3 0.8501984126984127 0.5255456349206349 0.09523809523809523 0.23214285714285715
3 0.32258597883597884 0.8237847222222222 0.10152116402116403 0.23635912698412698
3 0.4183201058201058 0.8146081349206349 0.09259259259259259 0.2269345238095238
3 0.5102513227513228 0.8173363095238095 0.09656084656084656 0.23387896825396826
3 0.6058201058201058 0.8149801587301587 0.09986772486772487 0.23462301587301587
3 0.703207671957672 0.8131200396825397 0.09358465608465609 0.23487103174603174
3 0.7979497354497355 0.8095238095238095 0.09656084656084656 0.23313492063492064
3 0.890707671957672 0.8092757936507936 0.09027777777777778 0.23363095238095238
