3 0.11888227513227513 0.11631944444444445 0.0744047619047619 0.14930555555555555
3 0.19725529100529102 0.11681547619047619 0.08167989417989419 0.14831349206349206
3 0.2779431216931217 0.11867559523809523 0.0796957671957672 0.14905753968253968
3 0.35830026455026454 0.11793154761904762 0.07374338624338625 0.14905753968253968
3 0.4341931216931217 0.11669146825396826 0.07936507936507936 0.15302579365079366
3 0.5128968253968254 0.11805555555555555 0.083994708994709 0.15029761904761904
3 0.5916005291005291 0.13826884920634921 0.07605820105820106 0.109375
3 0.6800595238095238 0.12103174603174603 0.07043650793650794 0.15079365079365079
3 0.763723544973545 0.12549603174603174 0.07572751322751323 0.14930555555555555
3 0.8412698412698413 0.12735615079365079 0.08002645502645503 0.14459325396825398
3 0.892526455026455 0.13690476190476192 0.0582010582010582 0.1284722222222222
3 0.09292328042328042 0.34858630952380953 0.09523809523809523 0.2160218253968254
3 0.20866402116402116 0.3628472222222222 0.07341269841269842 0.18700396825396826
3 0.2878637566137566 0.36569940476190477 0.08366402116402116 0.17881944444444445
3 0.37020502645502645 0.37450396825396826 0.07705026455026455 0.16220238095238096
3 0.5109126984126984 0.3732638888888889 0.0787037037037037 0.1636904761904762
3 0.6871693121693122 0.3838045634920635 0.06349206349206349 0.1470734126984127
3 0.7533068783068783 0.3804563492063492 0.06746031746031746 0.15079365079365079
3 0.8196097883597884 0.3794642857142857 0.07374338624338625 0.15228174603174602
3 0.09424603174603174 0.5863095238095238 0.05952380952380952 0.16815476190476192
3 0.18386243386243387 0.5777529761904762 0.06547619047619048 0.17485119047619047
3 0.25992063492063494 0.5799851190476191 0.07473544973544974 0.17336309523809523
3 0.34077380952380953 0.5858134920634921 0.07308201058201058 0.16964285714285715
3 0.7260251322751323 0.595734126984127 0.08498677248677249 0.15079365079365079
3 0.20651455026455026 0.8441220238095238 0.08895502645502645 0.18328373015873015
3 0.13657407407407407 0.8309771825396826 0.05555555555555555 0.15203373015873015
3 0.3004298941798942 0.8307291666666666 0.07705026455026455 0.16245039682539683
3 0.7551256613756614 0.8080357142857143 0.07506613756613757 0.12549603174603174
3 0.8224206349206349 0.8045634920634921 0.07275132275132275 0.11805555555555555
