6 0.04398148148148148 0.2992311507936508 0.07671957671957672 0.16344246031746032
6 0.10714285714285714 0.2986111111111111 0.08002645502645503 0.1636904761904762
6 0.17294973544973544 0.2993551587301587 0.06944444444444445 0.16121031746031747
6 0.23743386243386244 0.3003472222222222 0.07407407407407407 0.1636904761904762
6 0.30439814814814814 0.3010912698412698 0.0710978835978836 0.1661706349206349
6 0.3705357142857143 0.2992311507936508 0.0710978835978836 0.16691468253968253
6 0.4396494708994709 0.3004712301587302 0.06911375661375661 0.16939484126984128
6 0.5047949735449735 0.29910714285714285 0.0744047619047619 0.1691468253968254
6 0.5758928571428571 0.2996031746031746 0.07506613756613757 0.1736111111111111
5 0.07175925925925926 0.4885912698412698 0.06481481481481481 0.1527777777777778
5 0.1283068783068783 0.49193948412698413 0.06481481481481481 0.15401785714285715
5 0.19130291005291006 0.48995535714285715 0.06580687830687831 0.15401785714285715
5 0.2521494708994709 0.4905753968253968 0.06382275132275132 0.15327380952380953
5 0.3156415343915344 0.49107142857142855 0.0625 0.15476190476190477
5 0.37466931216931215 0.4937996031746032 0.06349206349206349 0.15575396825396826
5 0.4485780423280423 0.49268353174603174 0.0625 0.14558531746031747
5 0.560681216931217 0.4976438492063492 0.060515873015873016 0.15203373015873015
5 0.623181216931217 0.49528769841269843 0.05853174603174603 0.14930555555555555
5 0.69130291005291 0.5002480158730159 0.0625 0.15773809523809523
5 0.7566137566137566 0.501984126984127 0.057539682539682536 0.15922619047619047
5 0.8131613756613757 0.503844246031746 0.04298941798941799 0.16493055555555555
5 0.07953042328042328 0.6655505952380952 0.06514550264550265 0.13516865079365079
5 0.1357473544973545 0.6669146825396826 0.06580687830687831 0.13938492063492064
5 0.19411375661375663 0.6676587301587301 0.06481481481481481 0.14285714285714285
5 0.2534722222222222 0.6685267857142857 0.06117724867724868 0.13665674603174602
5 0.3123346560846561 0.671875 0.06183862433862434 0.13938492063492064
5 0.37202380952380953 0.6748511904761905 0.05952380952380952 0.14087301587301587
5 0.43270502645502645 0.6746031746031746 0.06117724867724868 0.14136904761904762
5 0.4973544973544973 0.6769593253968254 0.06481481481481481 0.14310515873015872
5 0.560515873015873 0.6798115079365079 0.0582010582010582 0.14484126984126985
5 0.6215277777777778 0.6801835317460317 0.059854497354497355 0.14112103174603174
5 0.6832010582010583 0.6834077380952381 0.06084656084656084 0.14012896825396826
5 0.75380291005291 0.6861359126984127 0.04861111111111111 0.1416170634920635
5 0.042162698412698416 0.824280753968254 0.06183862433862434 0.1267361111111111
5 0.09738756613756613 0.8293650793650794 0.0625 0.12996031746031747
5 0.1550925925925926 0.8332093253968254 0.061507936507936505 0.1297123015873016
5 0.21246693121693122 0.8358134920634921 0.06183862433862434 0.13045634920634921
5 0.2701719576719577 0.8390376984126984 0.05952380952380952 0.13045634920634921
5 0.32572751322751325 0.8412698412698413 0.05952380952380952 0.13392857142857142
5 0.3819444444444444 0.8426339285714286 0.05886243386243386 0.13566468253968253
5 0.44229497354497355 0.8467261904761905 0.06183862433862434 0.13938492063492064
5 0.5 0.8482142857142857 0.057539682539682536 0.13640873015873015
5 0.5580357142857143 0.8504464285714286 0.054563492063492064 0.13392857142857142
5 0.7366071428571429 0.8588789682539683 0.06448412698412699 0.14087301587301587
5 0.7984457671957672 0.8598710317460317 0.0625 0.13442460317460317
