6 0.04580026455026455 0.24937996031746032 0.0710978835978836 0.17782738095238096
6 0.1349206349206349 0.24714781746031747 0.0787037037037037 0.17881944444444445
6 0.2113095238095238 0.24764384920634921 0.082010582010582 0.17881944444444445
6 0.29298941798941797 0.24776785714285715 0.08068783068783068 0.1810515873015873
6 0.3718584656084656 0.2513640873015873 0.07572751322751323 0.17485119047619047
6 0.4503968253968254 0.25322420634920634 0.0787037037037037 0.1775793650793651
6 0.5264550264550265 0.25496031746031744 0.07605820105820106 0.17509920634920634
6 0.6668320105820106 0.25967261904761907 0.07572751322751323 0.17212301587301587
6 0.7633928571428571 0.2595486111111111 0.07903439153439154 0.17336309523809523
6 0.8483796296296297 0.2571924603174603 0.0796957671957672 0.17559523809523808
6 0.9178240740740741 0.26240079365079366 0.0625 0.17063492063492064
6 0.9751984126984127 0.26240079365079366 0.04828042328042328 0.17113095238095238
5 0.21494708994708994 0.46416170634920634 0.07076719576719577 0.16294642857142858
5 0.3123346560846561 0.4646577380952381 0.07903439153439154 0.15947420634920634
5 0.392526455026455 0.4650297619047619 0.07076719576719577 0.15873015873015872
5 0.46709656084656087 0.46552579365079366 0.07308201058201058 0.15922619047619047
5 0.5418320105820106 0.4694940476190476 0.07374338624338625 0.16319444444444445
5 0.62119708994709 0.47023809523809523 0.08101851851851852 0.16021825396825398
5 0.6980820105820106 0.4722222222222222 0.07407407407407407 0.1636904761904762
5 0.7690145502645502 0.4740823412698413 0.06712962962962964 0.16245039682539683
5 0.8409391534391535 0.47507440476190477 0.07804232804232804 0.16592261904761904
5 0.9107142857142857 0.4713541666666667 0.06349206349206349 0.1589781746031746
5 0.12566137566137567 0.6530257936507936 0.06415343915343916 0.14136904761904762
5 0.24735449735449735 0.6653025793650794 0.07539682539682539 0.1589781746031746
5 0.32175925925925924 0.6693948412698413 0.07407407407407407 0.1572420634920635
5 0.3951719576719577 0.6681547619047619 0.07407407407407407 0.15773809523809523
5 0.47255291005291006 0.6691468253968254 0.06944444444444445 0.16121031746031747
5 0.5434854497354498 0.6716269841269841 0.07242063492063493 0.15823412698412698
5 0.6178902116402116 0.6717509920634921 0.07308201058201058 0.15699404761904762
5 0.6921296296296297 0.6734871031746031 0.07208994708994709 0.15997023809523808
5 0.7645502645502645 0.673859126984127 0.07275132275132275 0.1552579365079365
5 0.8409391534391535 0.6752232142857143 0.07473544973544974 0.15699404761904762
5 0.9123677248677249 0.6747271825396826 0.06415343915343916 0.1579861111111111
5 0.9713955026455027 0.6752232142857143 0.04728835978835979 0.1609623015873016
5 0.21081349206349206 0.8394097222222222 0.07705026455026455 0.11086309523809523
5 0.3406084656084656 0.8470982142857143 0.07936507936507936 0.12375992063492064
5 0.4365079365079365 0.8596230158730159 0.082010582010582 0.14484126984126985
5 0.5198412698412699 0.863343253968254 0.08597883597883597 0.14781746031746032
5 0.628968253968254 0.8607390873015873 0.07936507936507936 0.14310515873015872
5 0.7638888888888888 0.8634672619047619 0.06944444444444445 0.1480654761904762
5 0.8356481481481481 0.8679315476190477 0.07407407407407407 0.1480654761904762
5 0.9052579365079365 0.8668154761904762 0.06911375661375661 0.14484126984126985
