5 0.26587301587301587 0.40476190476190477 0.08134920634920635 0.17559523809523808
5 0.3414351851851852 0.40612599206349204 0.09027777777777778 0.1783234126984127
5 0.42228835978835977 0.40600198412698413 0.0787037037037037 0.17311507936507936
5 0.5009920634920635 0.40649801587301587 0.07804232804232804 0.1775793650793651
5 0.5765542328042328 0.4068700396825397 0.0763888888888889 0.17584325396825398
5 0.6421957671957672 0.4046378968253968 0.06283068783068783 0.16939484126984128
5 0.7202380952380952 0.4280753968253968 0.062169312169312166 0.12648809523809523
5 0.7845568783068783 0.40625 0.05787037037037037 0.1597222222222222
5 0.8665674603174603 0.4069940476190476 0.07308201058201058 0.1691468253968254
5 0.27843915343915343 0.6098710317460317 0.06812169312169312 0.13293650793650794
5 0.3382936507936508 0.6088789682539683 0.05357142857142857 0.13392857142857142
5 0.40476190476190477 0.5983382936507936 0.06283068783068783 0.12227182539682539
5 0.46147486772486773 0.5959821428571429 0.05919312169312169 0.12351190476190477
5 0.5299272486772487 0.6066468253968254 0.059854497354497355 0.12549603174603174
5 0.5869708994708994 0.6049107142857143 0.057539682539682536 0.12748015873015872
5 0.6441798941798942 0.6047867063492064 0.057539682539682536 0.12723214285714285
5 0.7013888888888888 0.6039186507936508 0.0582010582010582 0.12698412698412698
5 0.7534722222222222 0.6000744047619048 0.049933862433862435 0.12276785714285714
5 0.8083664021164021 0.6006944444444444 0.05720899470899471 0.12549603174603174
5 0.8601190476190477 0.5998263888888888 0.046957671957671955 0.12425595238095238
5 0.2847222222222222 0.7786458333333334 0.06613756613756613 0.1267361111111111
5 0.3523478835978836 0.7751736111111112 0.06316137566137567 0.12227182539682539
5 0.4097222222222222 0.771453373015873 0.05886243386243386 0.1232638888888889
5 0.46742724867724866 0.7725694444444444 0.05919312169312169 0.12797619047619047
5 0.5209986772486772 0.7703373015873016 0.05588624338624339 0.12450396825396826
5 0.5777116402116402 0.7677331349206349 0.056878306878306875 0.1212797619047619
5 0.6327711640211641 0.7643849206349206 0.05125661375661376 0.12351190476190477
5 0.6860119047619048 0.7658730158730159 0.054563492063492064 0.1185515873015873
5 0.7379298941798942 0.7628968253968254 0.04861111111111111 0.11805555555555555
5 0.7873677248677249 0.7529761904761905 0.046957671957671955 0.10813492063492064
6 0.24735449735449735 0.17919146825396826 0.07341269841269842 0.19766865079365079
6 0.31812169312169314 0.1793154761904762 0.09325396825396826 0.19593253968253968
6 0.4097222222222222 0.19010416666666666 0.08068783068783068 0.1817956349206349
6 0.5031415343915344 0.18663194444444445 0.07572751322751323 0.18229166666666666
6 0.5646494708994709 0.1909722222222222 0.06712962962962964 0.1775793650793651
6 0.6302910052910053 0.19655257936507936 0.06878306878306878 0.16393849206349206
6 0.9300595238095238 0.5930059523809523 0.08101851851851852 0.13640873015873015
6 0.28951719576719576 0.9294394841269841 0.06514550264550265 0.10739087301587301
6 0.3505291005291005 0.927703373015873 0.0582010582010582 0.10094246031746032
6 0.4105489417989418 0.9211309523809523 0.05853174603174603 0.09672619047619048
6 0.46941137566137564 0.9201388888888888 0.05720899470899471 0.09970238095238096
6 0.5257936507936508 0.9172867063492064 0.05555555555555555 0.09945436507936507
6 0.5803571428571429 0.9150545634920635 0.052248677248677246 0.0954861111111111
6 0.6390542328042328 0.9130704365079365 0.04398148148148148 0.09598214285714286
6 0.6908068783068783 0.910218253968254 0.057539682539682536 0.09573412698412699
6 0.7445436507936508 0.9079861111111112 0.05324074074074074 0.09722222222222222
6 0.7997685185185185 0.9063740079365079 0.05191798941798942 0.09796626984126984
6 0.9027777777777778 0.8971974206349206 0.062169312169312166 0.09151785714285714
6 0.9623015873015873 0.8978174603174603 0.0582010582010582 0.09375
6 0.042162698412698416 0.19655257936507936 0.07043650793650794 0.1932043650793651
5 0.06415343915343916 0.42571924603174605 0.06084656084656084 0.17336309523809523
5 0.04513888888888889 0.6276041666666666 0.06514550264550265 0.15203373015873015
5 0.08912037037037036 0.6335565476190477 0.04927248677248677 0.16145833333333334
5 0.10796957671957672 0.822296626984127 0.04794973544973545 0.1440972222222222
