6 0.29464285714285715 0.34685019841269843 0.056878306878306875 0.18377976190476192
6 0.36078042328042326 0.34933035714285715 0.06944444444444445 0.17981150793650794
6 0.419973544973545 0.572296626984127 0.05886243386243386 0.19419642857142858
6 0.4851190476190476 0.5749007936507936 0.06481481481481481 0.19593253968253968
6 0.5540674603174603 0.5751488095238095 0.0744047619047619 0.19990079365079366
6 0.6276455026455027 0.5765128968253969 0.07407407407407407 0.203125
6 0.550760582010582 0.8179563492063492 0.07572751322751323 0.20089285714285715
6 0.626984126984127 0.824280753968254 0.07341269841269842 0.20610119047619047
5 0.17162698412698413 0.3506944444444444 0.05886243386243386 0.17956349206349206
5 0.23346560846560846 0.34970238095238093 0.061507936507936505 0.18204365079365079
5 0.16666666666666666 0.5678323412698413 0.05489417989417989 0.1827876984126984
5 0.22933201058201058 0.5696924603174603 0.05125661375661376 0.18551587301587302
5 0.2906746031746032 0.5716765873015873 0.056216931216931214 0.18154761904761904
5 0.3544973544973545 0.5724206349206349 0.06547619047619048 0.18601190476190477
5 0.39616402116402116 0.8062996031746031 0.06812169312169312 0.19345238095238096
5 0.466765873015873 0.8137400793650794 0.07374338624338625 0.19990079365079366
6 0.4935515873015873 0.3560267857142857 0.04861111111111111 0.16245039682539683
6 0.5545634920634921 0.3451140873015873 0.07076719576719577 0.1827876984126984
6 0.6337632275132276 0.3523065476190476 0.06514550264550265 0.16889880952380953
6 0.7058531746031746 0.3521825396825397 0.07242063492063493 0.1661706349206349
6 0.7971230158730159 0.33804563492063494 0.08498677248677249 0.19246031746031747
6 0.8839285714285714 0.3345734126984127 0.08597883597883597 0.1974206349206349
5 0.11822089947089948 0.791046626984127 0.055224867724867725 0.1932043650793651
5 0.062169312169312166 0.7752976190476191 0.05555555555555555 0.1701388888888889
6 0.7033730158730159 0.828125 0.06283068783068783 0.1671626984126984
6 0.8029100529100529 0.8427579365079365 0.09391534391534391 0.16964285714285715
6 0.8880621693121693 0.8484623015873016 0.08300264550264551 0.16666666666666666
6 0.9606481481481481 0.859375 0.07076719576719577 0.16567460317460317
