6 0.06183862433862434 0.45498511904761907 0.062169312169312166 0.1619543650793651
6 0.12103174603174603 0.45783730158730157 0.06018518518518518 0.15674603174603174
6 0.18204365079365079 0.4556051587301587 0.06712962962962964 0.16121031746031747
6 0.24239417989417988 0.45436507936507936 0.05489417989417989 0.1597222222222222
6 0.30224867724867727 0.4556051587301587 0.06415343915343916 0.16071428571428573
6 0.3621031746031746 0.4567212301587302 0.062169312169312166 0.1644345238095238
6 0.42294973544973546 0.4556051587301587 0.06018518518518518 0.15922619047619047
6 0.4836309523809524 0.4547371031746032 0.06382275132275132 0.1654265873015873
6 0.5444775132275133 0.45461309523809523 0.06382275132275132 0.1636904761904762
6 0.6058201058201058 0.455109126984127 0.06349206349206349 0.16319444444444445
6 0.6683201058201058 0.4544890873015873 0.06283068783068783 0.1644345238095238
6 0.7308201058201058 0.455109126984127 0.06878306878306878 0.16517857142857142
6 0.7951388888888888 0.455109126984127 0.06977513227513228 0.16666666666666666
6 0.8536706349206349 0.45696924603174605 0.06448412698412699 0.16145833333333334
6 0.9300595238095238 0.4522569444444444 0.0796957671957672 0.1684027777777778
6 0.05505952380952381 0.6677827380952381 0.05919312169312169 0.17633928571428573
6 0.11656746031746032 0.6667906746031746 0.06183862433862434 0.16889880952380953
6 0.1789021164021164 0.6705109126984127 0.05952380952380952 0.16989087301587302
6 0.2392526455026455 0.6695188492063492 0.06712962962962964 0.17336309523809523
6 0.302744708994709 0.6710069444444444 0.06316137566137567 0.17435515873015872
6 0.36491402116402116 0.6724950396825397 0.06646825396825397 0.17633928571428573
6 0.4234457671957672 0.6711309523809523 0.06712962962962964 0.17906746031746032
6 0.4885912698412698 0.6739831349206349 0.06911375661375661 0.18328373015873015
6 0.5524140211640212 0.675719246031746 0.06448412698412699 0.18080357142857142
6 0.6155753968253969 0.6763392857142857 0.07043650793650794 0.17956349206349206
6 0.6755952380952381 0.6760912698412699 0.06878306878306878 0.18204365079365079
6 0.7414021164021164 0.6764632936507936 0.07341269841269842 0.18675595238095238
6 0.8088624338624338 0.6803075396825397 0.07473544973544974 0.18700396825396826
6 0.8716931216931217 0.6785714285714286 0.06613756613756613 0.18204365079365079
6 0.9360119047619048 0.6800595238095238 0.08035714285714286 0.1875
