3 0.11574074074074074 0.09176587301587301 0.12764550264550265 0.18353174603174602
3 0.24057539682539683 0.09151785714285714 0.10085978835978836 0.1765873015873016
3 0.33134920634920634 0.09114583333333333 0.08531746031746032 0.17733134920634921
3 0.42724867724867727 0.0882936507936508 0.09722222222222222 0.17559523809523808
3 0.5209986772486772 0.09164186507936507 0.08432539682539683 0.16592261904761904
3 0.6111111111111112 0.09226190476190477 0.08531746031746032 0.16418650793650794
3 0.7123015873015873 0.08655753968253968 0.08531746031746032 0.16567460317460317
3 0.8111772486772487 0.08655753968253968 0.07936507936507936 0.16567460317460317
3 0.8827711640211641 0.08891369047619048 0.05919312169312169 0.1589781746031746
3 0.9437830687830688 0.09647817460317461 0.06018518518518518 0.1378968253968254
3 0.053736772486772486 0.35974702380952384 0.08498677248677249 0.20907738095238096
3 0.12896825396825398 0.3585069444444444 0.09656084656084656 0.20858134920634921
3 0.20006613756613756 0.35639880952380953 0.0667989417989418 0.2088293650793651
3 0.2671957671957672 0.3577628968253968 0.09126984126984126 0.22495039682539683
3 0.3523478835978836 0.3541666666666667 0.09556878306878307 0.22271825396825398
3 0.43882275132275134 0.3523065476190476 0.09523809523809523 0.22643849206349206
3 0.5267857142857143 0.35007440476190477 0.0873015873015873 0.22842261904761904
3 0.6165674603174603 0.3489583333333333 0.08697089947089948 0.2261904761904762
3 0.7076719576719577 0.34585813492063494 0.07936507936507936 0.23139880952380953
3 0.7918320105820106 0.3430059523809524 0.08366402116402116 0.23313492063492064
3 0.9135251322751323 0.3420138888888889 0.09821428571428571 0.25496031746031744
3 0.09176587301587301 0.6276041666666666 0.10681216931216932 0.22098214285714285
3 0.18039021164021163 0.6256200396825397 0.10284391534391535 0.21750992063492064
3 0.2718253968253968 0.6226438492063492 0.09523809523809523 0.2204861111111111
3 0.3587962962962963 0.6233878968253969 0.09656084656084656 0.21899801587301587
3 0.4470899470899471 0.6245039682539683 0.0958994708994709 0.2261904761904762
3 0.5375330687830688 0.6212797619047619 0.09093915343915344 0.2222222222222222
3 0.6306216931216931 0.6212797619047619 0.09523809523809523 0.22470238095238096
3 0.7195767195767195 0.6209077380952381 0.09457671957671958 0.22495039682539683
3 0.8148148148148148 0.6217757936507936 0.09193121693121693 0.22767857142857142
3 0.90625 0.619171626984127 0.08961640211640212 0.2244543650793651
3 0.056051587301587304 0.8519345238095238 0.08895502645502645 0.15575396825396826
3 0.12946428571428573 0.8506944444444444 0.10284391534391535 0.1552579365079365
3 0.3237433862433862 0.8349454365079365 0.08994708994708994 0.1297123015873016
3 0.46808862433862436 0.8740079365079365 0.09226190476190477 0.20535714285714285
3 0.5573743386243386 0.8728918650793651 0.08630952380952381 0.2021329365079365
3 0.6276455026455027 0.8444940476190477 0.06878306878306878 0.14732142857142858
3 0.7015542328042328 0.8426339285714286 0.07506613756613757 0.14211309523809523
3 0.8080357142857143 0.8673115079365079 0.08498677248677249 0.19444444444444445
3 0.9027777777777778 0.8686755952380952 0.08928571428571429 0.1956845238095238
