3 0.029166666666666667 0.183203125 0.05416666666666667 0.17109375
3 0.0859375 0.180078125 0.06145833333333333 0.17421875
3 0.15364583333333334 0.177734375 0.071875 0.17578125
3 0.22447916666666667 0.1765625 0.06979166666666667 0.1765625
3 0.2947916666666667 0.17265625 0.07291666666666667 0.1828125
3 0.3671875 0.16953125 0.07395833333333333 0.1875
3 0.4432291666666667 0.16953125 0.078125 0.1828125
3 0.521875 0.16484375 0.07916666666666666 0.1921875
3 0.5984375 0.1625 0.078125 0.19375
3 0.7088541666666667 0.155078125 0.06145833333333333 0.20078125
3 0.7796875 0.153125 0.08229166666666667 0.1984375
3 0.8796875 0.178515625 0.06979166666666667 0.14296875
3 0.9734375 0.1390625 0.046875 0.215625
3 0.0453125 0.403515625 0.06145833333333333 0.16640625
3 0.1546875 0.40390625 0.06354166666666666 0.171875
3 0.221875 0.404296875 0.07083333333333333 0.17734375
3 0.2869791666666667 0.40390625 0.06979166666666667 0.18125
3 0.3536458333333333 0.406640625 0.065625 0.18359375
3 0.4270833333333333 0.4046875 0.06875 0.184375
3 0.16302083333333334 0.590234375 0.059375 0.13359375
3 0.22083333333333333 0.592578125 0.058333333333333334 0.14453125
3 0.2765625 0.59453125 0.057291666666666664 0.1390625
3 0.33177083333333335 0.598046875 0.057291666666666664 0.14296875
3 0.3875 0.598828125 0.05625 0.15078125
3 0.4348958333333333 0.6046875 0.034375 0.15
3 0.4828125 0.631640625 0.06354166666666666 0.21328125
3 0.5536458333333333 0.62890625 0.071875 0.2078125
3 0.6302083333333334 0.635546875 0.07291666666666667 0.20546875
3 0.49895833333333334 0.407421875 0.07083333333333333 0.18671875
3 0.5677083333333334 0.406640625 0.06875 0.19296875
3 0.7166666666666667 0.41796875 0.06875 0.1734375
3 0.6317708333333333 0.410546875 0.05520833333333333 0.17734375
3 0.041666666666666664 0.81328125 0.05416666666666667 0.1828125
3 0.09739583333333333 0.822265625 0.071875 0.19140625
3 0.16979166666666667 0.82578125 0.07083333333333333 0.1859375
3 0.24270833333333333 0.837109375 0.07083333333333333 0.19140625
3 0.309375 0.843359375 0.0625 0.18359375
3 0.37864583333333335 0.8515625 0.07395833333333333 0.19375
3 0.45677083333333335 0.85390625 0.06979166666666667 0.1890625
3 0.5244791666666667 0.8671875 0.07395833333333333 0.1984375
3 0.5963541666666666 0.873828125 0.06145833333333333 0.20390625
3 0.6880208333333333 0.890625 0.065625 0.2140625
3 0.759375 0.89375 0.07291666666666667 0.2046875
3 0.8442708333333333 0.8984375 0.084375 0.1953125
3 0.9260416666666667 0.903125 0.07916666666666666 0.190625
