6 0.06365740740740741 0.2052331349206349 0.1173941798941799 0.24032738095238096
6 0.1615410052910053 0.2058531746031746 0.09755291005291006 0.24057539682539683
6 0.3455687830687831 0.2058531746031746 0.06878306878306878 0.24603174603174602
6 0.42939814814814814 0.2109375 0.10152116402116403 0.24379960317460317
6 0.5284391534391535 0.21242559523809523 0.10582010582010581 0.2418154761904762
6 0.6254960317460317 0.2123015873015873 0.10615079365079365 0.24454365079365079
6 0.7086640211640212 0.21354166666666666 0.08664021164021164 0.24107142857142858
6 0.9679232804232805 0.21242559523809523 0.0582010582010582 0.24131944444444445
6 0.13508597883597884 0.4724702380952381 0.11078042328042328 0.1949404761904762
6 0.22569444444444445 0.4742063492063492 0.10747354497354497 0.19990079365079366
6 0.3189484126984127 0.4740823412698413 0.10152116402116403 0.19469246031746032
6 0.4083994708994709 0.47619047619047616 0.09854497354497355 0.1939484126984127
6 0.498015873015873 0.47470238095238093 0.08796296296296297 0.19246031746031747
6 0.5901124338624338 0.47532242063492064 0.09490740740740741 0.1922123015873016
6 0.6832010582010583 0.47544642857142855 0.09126984126984126 0.19345238095238096
6 0.7741402116402116 0.4765625 0.09457671957671958 0.19122023809523808
6 0.8521825396825397 0.4724702380952381 0.07671957671957672 0.1840277777777778
6 0.9345238095238095 0.4722222222222222 0.10119047619047619 0.18452380952380953
6 0.05357142857142857 0.8779761904761905 0.07738095238095238 0.11259920634920635
6 0.11259920634920635 0.8787202380952381 0.09226190476190477 0.11259920634920635
6 0.36689814814814814 0.8792162698412699 0.0710978835978836 0.11656746031746032
6 0.42824074074074076 0.878968253968254 0.062169312169312166 0.11458333333333333
6 0.49289021164021163 0.8794642857142857 0.06448412698412699 0.11408730158730158
6 0.5565476190476191 0.8813244047619048 0.06547619047619048 0.11731150793650794
6 0.6195436507936508 0.880828373015873 0.06183862433862434 0.11631944444444445
6 0.69130291005291 0.8787202380952381 0.06911375661375661 0.11607142857142858
6 0.7528108465608465 0.8797123015873016 0.05787037037037037 0.11507936507936507
5 0.07771164021164022 0.6976686507936508 0.10052910052910052 0.16071428571428573
5 0.16104497354497355 0.6989087301587301 0.08994708994708994 0.15823412698412698
5 0.24603174603174602 0.699280753968254 0.09060846560846561 0.16046626984126985
5 0.4105489417989418 0.6786954365079365 0.08630952380952381 0.12425595238095238
5 0.4912367724867725 0.6856398809523809 0.0882936507936508 0.13516865079365079
5 0.5692791005291006 0.6824156746031746 0.08234126984126984 0.1267361111111111
5 0.6557539682539683 0.6871279761904762 0.0787037037037037 0.14112103174603174
5 0.7359457671957672 0.6862599206349206 0.07903439153439154 0.13988095238095238
5 0.8227513227513228 0.6970486111111112 0.08862433862433862 0.1589781746031746
5 0.90625 0.6969246031746031 0.0882936507936508 0.16170634920634921
