5 0.19460978835978837 0.14992559523809523 0.05125661375661376 0.1416170634920635
5 0.24388227513227514 0.1505456349206349 0.05324074074074074 0.14037698412698413
5 0.29398148148148145 0.15166170634920634 0.051587301587301584 0.13764880952380953
5 0.3425925925925926 0.14967757936507936 0.052248677248677246 0.1371527777777778
5 0.39467592592592593 0.1474454365079365 0.05654761904761905 0.13764880952380953
5 0.44758597883597884 0.14583333333333334 0.05324074074074074 0.14285714285714285
5 0.4990079365079365 0.1484375 0.057539682539682536 0.13764880952380953
5 0.5505952380952381 0.14719742063492064 0.056216931216931214 0.1371527777777778
5 0.5997023809523809 0.14769345238095238 0.0539021164021164 0.13764880952380953
5 0.19361772486772486 0.3353174603174603 0.04728835978835979 0.15476190476190477
5 0.24272486772486773 0.33581349206349204 0.056216931216931214 0.15773809523809523
5 0.2961309523809524 0.33618551587301587 0.05191798941798942 0.15203373015873015
5 0.35714285714285715 0.34858630952380953 0.046957671957671955 0.12624007936507936
5 0.4011243386243386 0.3461061507936508 0.042328042328042326 0.1341765873015873
5 0.447255291005291 0.33556547619047616 0.05191798941798942 0.15476190476190477
5 0.5006613756613757 0.3350694444444444 0.056216931216931214 0.15625
5 0.5543981481481481 0.3335813492063492 0.05125661375661376 0.15575396825396826
5 0.6043320105820106 0.33296130952380953 0.05588624338624339 0.1589781746031746
5 0.03091931216931217 0.5457589285714286 0.03736772486772487 0.11929563492063493
5 0.07142857142857142 0.5474950396825397 0.04563492063492063 0.1212797619047619
5 0.13839285714285715 0.5474950396825397 0.05191798941798942 0.12227182539682539
5 0.19212962962962962 0.5275297619047619 0.052248677248677246 0.15873015873015872
5 0.24421296296296297 0.5281498015873016 0.05324074074074074 0.15749007936507936
5 0.3506944444444444 0.5280257936507936 0.054563492063492064 0.15128968253968253
5 0.40244708994708994 0.5256696428571429 0.051587301587301584 0.15401785714285715
5 0.45006613756613756 0.5246775793650794 0.051587301587301584 0.1545138888888889
5 0.5016534391534392 0.5269097222222222 0.0582010582010582 0.15848214285714285
5 0.5539021164021164 0.5281498015873016 0.05489417989417989 0.15848214285714285
5 0.6071428571428571 0.527281746031746 0.056216931216931214 0.15922619047619047
5 0.6726190476190477 0.5354662698412699 0.05423280423280423 0.14037698412698413
5 0.8379629629629629 0.5353422619047619 0.06415343915343916 0.14260912698412698
5 0.8983134920634921 0.5354662698412699 0.0625 0.14186507936507936
5 0.03373015873015873 0.714781746031746 0.061507936507936505 0.12251984126984126
5 0.11574074074074074 0.722718253968254 0.05952380952380952 0.12698412698412698
5 0.18700396825396826 0.7162698412698413 0.05324074074074074 0.14037698412698413
5 0.23974867724867724 0.7157738095238095 0.05026455026455026 0.14484126984126985
5 0.29150132275132273 0.7156498015873016 0.054563492063492064 0.14657738095238096
5 0.3439153439153439 0.7151537698412699 0.051587301587301584 0.1440972222222222
5 0.39632936507936506 0.7156498015873016 0.05853174603174603 0.15104166666666666
5 0.44742063492063494 0.7154017857142857 0.05026455026455026 0.14756944444444445
5 0.49950396825396826 0.7162698412698413 0.05720899470899471 0.14682539682539683
5 0.5553902116402116 0.7171378968253969 0.05654761904761905 0.15004960317460317
5 0.6086309523809523 0.7180059523809523 0.054563492063492064 0.15426587301587302
5 0.6641865079365079 0.7155257936507936 0.05787037037037037 0.14682539682539683
5 0.7222222222222222 0.7176339285714286 0.06283068783068783 0.1535218253968254
5 0.7829034391534392 0.7224702380952381 0.06646825396825397 0.15426587301587302
5 0.8392857142857143 0.7176339285714286 0.06547619047619048 0.15252976190476192
5 0.019345238095238096 0.9000496031746031 0.03869047619047619 0.13045634920634921
5 0.06779100529100529 0.9017857142857143 0.06481481481481481 0.13194444444444445
5 0.673941798941799 0.8934771825396826 0.05952380952380952 0.13268849206349206
5 0.7938161375661376 0.8934771825396826 0.05787037037037037 0.12822420634920634
5 0.8492063492063492 0.8929811507936508 0.062169312169312166 0.12276785714285714
5 0.968584656084656 0.8931051587301587 0.057539682539682536 0.12351190476190477
6 0.18568121693121692 0.884796626984127 0.05720899470899471 0.12276785714285714
6 0.24057539682539683 0.8843005952380952 0.04927248677248677 0.12425595238095238
6 0.28951719576719576 0.8857886904761905 0.054563492063492064 0.12475198412698413
6 0.3429232804232804 0.8862847222222222 0.056878306878306875 0.12723214285714285
6 0.3968253968253968 0.8876488095238095 0.056878306878306875 0.12351190476190477
6 0.4892526455026455 0.8851686507936508 0.05125661375661376 0.11755952380952381
6 0.6134259259259259 0.8948412698412699 0.06415343915343916 0.12946428571428573
