5 0.22569444444444445 0.4724702380952381 0.07506613756613757 0.18898809523809523
5 0.3029100529100529 0.4730902777777778 0.07671957671957672 0.18328373015873015
5 0.376984126984127 0.47358630952380953 0.0701058201058201 0.1783234126984127
5 0.45006613756613756 0.47532242063492064 0.0787037037037037 0.17881944444444445
5 0.6742724867724867 0.4748263888888889 0.062169312169312166 0.16741071428571427
5 0.7395833333333334 0.47172619047619047 0.07771164021164022 0.16319444444444445
5 0.8171296296296297 0.4742063492063492 0.09325396825396826 0.1661706349206349
5 0.23528439153439154 0.8697916666666666 0.06911375661375661 0.12996031746031747
5 0.29910714285714285 0.8635912698412699 0.06183862433862434 0.12648809523809523
5 0.361276455026455 0.8606150793650794 0.06117724867724868 0.125
5 0.42427248677248675 0.8591269841269841 0.06283068783068783 0.12946428571428573
5 0.484292328042328 0.8501984126984127 0.05787037037037037 0.12202380952380952
5 0.5436507936507936 0.8485863095238095 0.056216931216931214 0.12078373015873016
5 0.6049933862433863 0.8384176587301587 0.06117724867724868 0.11879960317460317
5 0.6620370370370371 0.831969246031746 0.056216931216931214 0.11780753968253968
5 0.7199074074074074 0.8324652777777778 0.06018518518518518 0.11780753968253968
5 0.7757936507936508 0.8289930555555556 0.05423280423280423 0.11631944444444445
5 0.8268849206349206 0.8227926587301587 0.060515873015873016 0.11731150793650794
5 0.9206349206349206 0.8152281746031746 0.06415343915343916 0.11458333333333333
5 0.9718915343915344 0.8128720238095238 0.046296296296296294 0.11532738095238096
6 0.7941468253968254 0.2517361111111111 0.09953703703703703 0.21180555555555555
6 0.9601521164021164 0.2586805555555556 0.06977513227513228 0.20089285714285715
6 0.8708664021164021 0.2517361111111111 0.08498677248677249 0.20734126984126985
6 0.22354497354497355 0.6723710317460317 0.0667989417989418 0.12698412698412698
6 0.2896825396825397 0.6742311507936508 0.06812169312169312 0.12624007936507936
6 0.3559854497354497 0.6705109126984127 0.0625 0.12375992063492064
6 0.4191468253968254 0.6676587301587301 0.06382275132275132 0.1259920634920635
6 0.48048941798941797 0.6655505952380952 0.061507936507936505 0.12078373015873016
6 0.5411706349206349 0.6628224206349206 0.06183862433862434 0.12177579365079365
6 0.5993716931216931 0.6589781746031746 0.060515873015873016 0.11805555555555555
6 0.656084656084656 0.6576140873015873 0.06349206349206349 0.11879960317460317
6 0.8647486772486772 0.6494295634920635 0.057539682539682536 0.11284722222222222
6 0.923941798941799 0.6462053571428571 0.0582010582010582 0.11086309523809523
6 0.96875 0.6443452380952381 0.04662698412698413 0.10714285714285714
6 0.082010582010582 0.8639632936507936 0.10515873015873016 0.16641865079365079
6 0.1593915343915344 0.8551587301587301 0.08333333333333333 0.15376984126984128
6 0.072255291005291 0.697296626984127 0.07506613756613757 0.1267361111111111
6 0.1474867724867725 0.6961805555555556 0.07407407407407407 0.12996031746031747
6 0.11789021164021164 0.4921875 0.11276455026455026 0.18030753968253968
6 0.12450396825396826 0.23834325396825398 0.08498677248677249 0.2113095238095238
